-3.615579395805587626e-01
-2.138175001876973180e+00
-8.596549708975503856e-01
-9.070687005975343054e-01
1.455193073647332414e+00
-1.021860740124549860e+00
5.599556758270410883e-01
1.000484861527438429e+00
-1.317672019709329456e+00
1.863694473422154718e-01
-2.089668674944971105e+00
-9.405636808214095090e-01
2.863540726066228781e-01
2.559530872231051413e-02
-5.860674238008637404e-01
3.975688848267799891e-01
-6.920475895843843928e-01
1.774782349905748235e+00
-1.970819870253683881e+00
-7.904101073996488980e-01
4.860005381195664498e-02
-4.248634393828835676e-01
8.508907781861525521e-01
1.661383263035625113e+00
-4.149924343901243429e-01
6.405721605158372078e-01
-5.702854367378860090e-01
-4.169822933490535122e-01
1.027002637298657151e+00
1.334058044625880957e+00
-8.193010268764790993e-01
2.368899812375106162e+00
-5.392878401877461148e-01
1.455831474453030683e-01
7.925629307139425705e-01
-9.481550979025379355e-01
-1.043388217806365370e+00
-1.571604799383998774e-01
-5.131772846380032727e-01
-1.179017152505597243e+00
-4.466255297664420421e-01
7.403232026108386155e-01
-4.494415494606855410e-01
1.522585274663101673e+00
-9.025510746137536955e-02
1.340614206717660739e+00
-1.657414681198985829e+00
1.038003015199924883e+00
-9.249125415328486310e-01
6.979793374375961035e-01
-6.123137011993783352e-01
-1.956548370283258231e+00
1.076602110983364974e-01
4.852851183771618171e-01
-1.139894529534206891e+00
1.026094601710027865e+00
2.495191903956543555e+00
-1.178249600552821325e-01
7.480237188202905063e-01
7.860783326540137228e-01
-1.371819649769628446e+00
-3.090761172085700337e-01
-1.004919403712226211e+00
-1.652814040140917262e+00
-7.272314429645778677e-01
2.043547219707253504e-01
-2.583167476322947853e-01
4.220781117734267451e-01
1.105324690333010507e+00
8.409373970558379208e-01
2.042564666875431811e+00
1.547917752456100526e-01
4.471926209547142372e-01
3.412568246549839701e-01
-1.110034024636104427e-01
7.338045876234680076e-01
-1.265616686885913555e+00
1.169084089857026276e+00
8.497604959120979018e-01
-1.072213218511774979e+00
-8.330634929437061298e-02
-1.979084826897247185e+00
-9.575916044369495728e-01
-2.581580908682563642e-03
-2.688532053913171294e-01
-1.396211809014990424e+00
5.977386607475999591e-01
-4.000052728236926924e-01
-1.612307684841641997e+00
-1.395874375337276430e+00
5.147232646090700303e-01
1.016955689654889472e+00
-1.091659813978058224e+00
4.817767841407420981e-01
5.972930201954864682e-01
-3.906936300139991769e-02
7.515001165813681161e-02
4.573004637801119515e-02
4.492727230893391321e-01
6.667807677576229608e-01
-7.500870787701273690e-01
-4.373072254080926508e-02
-1.081973518278215585e-01
6.793027710514502882e-02
-1.091051842580531783e+00
1.656972105429408648e+00
1.198434162102322453e+00
3.716643397352960232e+00
4.590263091976810872e-02
-2.578881689580131420e-01
5.569422009604076962e-01
8.232153621331322890e-01
-5.457174387199131838e-01
-2.172459952923768978e-01
1.864013136044716159e-03
1.145964035215514265e+00
7.637123622062341743e-01
2.680132697591476598e-02
-4.234521561066958428e-01
-1.125492625105402711e+00
-7.186099623092664368e-01
9.270181154391612943e-02
-1.058693171270159938e+00
-3.481626169215466526e-01
-2.363141804016631320e-01
-9.069283925063266194e-01
-9.368687403775104450e-01
1.169653916440374308e+00
8.854701481531982443e-01
-6.891011385774791220e-01
8.422707772011164273e-01
1.731650997986610818e+00
-2.289041662054549509e+00
9.638257808458242093e-02
-6.086190933105204426e-01
1.362851319339359213e+00
1.207783126428884496e-01
-2.188975516871377591e-01
7.960500690912207800e-01
2.518826727675913535e-01
1.511150711171653116e+00
2.417111766212404422e+00
3.226639414272594597e-02
-7.028932767482278798e-01
-2.811853916490806293e-01
3.731037067408631835e-01
7.180066173807779784e-01
-4.398984400210326218e-01
9.122799224615184555e-01
-2.981946279671773836e-01
2.977389529067966834e+00
2.665732818961089046e-01
-2.586073544157195814e-01
5.313433034022101431e-01
-1.309185145281373863e+00
9.341726742794077554e-01
1.301572968349526738e+00
1.188334031041992311e+00
-6.843057717737105472e-01
-3.664464957006804968e-01
1.057836653815573680e+00
-6.603721482398787757e-01
-3.309518218732254158e-01
-4.160391913720623003e-01
1.001662086182481426e+00
4.748103340950641793e-01
1.881686205608503082e+00
8.622467560064400738e-01
-9.761694316269693417e-01
3.656340609864302538e-01
-1.090861864566119666e+00
-1.090109934046105122e+00
-4.624815568394053944e-01
-3.112807206229218915e-01
8.934950193429449516e-01
-4.933620703642619398e-01
-8.055876516933559994e-01
1.504581786185963610e+00
-1.444095937731300627e-01
3.769583791377420501e-01
8.145800087116586430e-03
4.875812271489706751e-01
-3.819337285586207886e-01
1.308622076607880436e+00
1.861042476641881771e-01
-8.259092674473865747e-01
-1.487798771200407488e+00
-1.919931329117437468e-01
-1.282533901481402339e+00
-3.683445166982370067e-02
1.031701940427236508e+00
1.195501979240514018e-01
4.644974851606829547e-01
-7.364252492312025611e-01
2.447645630166009223e+00
9.556499006671420604e-01
-8.780496855854479088e-02
-1.766942876972424692e+00
-5.640554216714452895e-01
-1.610318001157112544e+00
1.065152312783097521e+00
-1.425001369540175034e-01
-4.740526271146515702e-01
4.923387155811715932e-01
1.307054042543430272e+00
1.046070327577119263e+00
-6.592125561356003693e-01
2.308151785520902166e+00
-3.654193984211434043e-01
1.454727747296316598e-01
-2.550022873287154934e-01
-7.084022979053322677e-01
-7.631942949501897555e-01
-4.601679353617912915e-01
-2.146026930692555457e+00
-1.559437137787107019e+00
1.805749224292354738e+00
1.049697032586895951e+00
-2.117728943569554823e-01
-8.028887802098322313e-01
-1.185068809984659577e+00
-3.016776872209965821e-01
-1.733134710934986167e+00
1.494494095259114141e+00
-1.027837768109125971e+00
9.500331801316604929e-01
2.323159842502458883e+00
-1.012747461488201495e+00
1.350019194939688472e+00
-4.133659520441365642e-01
1.137123227914465406e+00
8.042874670209264609e-01
2.883516777507198481e-01
-4.352982861231139422e-01
-4.143428680588124302e-01
-2.292288445642205463e-01
1.194803487788407503e+00
5.515859891307438589e-01
-5.545525453243091984e-01
1.153862327773055307e+00
2.253399840105947405e+00
-2.181322230508542237e+00
1.057120455750319321e+00
1.315201934064244460e+00
-8.238590689918096066e-01
-1.856523688985332488e+00
1.603571796821184892e+00
1.749514682013136313e-01
-1.752792092479829311e-01
1.465039661921259784e+00
2.787193937073437766e-01
1.073256829889209563e+00
3.579253387865580227e-01
1.022894943733925865e+00
-2.366366256421988945e-01
9.851702867056041368e-01
1.315739492842410430e+00
3.795584734633315471e-01
-4.017512853566844178e-01
-7.581012268334664794e-01
5.803466460231010426e-01
2.839453212617598643e-02
1.262119278492894070e+00
1.101026779744375350e+00
-7.417037067423214447e-01
6.242572932372080219e-01
-7.260023893236323689e-01
2.894570566844413828e-01
2.861257340637154978e-01
-1.504553064851613942e-01
-9.515802178536365563e-01
-3.398871954066363665e-01
1.611766904499793762e+00
-4.322564509333510774e-01
6.364017790466492963e-01
-1.367633149570466999e+00
2.813916998868981612e-01
-3.634221803004583085e-01
7.079199279871657424e-01
-1.909313751212996069e+00
-2.654143772408577018e-01
2.078978607526935196e+00
4.187327998637343507e-01
-1.359836491721193141e+00
5.968499475552487832e-01
-1.042455515157210133e+00
-4.513002910431843095e-01
5.716791941269432353e-01
6.563774966448653048e-02
2.513865325272749640e+00
-8.247757559931188087e-01
-5.570753931698038119e-01
-2.799062239234927918e-01
8.447707381007807381e-01
7.191268039652107813e-01
1.699074248841917267e+00
-6.337859655011663929e-01
-7.148683269396898243e-01
2.694782676335537031e-01
-1.748947060094964145e-01
5.137933938487762031e-01
-3.132299752771698365e-01
9.662432108057251723e-01
9.072055903777680452e-01
1.561896062556560771e+00
-8.084481549270230993e-03
-1.397720233582535609e+00
5.045758855463508552e-02
3.725502341765002945e-01
-2.548792574596720276e-02
5.348790180467362376e-03
1.270894513527122793e+00
1.297161286833305338e+00
1.048265734326214060e+00
-4.935351341909399725e-02
-6.839086925093600389e-01
3.877365313428953741e-01
-1.781157541696068991e-01
8.198730398128400987e-01
1.013290615645837667e+00
1.278534805618969594e+00
-8.862385214612413797e-01
9.746792669900997130e-02
-5.497518896897639340e-02
5.352803913055249191e-02
8.823583409662483223e-01
-3.224738424915804536e-01
-7.282487216059575774e-02
-6.429748062116875662e-01
-5.085889635085767413e-01
4.383371938873277252e-01
1.318155015601141455e+00
3.968110887131086617e-01
-1.972666094703817707e-01
2.404119151745004110e-02
-1.643309676876742120e+00
-1.544246604944471635e+00
-8.154088400825009186e-01
1.774289559057900201e+00
-2.519056487597079563e+00
-3.018711133854957485e+00
3.847051039225782287e-01
3.480778066619568123e-01
-1.628625316289874225e-01
1.557472680558555089e-01
4.276295963871344918e-01
-1.589760363873921056e+00
-1.661118770225354369e-01
1.847292897536741973e+00
-6.322847831467921509e-01
1.171867319541837205e+00
-7.007300140431373947e-01
-5.914981084495616326e-01
-5.180848479499252646e-01
2.169038275590110809e-01
-7.794277369859358151e-01
3.530145443990509446e-01
6.716399026620549773e-01
1.910769480366255380e+00
-1.305440199455809580e+00
-1.907993655040891301e-01
-1.456937259675040064e+00
-1.143077043489503009e+00
4.706772939179273973e-01
-2.013227687160264789e+00
-4.416366522471406042e-01
5.035387438669862714e-01
6.570552255444626066e-01
1.177815982768607439e+00
1.053417133412627160e-01
1.511377268532448914e+00
7.995853204597368480e-01
9.853375154690294790e-01
5.852574356068164507e-02
-8.352313256832901711e-01
-3.952134463246896323e-01
2.399596158787341338e+00
-2.262199389362192781e-01
-2.320456232815235054e-01
-8.767824722175708851e-01
-1.171267440940648719e+00
-5.231954467012981391e-01
-2.302506631928641134e+00
-2.096660905199806690e-01
7.194529873428312516e-01
-3.648328956779771648e-01
-2.818363084654876838e-01
-1.427244769588824402e+00
1.746257051331364440e+00
6.548908224471634842e-02
8.606738839059510093e-01
6.536428259157006648e-01
4.656866081343424835e-01
2.945502840690008006e-01
7.432151192732007194e-01
1.397088488411886986e-01
5.168596794028370578e-01
6.904832344416731438e-01
-6.536058899442120929e-01
-6.811976497378829931e-01
3.279220718260010825e-01
-5.902857825223628563e-01
-8.336534859965533117e-01
3.138060648722455492e-01
1.385311077989836326e+00
-1.967844871461854384e+00
1.365151688393174689e+00
8.160732151972134585e-02
1.064835155290103641e+00
-6.726521807668304209e-01
-3.199824833850220540e-01
-7.279246516616800777e-01
-3.553191590744220751e-01
-1.182922617804078869e-01
-5.570762341382808902e-01
-1.404841741813821265e+00
2.764185379789992902e-01
-5.140947355172909017e-01
-1.256950642821582087e-01
-3.018561094750283336e-01
1.328173301622938007e+00
3.956974995424851205e-01
-6.123184089843309863e-01
1.032349910110878621e+00
2.644329673482956333e-01
-2.219782634931909138e-01
1.439521972767478175e+00
-2.024843537814126293e+00
7.007891639889267665e-01
1.248919912241838848e+00
2.898655918717377711e-01
-2.242220099829268093e-02
-2.620875754274982317e+00
1.706226649798831208e+00
4.104325256266933564e-01
1.325071484761419338e+00
-1.257743378429785119e+00
1.263571102697022275e-01
-1.000458271933085008e+00
-1.638560207960759463e-01
-7.508149090370449530e-01
6.933142592586790665e-01
-5.462195040843606519e-02
4.137888733953662412e-01
-4.072790572875841231e-01
-2.100499047488323667e-01
9.259457621600697408e-01
-1.491509210751241099e+00
-6.489149529741686795e-01
2.590664246648785585e-01
-8.741110814931318806e-01
8.881641006900379276e-01
-1.546778529081632436e-01
1.208897771236124186e+00
1.844863018897353157e+00
-8.953286507718613563e-02
-8.915370349107847314e-01
-2.888635211318655444e-02
-1.128714302706888217e+00
1.416969356948757364e+00
-9.158402878204912057e-01
1.231004191792551161e+00
-1.070350975285220718e+00
-3.322028887122106117e-02
3.984993883590762787e-01
-2.170065921324553990e-02
-1.193534943912433421e+00
-7.116766756994938881e-01
-5.968872943694363171e-03
-1.160996928946272044e+00
1.477656590490528943e-01
-1.968244916141476397e-01
-7.341860082736849646e-01
-4.285485317090025337e-01
2.353614455568430186e-01
9.180865021490253186e-01
-5.570866798029173728e-01
2.651124380667234659e-01
-6.119534407958490130e-01
9.195320790900884944e-01
7.533484636163376713e-01
-4.896234671236141534e-01
1.469539112798520675e+00
-9.357716285205740503e-01
6.406459906209118760e-01
-1.136961007491923192e+00
2.400314750334755221e-01
4.613433275747150231e-01
-2.108735180143804233e-01
1.497805061882968303e-01
-2.353449359815357467e-01
-7.414634181633810162e-01
-1.240986998973639732e+00
4.469053641941166388e-01
-1.054365952089750591e+00
-6.760025534740236042e-01
5.460346741557502437e-01
1.817170432170551186e-01
-9.603314373493812561e-02
4.088883755962557931e-01
6.242598849391084448e-01
-5.271966807091498231e-01
-5.141549990608020870e-01
-2.452417312952694106e-01
8.137029342340666993e-01
2.538190740158142944e+00
1.450702045694854281e+00
-1.949507819957771337e+00
-5.315176530409693179e-01
-1.293721341005767522e+00
9.733139406243587199e-01
-1.344307167090391664e+00
-1.095035024775714350e+00
1.091370632414109254e+00
3.178882737858602092e-01
-1.193546504573143180e-01
2.167828271812718199e+00
5.586590581568811054e-01
2.111446620783289096e-01
-1.645821270855873930e+00
-1.209906132051792871e-01
1.876289746329077746e+00
-8.986207309625258988e-02
1.388426298161103967e+00
-4.709426089772553170e-01
-8.993225840031169316e-01
-3.007125454105276097e-01
-3.995497935585286958e-02
-9.676967422590216916e-01
4.943552093142135617e-01
1.172987759265318619e+00
-2.589504926389752867e-02
1.253621871275439448e+00
6.898295805072034437e-01
1.138845494103635891e+00
7.428378812568726675e-01
7.854180090830114036e-01
9.235560651947194444e-01
-5.088454509388002922e-01
2.719619214735654378e+00
-2.908266569614765262e-01
6.519162916656845441e-01
-1.292496478578139874e+00
-6.378512439364126818e-01
6.083299733215130622e-01
4.380868857724383725e-01
-2.346310424408757367e+00
-6.357384955400678661e-02
5.881150613494300350e-01
8.468729566022473731e-01
-1.593992102113163389e-01
-7.634279004844186645e-01
2.087201184014025879e-01
8.567562003734633391e-01
-3.950521469601298019e-01
-6.318686774709063592e-01
-1.254303259789609770e+00
-3.663794452995343676e-01
1.309142784372406165e+00
8.825285217889391465e-01
1.032764480981147370e+00
-1.496006027404657823e+00
1.000000000000000000e+00
-1.027837768109125971e+00
1.000000000000000000e+00
2.764185379789992902e-01
5.619188584460879099e-01
-4.092710362463284346e-01
1.000000000000000000e+00
2.518826727675913535e-01
1.000000000000000000e+00
3.226639414272594597e-02
1.583166388523222112e+00
1.000000000000000000e+00
-3.018711133854957485e+00
1.000000000000000000e+00
-5.141549990608020870e-01
1.000000000000000000e+00
1.511150711171653116e+00
1.000000000000000000e+00
5.592927819158887148e-01
3.577093011241491149e-01
1.000000000000000000e+00
-2.219782634931909138e-01
