8.727873619566886010e-01
9.972050637782605698e-01
3.834182491824302819e-01
6.103165320978738428e-01
7.116181390778413274e-01
2.113320174164368126e-02
-3.449554612897398620e-02
1.805708715173959256e-01
9.125228642182079408e-01
4.674494148845285135e-01
-8.482474367740102661e-01
-3.771127270200425041e-01
-6.485541471631088850e-01
9.892459938362818672e-01
-6.742232325785597613e-01
8.356235122583521857e-01
-1.821175945462619739e-01
-1.607971949109108234e-01
-6.668133623018015488e-01
-2.599092370773361527e-01
1.107512649879441646e+00
-6.604096668340839749e-01
2.121467017355473050e+00
-7.224069228723268843e-01
-6.846856084024752764e-01
-5.642209631857028063e-01
1.968568563946822003e-01
-6.290037651923034989e-01
-4.879505228957463636e-01
-9.211719322552713862e-03
-4.446656878669723589e-01
-1.199537882332063488e-01
1.029051982016653266e-01
-6.318687112061041056e-01
7.471318487436318101e-02
3.378294620635373668e-01
4.965922452655235908e-02
-7.905800920405825494e-01
-8.039176502304190564e-02
-2.257177362993696423e-01
1.494965699923081592e+00
4.648342039871780074e-01
2.529544414384266027e-01
-2.418470715952605321e-01
2.322950816669544505e-01
3.083614640972176524e-02
6.554878572690261418e-01
7.903284629127993455e-02
3.757885639703857361e-01
-8.398132261505524276e-01
2.956250153121020574e-01
-7.212981557367605934e-01
-6.207843922807174675e-01
3.117002428300812422e-01
-6.388013851906837459e-01
-9.959879370327626713e-01
-2.196389269853882276e-01
-9.902114384198275054e-01
-8.272373996339119628e-01
5.036711075680104788e-01
-3.151327574222964056e-01
-5.747081139130512106e-01
8.671872634401798230e-01
8.042216408665945337e-01
-9.729360680890120072e-01
-8.776979572944703101e-01
6.507943740216350914e-01
8.961761790598878896e-01
8.828174215289759097e-01
7.551640005815112300e-01
5.175624282997843828e-01
3.283547689660870628e-01
-7.181562341201443989e-01
-4.688767509470455064e-01
-7.869449906258023653e-01
1.299043151103624893e-01
5.900132464495844165e-01
6.225026735060668059e-02
5.597119127925931359e-01
5.305762122207875464e-01
2.861835987752270327e-01
1.799508073284261656e-02
-2.438911718487037916e-01
3.711909990130140002e-01
9.100569188572256163e-01
4.895305014136708266e-03
2.117737817474418804e-02
2.023752347418195097e-01
-3.838888823176900278e-01
-4.622535733590062978e-01
9.561816693267579659e-01
-1.491249319708369825e-01
-3.410176609976309781e-01
9.164065444792959259e-01
-9.233163635359038501e-01
8.444301108934866296e-01
2.071277112430229828e-01
1.352292295855039850e-01
2.868788338522947345e-01
7.143248933471268991e-01
-1.109878490505433746e-02
-1.495360325537482549e-01
1.080543302881631362e-01
-8.132187326794717563e-01
-7.916273793877655063e-01
2.528699431746290749e-01
2.585318148922186587e-01
4.864850970430083521e-01
4.526018305632879546e-01
-5.604351805700911182e-01
3.203990494343695872e-01
3.621983849420384871e-01
8.775808116976659967e-01
-8.858823440455247944e-01
-6.857351355836371898e-01
7.111896527189036643e-01
-1.744342897080142230e-02
-8.062027763226877752e-01
2.197640414422763477e-02
9.225670108159591543e-01
3.292503671440267787e-01
7.612269669404785333e-01
-3.307409457569132627e-04
1.112051506695554970e-01
3.422338135022986449e-01
3.597560035736080408e-01
4.169332523465236751e-01
3.751471592548687450e-01
8.637373064264506350e-01
6.731605452927345024e-01
-9.513088695505598213e-01
8.705783294202840139e-02
-3.465306018594687121e-01
-1.559253756936493485e+00
2.062636515212536104e+00
-9.782624332335880801e-01
-6.003139606536469497e-01
8.793560958679691453e-02
-1.491263397361549448e+00
-3.228022276812241298e-01
-1.245335607075759299e-01
-6.207189919953526314e-02
7.019680623470805347e-01
6.628516498378811406e-01
-5.332965119055490533e-01
-1.575544476424428630e-01
1.872969606160295175e-01
1.730415112590786286e-01
1.580441796922992026e+00
-5.035201636014312587e-01
2.854672841377672299e-01
-5.307291173757999747e-01
1.742732829654125570e-01
2.387946864184172568e+00
1.338247744694398556e-01
1.868950320769682261e-01
5.765028475620965764e-01
1.086194588219628887e-01
4.403788089915972037e-02
-1.385400179314171476e+00
-1.792285770211275775e+00
-4.362146494310434885e-01
1.601308542121899992e+00
-6.421059797284309756e-01
-2.946943859458737158e-01
-1.365417427582782395e-01
-9.730913438315804687e-01
1.247636619501999444e-01
5.851289031003108487e-01
-9.108460751241034270e-01
9.309228907580489043e-01
8.826867469082673168e-01
-8.716932914319719394e-02
-3.736259886895579863e-01
8.476724622897429118e-01
7.527718602660837810e-02
-3.761931229543380439e-01
-8.435307799304057053e-01
8.725472152648077184e-01
-7.171978491797095234e-01
-2.806733119523530107e-01
-6.456500868018102413e-01
4.088687788511833343e-01
4.845732378833898513e-01
1.682555821548021191e+00
4.272568456359062683e-01
9.498918366335318275e-01
-5.681855250759357823e-01
-8.600898735514999061e-01
5.510550721754499115e-01
-5.688094982718094883e-02
-7.867758823410391233e-01
-1.821068359997448649e-01
3.771510757052440876e-01
5.980795381310639591e-01
5.826759818518809642e-01
-9.777924076465531744e-01
-1.167787836093934217e-01
8.617832450438298597e-01
-3.062845344318688712e-01
-5.659418247481109443e-01
7.320294655116017513e-01
3.669504576114870353e-01
9.695439990004295350e-01
-8.810516870404039302e-01
-6.845512633885071363e-01
-8.448380378611355379e-01
-5.280148689275443452e-01
-1.098141746133655783e+00
-7.667075225376775993e-01
-6.864443763373575536e-01
3.794786932360725284e-01
8.013376721781539924e-01
-2.419882614109321040e-01
5.825451673201984537e-01
-7.749109707602015451e-01
-8.978233947111888824e-01
7.584227435930301908e-01
9.194173762110671166e-01
-7.558194788420515842e-01
8.382053546587262538e-01
1.489073636986568694e-01
-3.425779052726674045e-02
-8.989523826832379605e-02
6.364042956336481982e-01
5.501195097430562342e-01
-5.327333101087410316e-01
-1.783338171704096364e-01
-2.860767061887512508e-01
2.979691676175000303e-01
-6.791731691273683591e-01
-5.574082555207280354e-01
-3.757467026472312011e-01
8.573553686998247603e-01
-1.480981811778796509e-01
3.405670757504515311e-01
-7.499790323131636516e-01
-4.239570230885365554e-01
6.490610952891748830e-01
-4.973444074734014730e-01
6.451199454321139282e-01
3.546152734462519884e-01
2.241231359719031424e-02
-9.791247317953217788e-01
8.864568598192901216e-01
-2.838960147749693963e-01
-3.157068650436478663e-02
1.579086684312573929e-01
7.236417669122781060e-01
2.009419337607694089e-01
-1.299959061329040599e+00
3.130938308824955385e-01
3.680685503537601821e-01
-1.017591332345271216e-01
5.717449181961982152e-01
-2.217280820269627029e-01
-9.129713041085625314e-01
9.621929749090124551e-01
6.287551099370147778e-01
-5.503646813719611508e-01
-5.712566718939764421e-01
7.518306222717194842e-01
6.875171192150264510e-01
6.186877982019662880e-01
-3.657156554166158813e-01
