3.882535674441421614e-02
-4.118077510613039893e-02
-5.114671752051600517e-01
1.215340629297477104e+00
-2.990274473654921938e-01
1.509834466648046103e+00
-1.966041147249261600e+00
6.446804847906383307e-01
-9.189817785884543122e-01
1.780447719475485080e+00
2.417440194337799886e-01
-1.320723539384727196e+00
6.251216818136358100e-01
9.944631085406236970e-01
2.277941988472363677e-01
-2.849051767453346651e-01
-3.574265081951876755e-01
-3.398906108433547568e-01
-6.429513612501127628e-01
1.156909200712747054e+00
6.954540307480737704e-01
-2.403766982375833638e+00
3.348167372568815470e-01
6.206043621441503788e-03
1.386639523827317255e+00
-1.634921665806134294e+00
-2.511420927219636390e-01
5.861318304262588263e-01
1.106226902533240963e+00
-7.807275974531420193e-01
2.001486724223406455e+00
6.134687577582782492e-01
6.735390966347326591e-01
-7.697495429679064305e-01
1.017436933649466857e+00
-6.839347590489452955e-01
-1.355947642825144905e+00
-3.730017020735765687e+00
-1.442976569052637492e+00
-6.263889084795082329e-01
6.669484656540742851e-01
-1.698240644277245970e+00
-1.791497474296729342e+00
-6.419849588401038698e-01
-9.663347455561962507e-01
-1.542550401173705232e+00
3.139567715289956595e+00
1.321046438396378697e+00
2.383379199109522339e+00
-9.652518440075537054e-01
-6.642485263276518559e-01
9.337083149085656508e-02
-1.274688959819404221e+00
4.241361533282088647e-01
-1.328860918571669103e+00
-1.646597764296431343e+00
2.742674273944726515e+00
-4.681583914627225340e-01
8.043758022201775715e-01
-1.255755444243180419e+00
-1.462751174498003737e+00
1.664293678265118759e+00
5.951410963797472142e-01
2.044425826691657733e+00
-5.684152130553858928e-01
5.777704735626438826e-01
-1.904689204368658295e+00
8.770063055876112790e-01
-7.633486402819440464e-01
1.385798983825830888e+00
1.770287954117348572e-02
2.354194968107375718e+00
1.317695690830153810e+00
-8.220946182550145642e-02
1.558528743331503152e-01
1.722877038767202329e+00
1.166338492298604423e+00
4.003311365159860635e+00
3.414187682509868260e-01
-1.040588194666470345e+00
-9.117872517338590499e-02
2.110071737121794189e-01
2.097657529714406444e+00
1.513160210074071754e+00
3.635086320237592705e-01
3.706351333419422023e-01
-7.408104821023840936e-01
-9.596863840666876033e-01
3.717563818860576963e-01
2.465785797200275908e+00
1.383785523456585675e+00
-4.525374264153825266e-02
-7.863882373409020188e-01
3.721206571973690869e-01
4.195013501170686276e-01
1.999750993230437590e+00
1.452698298244702535e+00
4.252128869644444809e-01
-5.864341695600482351e-01
-1.415402590891992052e+00
2.808926453953406455e-01
5.351772452325679330e-01
-1.091215300960302725e+00
1.170149529658875975e+00
7.366506130089245374e-01
-1.247803381555540048e+00
-1.558715697026493929e+00
-3.235689812329914927e-01
-5.092726618689595863e-01
-2.134107745365381170e-01
-7.777663435965134209e-01
-3.491173673098005859e-01
1.824426730628734505e+00
2.927496629408896101e-01
1.860647380386563965e+00
2.266345335676894779e-01
-7.578008614895941353e-01
4.050394714766784587e-01
-7.477867974382952365e-01
-7.543109679205387552e-01
2.277866871085729716e-01
1.404975412127751566e+00
8.989410015444510016e-01
-4.061841607518231756e-01
-5.924925185957573559e-01
-6.285606175577400645e-01
1.222398415359264856e+00
-1.040425348698516217e+00
-4.204341105944614521e-01
-6.641533308907165978e-01
-1.816757708651131731e+00
-3.444579588553466354e-01
-2.668536370743572750e+00
8.934164405654847485e-01
8.889534890693044922e-01
2.917024320900039047e-01
-1.051779050009096883e+00
9.915589358852340274e-01
-5.976933233251249256e-01
-3.351442907545895133e-01
-5.100921100075550552e-01
6.103748082654104623e-01
1.963096178281552362e+00
1.632637024386068614e+00
2.633050952491984842e-01
8.032484476365104875e-01
6.873640368672276901e-01
1.818258800335237790e+00
9.597755781248971108e-01
2.656974869316808263e+00
-1.687807388141769338e-01
1.223374263731267231e+00
8.836952339842962800e-01
-5.800301434456235361e-01
-6.967728702480149305e-01
-1.267897885742259145e+00
4.676890754403867922e-01
-1.098042574587739795e+00
-3.531306954052976788e-01
3.472433383534029860e-01
8.917600619409613572e-01
4.607109441593850718e-01
-1.788957005341045736e+00
1.263674565263267935e+00
1.329795703536672757e+00
-1.229552013381788766e+00
-6.669793388226068487e-01
1.598293002593820678e+00
-8.605049974093901266e-01
7.103025491904803035e-01
5.854012211041875746e-01
1.416425857583978098e+00
5.110770302107486840e-01
-6.508743243371085674e-01
1.351852032549817562e+00
-9.451546067243526972e-02
-1.067936611022012316e+00
1.744593433280990480e+00
8.409490634478196114e-01
-1.457842845673096743e+00
2.643572055267355392e+00
5.358146129246623701e-01
4.948660962172893307e-01
1.469610855559581708e+00
-2.522467241597384113e+00
-1.032728113493732724e+00
-3.118198315306226487e-01
-2.269223038565391093e+00
9.648228168828425488e-01
-7.457570553557296700e-01
-8.153787292584027124e-01
-2.264814413763609480e+00
-3.492073028229075726e-02
8.481993733921026069e-01
-2.571795421972381757e+00
4.026254549103662206e-01
-3.131455780769144548e-01
-1.232861672662006303e+00
-1.143293038720946342e+00
2.811912533389834823e-01
-3.832014649942936835e+00
-2.116393996995503457e+00
8.060671662209376587e-01
-2.274907017053773850e-01
-9.823570157579892825e-01
-1.764892036259189334e+00
-8.583618743691547870e-01
6.252099093756227077e-01
-1.148769923184653097e+00
3.874082985089251085e-01
-1.880821287771433203e+00
5.587657365435697576e-01
1.986342133137071198e+00
1.584850832843927027e-01
-5.762142569642726420e-01
5.092145790547254469e-01
2.591716969620265765e-01
9.455099347956055222e-01
2.455940145386049878e+00
2.327104827799859166e+00
-6.583420383251072927e-01
-5.112641793387244782e-01
3.939678722360039353e-01
1.754350499659365514e+00
-5.671581210545191265e-01
2.969585347375797157e-01
-4.672584028314663573e-03
-8.041992480310212743e-01
1.930794967509052551e+00
1.208746961041172074e+00
-2.143318475364188735e+00
2.571827078277902912e-01
8.826270807036400434e-01
3.833356605685878105e-01
-1.674537912960046837e-01
1.885263162656650726e-01
-7.201805181588634142e-01
1.832491643537211612e+00
2.635960453266130266e+00
-6.344448686158081774e-01
2.452229118235061955e-01
-9.821724805116097690e-01
2.592567554112140460e+00
2.828753216371560075e-01
-1.303510958762059246e+00
-9.920524160308402672e-01
-7.096341911363036603e-01
-7.770031483522679139e-01
-8.293489275088754553e-01
1.089030941333084979e+00
-4.225589311887767430e-02
-1.968901377236699668e+00
3.698714825041578003e+00
1.614956530501087340e+00
7.872689823381093799e-01
-1.636307035522620357e+00
-8.130744558992335502e-01
9.115479767518388510e-01
2.362682005278985198e+00
1.901186101290908814e+00
1.271098963605424625e+00
1.221824069861385809e+00
-1.370610591970702785e+00
9.592319101991528818e-01
1.375183796680673476e+00
