-6.828982787645625496e-01
4.883482693985226608e-01
-4.643238762776779049e-01
-1.649907053921767508e+00
-1.940926348957599856e+00
-8.216693470773539509e-01
-1.672552136115755594e+00
3.946854416239889973e-01
-1.128175278543579463e+00
4.843241272395604202e-03
-1.495572940965715691e+00
5.254645481615534131e-01
-1.294556856992805205e+00
2.832639834336654339e-01
-1.889656900631642156e-01
3.602324508592730234e-01
-9.433694018679742443e-01
5.537966095028411251e-02
1.151433678020690632e+00
-8.691134106729988540e-01
6.521208806915878009e-01
4.994794815897205531e-01
-2.579536127311891081e-01
-7.747666859398227857e-02
1.088703958563473462e+00
-9.030427675983554447e-03
4.703814141415525452e-01
-1.972295104369168994e+00
1.322028648757709091e+00
-2.015718364862932321e-01
-1.898267417645376431e+00
-2.049627896213693123e+00
-3.110125427266813292e-01
-4.073981421295426175e-01
-2.205523378571228044e-01
-6.605888595410622788e-01
-1.357272177258575852e+00
-9.405683997702805055e-01
1.915393037702883827e-03
7.871015740082443202e-01
1.489920524665979240e+00
2.235776683862428893e+00
-7.570893851326002677e-01
9.579350738703380497e-01
-8.276077814519529063e-01
8.976652796795318023e-01
1.623776080877143979e+00
1.874631773341847718e-02
6.358029695709335183e-01
1.911168352564167172e+00
1.891820477465468109e+00
-6.345886608649464744e-02
5.100052377822276162e-01
4.529902303866850666e-02
-1.557114339620945920e+00
6.416591387688594939e-01
-2.444256456455795590e-02
2.777686059088631421e+00
3.840365272034268473e-01
2.946021489646492020e-01
-3.272816132910911779e-01
1.739330134300884900e+00
1.424229900348997546e+00
-4.042892276282526454e-01
-6.909298243431094555e-01
3.381465749279808364e-01
6.781608011301936134e-01
-2.561327934845947230e-01
4.441177797947061801e-01
-4.469642730981032708e-01
6.068440355142681319e-01
-1.068342627385834076e+00
1.893908834755285708e+00
2.012562058336163417e+00
-1.401644631247861872e+00
-6.424879602226734043e-01
-6.716608002474540040e-01
1.404988672272444727e+00
-5.230801913114235813e-01
-4.356923204466195965e-01
2.237236781796563267e-01
1.110301051984941667e+00
-7.848011369795668823e-01
-9.673620653786532131e-01
-3.060711093802948479e+00
-1.639289047935088339e+00
6.063286514650942927e-01
-9.565312262449330305e-01
3.540975759835773840e-01
5.846425741337868409e-02
-3.414134570283072767e-01
1.473892441036039447e+00
-2.707866021725243044e+00
9.383989110746415729e-02
6.945378208772723383e-03
-8.559549489664336486e-02
1.106548469462813600e+00
-1.321426957405577696e+00
8.387004182687932685e-01
-1.281850274456691752e-02
1.109258828506975991e+00
3.086094371147372062e-01
8.653163666938838983e-01
1.583752915520381332e+00
-3.412537851843155945e-02
1.198872878552745824e+00
-1.471227770597845597e+00
5.361113745857794266e-02
1.469742216736996676e+00
1.923334662356632307e+00
9.023413816087404449e-01
-1.278147107660428494e+00
-5.760953316121752987e-01
-4.146549473636461369e-02
8.332119054516005097e-01
8.001749342296445855e-01
6.421774750745592453e-01
4.557580159061449532e-01
-1.263670070054577099e+00
2.996349698730038646e-02
-3.642981735584622349e+00
-8.077210580487419467e-01
5.431853921173288580e-01
-1.187731745235069525e+00
-7.446350672713250018e-01
-3.219109064565025546e-01
-8.504465245911609905e-01
1.483853672569773741e-01
-1.262892346007880584e-01
-2.090300297584146150e-01
-2.833306763605698553e-01
-2.217583431444181130e+00
3.257990870686503282e+00
-4.822569595417108834e-02
1.204122637713108457e+00
2.735658020356862563e-01
-8.019214959384495245e-01
1.141424457457694386e+00
-9.124500195991586127e-01
9.199140998218496845e-01
-3.078572269438218378e-01
-1.385671546287135847e+00
2.376962716317738700e-01
8.851923193147719360e-01
-1.555035007060965313e+00
-9.517456896649619802e-01
-5.984926804171928350e-01
-1.504904672598668336e+00
-8.614128068153125151e-01
-1.537919354233421021e-01
-5.248175569115806072e-01
2.159475211191877186e-01
-4.890912078616462821e-01
-2.491952434435804165e+00
7.987370224176609801e-01
-1.253918665997650339e-01
4.755021130816041164e-01
-1.195265630409661384e+00
1.309501443186366298e+00
-7.482642598980278059e-01
1.621214758757268504e+00
1.257370288117719836e-01
-2.541921304428341744e-01
4.394737951844429613e-01
1.443033098689009641e+00
3.353411391756258575e-02
-1.414881811701562464e+00
-2.302406710913070587e+00
-1.228127193336869150e+00
6.468549642314376236e-01
6.761550697985022618e-01
-3.336441881576054369e-01
-2.432025850596889194e-01
-2.172251294546962419e-01
3.978927937062485820e-01
-5.925090309492446750e-01
-1.025985208173884944e+00
-1.127119217536507678e+00
2.714941829554406105e+00
-1.536845768392320677e+00
1.724518932820418571e-01
-3.363328158269568435e-01
4.580658023054479111e-02
3.195216701441332408e-01
-5.406249250984430654e-01
-1.106409120354652664e+00
-2.450816834410226575e-01
1.099131382575185611e+00
-1.234774383208893322e+00
-3.935266653221254352e-01
1.992899548622548700e-01
-1.530031218147496874e+00
-3.905825543761836105e-01
6.028710852432630496e-01
1.028019575217579362e+00
1.452879104730664173e+00
-7.901638393458274567e-01
4.715707864101794100e-01
2.299565309735150664e-02
-9.281840783181143362e-01
-1.233807585588853284e+00
1.723693475180663404e+00
-5.415574154563336240e-01
-8.739689672610787552e-01
-3.684845779959093903e-01
3.173348803365302340e-01
2.312976125749256262e+00
-1.361370724205921423e+00
6.270576472445217320e-01
-1.389889980216266308e+00
-4.341473533926440975e-01
-8.230693905591666137e-01
-1.604693030821147559e+00
6.582440978693471223e-01
1.085823818226642423e+00
-5.884758798266559454e-01
-5.483625819475834717e-01
-1.681628000240984688e+00
-1.013162789478979642e+00
-1.481583819153823534e+00
-6.970498426606016595e-01
9.976415481622410986e-02
3.590618721640116418e-01
4.909126504823876358e-01
1.145780291773985216e+00
-1.405387510779625426e+00
2.616898096286873754e-01
