-2.663713447713005333e+00
7.659308415171189877e-01
-1.861059074556849158e+00
2.403969490169366896e+00
1.264490390420782262e+00
1.586190494825168829e+00
-8.606536116058223218e-01
2.277392132332498598e+00
-7.943331813375842376e-02
1.943264550480962916e+00
-1.861733643323703946e+00
-2.790701792461862119e-01
-2.548845211348138573e+00
9.197904345052351771e-02
2.864774758099504659e+00
1.458971553391214870e+00
-2.750892519444624873e-01
-1.799752981271423691e+00
8.407152152770467346e-01
-2.428095370197655534e+00
-1.813717510688465318e+00
-1.895764505851575965e+00
1.278790823363386453e+00
2.025128154589838081e-01
1.114968632437542961e+00
4.395161080793011932e-01
3.622529553951304715e-01
1.387751900498388480e+00
-4.289601652874853732e-01
1.440293202533713401e+00
-1.425642348413227012e+00
-1.307465462911007403e+00
-8.500758243207990894e-01
-1.382366303078629066e+00
3.059367047940845907e+00
2.408282931521392278e+00
-1.257464577041483178e+00
1.359763545565417342e+00
-2.255187163619122082e+00
-4.166256272226052992e+00
-6.022766715234253443e-01
1.773855143824516922e+00
1.742253784972735531e+00
-5.432512620047984242e-02
-1.058900656857840961e+00
-4.824030957095848393e+00
1.512218823540105062e+00
-1.376203018312399662e+00
2.049608241311865253e+00
4.216752256372663377e-01
-1.763702961039022910e+00
-7.787425987324464449e-02
2.932902353638060067e+00
4.240285842962386198e+00
7.612303342103471371e-01
1.016776522836382313e+00
-1.541226916558499749e+00
7.837067077512149815e-01
-2.052693937213402986e+00
1.206204111722732675e+00
-3.581266600161302494e-01
-1.788072267571807927e+00
8.778866313685599332e-01
4.208027978267750768e+00
-1.161483165530206474e+00
-2.087972103699779147e+00
5.207270869856309714e-01
1.451912463479288595e+00
-8.784206061787334097e-01
-1.325629698688029823e+00
-1.730092550063349499e+00
-3.813174044137312979e-01
-2.359946198145321805e+00
1.289629458397325568e+00
1.658096582696762855e+00
2.021472961426729054e+00
2.272040459299029536e+00
1.388209307768991430e+00
1.177175201375890712e+00
1.061051571497960477e+00
-2.811131256590506666e-01
-7.940012550213779718e-01
-1.189953163068345310e+00
5.320614556252449834e-01
1.458015580189953031e+00
1.324805616780335704e+00
-1.126997793488770494e+00
