6.410471022858982293e-01
-1.066520096869284950e+00
-1.150399687825460315e+00
1.726069981399652731e+00
-5.454566126567982343e-01
-1.525497572082892050e+00
-4.834121426750720985e-01
-2.509165148113778887e-01
1.342572946620600893e+00
-6.700907712280277373e-01
-1.056961435118797948e-01
-8.096893301582326341e-01
-4.995892492007666941e-01
-1.163091403709132221e+00
8.188232193003588399e-01
1.513801163436198749e+00
-2.207427116966605429e-01
-2.103370195250416685e+00
-5.615472597711819169e-01
3.716817683557496199e-01
-1.704252809830641702e-01
1.602832609595978841e+00
1.031529213544342127e+00
-5.210405183830325582e-01
-5.248825693122055602e-01
3.846508741625003780e-01
5.209736455591325033e-01
-1.026642644345640010e+00
5.750242745990679083e-01
3.600876286759336242e+00
2.579880538893925657e+00
-5.069422203663523918e-01
-2.696272528651920020e+00
-4.563458234225781229e-02
1.490083678314815918e+00
1.202890773793200863e+00
7.001130565860538280e-01
1.895801467051244638e-01
6.067691547108141625e-01
2.978185835797541037e-01
7.716012748745464389e-01
4.323014257869828292e+00
-4.781037849786754501e-01
2.429093799881143934e+00
4.224682245624995502e-01
-1.327421660654077629e+00
4.946895007843647440e-01
-3.074945829794268337e-01
5.401349821244336713e-01
7.631807337113586179e-03
2.100752399451185859e+00
-6.973407791698773561e-01
-1.936425846957684493e+00
3.137485566487160371e-01
1.031933448964953426e+00
-1.071978551832326598e+00
1.100884185366511447e+00
-2.623836945725522174e+00
-1.104989885269723082e+00
7.040113759068056254e-01
-3.274891740084461489e+00
-1.341945006876775537e+00
-4.079188656158990733e-01
3.322981411457676115e-01
1.829630976459675207e-01
2.863204605574069528e-01
-7.736558773013276769e-01
7.837521701744299962e-01
-3.616494274901098649e-01
-2.228695399538667687e-01
-9.646048148513481912e-01
-4.545725865853011971e-01
4.098846365600567587e+00
2.527416648712585978e-01
-1.882268667946581098e-01
-7.169549315917398413e-01
2.465639523826216983e+00
9.695287869472487552e-01
1.590636639674109176e+00
5.517834140064485915e-01
4.072380543132383957e-01
-8.209813767990432609e-01
1.138906427609747141e+00
-7.441210775139918132e-01
-1.541476930475542018e+00
3.867730851890506250e-01
-1.765536711421652472e+00
9.217363088601276955e-01
5.314276478152782923e-01
-1.390057225477588088e-02
-1.370492699432243722e+00
-1.980297053919131967e-01
5.633044079463528364e-01
-4.319007985492743784e-01
-1.778392002768921509e+00
5.590665243976478821e-02
3.847736819293223753e-01
-4.916260941370162452e-01
-1.400230772429753801e+00
-1.339104267901350398e-01
4.878805991805105768e-01
-3.372667086823635252e+00
1.123445471842894783e+00
-1.072341213884575595e+00
7.338431836162832012e-01
3.100238043162331536e+00
1.955196101555140231e+00
1.058127331602014137e-01
-6.212903321725335992e-01
-1.552578520855917299e+00
-1.933704554563601685e-01
1.318181905253427377e+00
-2.083959044164182650e+00
5.481412468353716871e-01
-2.664087411601877342e+00
9.967969236963274415e-01
-7.921329092332578536e-01
-9.622554541143679696e-01
3.132296894260228282e+00
-3.984879054883487370e+00
-9.896147846887843880e-01
1.363379381524859824e+00
8.747362294013538708e-02
7.743318624530568517e-01
-2.002891048666440188e+00
6.563030808057572774e-01
1.767510408710582626e+00
6.510396230921909888e-01
-5.432226872169567677e-01
9.690483312901240764e-02
1.776866049079264265e-01
5.472258932049962610e-01
1.458910512300767959e+00
2.116255995583011806e+00
-3.054613664532978556e-01
1.995902118136343995e-01
-1.436937927378426405e+00
-2.814294265026155428e-01
8.063543599890238278e-01
-3.429608439485754001e-02
5.692701335618979286e-01
1.330009986632655128e+00
-9.280257728538643391e-01
-1.466227498705294785e+00
-2.125193589499851488e+00
-7.806874498474960511e-01
-2.532822624002271095e+00
7.575329853067693797e-01
-1.127551193482321690e+00
1.181348377694265706e-01
1.746785799398861139e+00
4.550339241857920269e-01
-1.749875043769729910e+00
5.864412588122029923e-01
-1.015402251790559873e+00
-1.152840267919243988e+00
3.083192443404895733e-01
8.475621105962392043e-01
1.425321994160925199e+00
-2.825411771649328219e-01
-3.924659151675319868e-01
-1.697283793928200613e+00
-1.313814911174384648e+00
-8.033104396816919124e-01
-1.669975957151890622e+00
4.655325586650057024e-01
1.201353321547198094e+00
2.684279410081855666e+00
4.992908610520814805e-01
-1.331317579762240910e-01
2.850453470767094100e+00
3.000347289082591629e-01
2.410983070156470287e+00
1.273430919265496675e+00
-1.481172516751306567e+00
-1.001187612998420295e+00
1.217912763724260383e+00
1.591536470548237769e+00
-1.966659846882917062e+00
-3.183172344953221433e+00
6.839354503753090064e-01
2.487462606349734706e+00
3.624733120926255658e-01
-7.953746108698300787e-02
1.133535117758378979e-01
-2.123123554831704674e+00
-9.927982393409983120e-01
6.559904793336345241e-01
-1.264417201008497083e+00
-4.098659601420691079e-01
-4.562770636253982159e-01
2.443022357041019443e+00
-2.437581240269041327e+00
1.609857958502436848e+00
2.354715692365705326e+00
-4.899739224156700046e-01
-5.308046002641844119e-01
1.238336153982561250e+00
-2.647100953338717977e-01
-2.307619290402738721e-01
6.512228237098051098e-01
4.010561881902615644e-01
-1.172203622829267822e+00
-1.231769731465425510e-01
-2.720047690236292226e+00
-8.135630783801249821e-01
2.049018862917031392e+00
1.579267472530515803e+00
3.665171521185407455e-01
6.012037911764164244e-01
-1.911690888928578635e+00
-1.987297204635523951e+00
1.006854826346088583e+00
1.302900220974380741e+00
9.895768287158870358e-01
5.488135125597063402e-01
-5.944652062392667968e-01
-1.874194591383714581e+00
1.064964969487644630e+00
2.335411097070713815e+00
-8.865614343092702576e-01
2.834178143039982611e-01
4.298915681132018385e-01
-5.871524925791402616e-01
4.350227741736654719e-01
-1.621596974805335212e-01
9.008471871382317531e-01
1.573179884128730333e-01
-2.610977070477769058e-01
6.361968269575701829e-01
-2.801589771655788041e-03
8.836307928835658576e-02
-9.168036986766573415e-01
-7.553320083278213248e-01
-5.346677938804536012e-01
-2.601548873313618060e+00
-4.355939359905863228e-01
-2.243656268089363692e+00
7.324158658412951994e-02
-7.550265727646110481e-01
-7.994769575410820561e-01
1.364243607625168719e+00
-8.808007270193822791e-01
1.977850201294506283e+00
3.790996170065648485e+00
-1.396637907471617757e+00
-1.176365029172946608e+00
-8.398297708558181141e-01
-8.256182912461003109e-01
6.356828041022849485e-01
-6.572924593908012758e-01
-3.708881394344343718e+00
1.608444436790990695e+00
-1.835125369754560865e+00
4.568839972304882813e-01
7.830127412192644520e-01
5.024441680318811332e-02
-4.356609628490994979e-01
9.262961253984841603e-01
-2.496142063785352638e-01
1.015066188628895638e+00
-1.090176932764632234e+00
-7.660359506934353302e-01
-1.526085271714082259e+00
1.076330184671918211e+00
-1.922637193139597467e-01
1.356235104355565602e+00
-9.279924819278483339e-01
-3.927421240260451918e-01
-1.252993571552034613e-01
1.222811567812612354e+00
1.478999132231045843e+00
3.977327738922517009e-01
-1.640919981861541088e-01
6.781466597637042515e-02
2.569920793727601405e-01
-3.273129832233720449e-01
2.837105039979803678e-01
-3.862945673446004369e-01
1.384943358107461275e+00
-2.679090608074787383e+00
5.449159872956005346e-01
2.252411954860477739e+00
1.587953398310919972e+00
5.213465573092702643e-01
-2.789843099998536857e-01
1.209416809576308705e+00
3.476983895874032893e+00
-2.368690065348761919e+00
-1.242065413592288170e-01
2.099624848070654082e+00
1.137634203140296840e+00
-2.886212823622122947e-01
-4.531963944698024216e-01
2.883971606241743646e-01
1.415176407408477999e-01
2.068823246363805657e-01
-3.861229720864414738e-01
-2.423573699121190916e-01
-8.032680498142182046e-02
-1.021668966419251978e+00
-8.015143606962978756e-03
1.066034722197679363e+00
9.986129545288814358e-01
1.758496292611307688e+00
3.255727497625128253e-01
1.594858525412115480e+00
8.198284291396962242e-02
-3.034950321608189117e-01
2.168724713989776731e+00
-6.428992815390031090e-01
-8.050719649009063783e-02
-3.090345395923270733e+00
2.378990450306964766e-01
1.237121986606997126e+00
1.611111817409005331e+00
-3.089498830190397505e-01
-2.188196890902011749e+00
-9.970902546233051389e-02
-4.434079182159425536e-01
-2.413373997319008257e+00
-3.593170903424692142e+00
1.238925510359766502e+00
3.246490140006227598e+00
-1.221859828323666575e+00
4.822946151694516015e-01
2.402622104521037749e-01
-8.257633821722681899e-01
5.839961652810169435e-01
5.183527230890092596e-01
1.120711322493067597e-02
-2.226074208796460230e-01
-1.170164967836022640e-01
-8.789416027887864136e-01
5.192212589650490706e+00
-2.810216836626547199e+00
9.602793799840256828e-01
1.542841870540527793e+00
-1.052394002266143991e+00
1.137336169445098966e-01
2.755565243444613177e-02
1.247667480401817297e+00
-8.520661897812923380e-01
4.215164728030313390e-01
-2.466138271060156484e+00
-1.035292991803332452e+00
-2.335561036904966858e+00
1.186267948566378072e+00
7.934410654432849652e-01
-9.550056679897135359e-01
2.741217412782582130e+00
2.216181105547918029e-01
2.958712848911154936e+00
5.944075688121932544e-01
1.405496123687672627e+00
-2.384997054770109592e+00
-1.366110268327113131e+00
3.091595799452468984e+00
1.052779681230711972e+00
-2.231107800811945818e+00
2.501308763417582348e+00
5.704298682484985061e-01
-7.574602398222402000e-01
-1.476409581470340404e-01
1.680960007378005105e-01
2.873192639800803416e-02
-1.135394767979677866e+00
4.212694752226697203e-01
-1.462509806775424304e+00
-9.727278608985786557e-01
1.931508719480239944e-01
5.870270308864814490e-01
1.342274022948006795e+00
-1.306294187008141705e+00
-2.015755826388100580e+00
-5.935588467738845964e-01
-1.515767650077066708e+00
-9.545841237701424564e-01
-5.622954535915445362e-01
2.898541872586431367e+00
2.289717017320530346e+00
-4.852367893672766996e+00
-6.977615302339530423e-01
-4.006999668858421959e-01
1.070995184707071779e+00
1.050719507293156552e+00
2.292038827856400118e+00
9.513114286414701970e-02
1.122723217436907284e+00
1.476075427997172174e-01
-1.358461068213387746e+00
7.423246463223692748e-02
8.046476569814752233e-01
-1.063847798475725526e+00
-2.347213462635521219e-01
-3.387476714571441838e-01
2.213099135605566481e+00
-1.072826941277117418e+00
7.938867344354360034e-01
-2.363744940681293372e+00
2.666589582050892915e+00
3.670451729789676182e-02
8.918121448971735310e-01
3.682632481256618018e-01
-5.748022717578281648e-01
-4.578140709244848949e-01
-1.502975291293332294e+00
6.471857517606494081e-01
7.133217927313784124e-01
5.357093290691545828e-01
6.961330508256094451e-02
-3.607259063507349595e+00
-9.069663834856089846e-02
5.371282429489572241e-01
-2.424487683295174278e+00
1.007275277007964931e+00
3.394251337924935608e-01
-3.198506975950153652e+00
1.942611824591463421e+00
7.945688126248854344e-01
1.174497131401726957e+00
-1.002447498765621114e+00
2.524896839784201763e+00
8.282428168871992513e-01
1.370582084572145032e-01
5.643357412151568386e-01
-1.188424068091373131e+00
1.121456095977307665e+00
1.149520036305761828e+00
-1.860105027676177691e+00
1.679634899363306455e-01
1.260982646056257206e+00
-1.131467440034203298e+00
-3.541472402944227937e-01
-8.226152742351292568e-01
9.363714818317022681e-01
-1.885589238800289724e+00
-2.552274354377864540e+00
2.806755726480631985e+00
7.161336075997254413e-02
-5.853909129384700094e-01
4.276124196919869891e-02
1.800653375661649624e+00
-1.317653409421725152e-01
3.218761249496315369e+00
9.352775378976498910e-01
-1.228443750445898930e-01
1.042261121323493800e+00
8.946035700635425469e-02
-1.099383135933190259e+00
-1.161973352517787994e+00
-2.720011206237528345e+00
-1.731617301661631858e+00
3.620095084151800924e-01
8.278751693513672905e-01
1.986248325997301389e+00
-1.637725396558202595e+00
2.355424745190538571e-01
2.010446215273537618e+00
1.184230975658496554e+00
-6.820078389523438478e-01
-2.139018759763892774e+00
-5.361008813536883855e-01
2.067781191654437301e+00
2.152519114946099155e+00
5.884897338051003901e-01
2.442076735488339256e+00
-8.875704569496996044e-01
-2.529382890974360976e+00
-1.290637259798910752e-01
-7.020601235816961161e-01
9.478288878804619344e+00
1.024581478952387936e+00
-2.816983885760388495e-01
2.564059020715936388e-02
1.789989740719679423e+00
1.240687037052973452e+00
-5.757704163077919102e-01
4.860177118946829022e-01
4.773344818472907147e-01
-7.565381083254222316e-01
3.395751646924468070e-01
1.260965878996257894e+00
2.059400279183093430e-02
-3.412307326473223767e+00
-1.421365125392635986e-01
6.208540546869393273e-01
-6.474571606490540088e-01
1.911260849358268787e+00
-3.581769079279445434e-01
-1.207916725886926779e+00
-1.269586132754343399e+00
-6.238515512682775155e-01
-2.538705345478597053e+00
6.340654979278093073e-01
5.803044637800282013e-01
4.279718847662749570e-01
1.702252127465585796e-01
1.070086930225014221e+00
-1.180085224248105691e+00
-4.829975862928515690e-02
-2.814490350386479878e-01
-1.395740659086727176e+00
-2.283308062019446805e+00
-2.727871523086705663e-01
-4.175658413986921502e+00
1.007057690587807031e+00
2.503759070774572937e+00
1.323447078259176291e+00
-9.692464159404269308e-01
9.201223861075311095e-02
1.178299546495684247e+00
4.597668378846019865e-01
-2.294858107134422731e+00
1.214660636041704933e+00
4.196725115920230120e-02
9.330841273768011868e-02
2.183095775281898909e+00
1.173946756646110923e-01
4.888537223615607719e-01
3.029816669272529794e-01
1.234653129405986816e+00
-2.788088238144526443e+00
-4.635231253559584097e-01
6.688878458768532376e-03
1.001273523848400293e+00
-4.726072123183698848e-01
-1.473049146989271252e+00
-4.077665877384879511e-01
9.073861995574226125e-01
1.243334601408857543e+00
8.451754936130067009e-01
1.682312411758261517e+00
9.746439897355272386e-01
