-2.033779720029133653e+00
2.641154363191748011e+00
-9.092601432780120785e-01
-2.367648473444510238e+00
-2.482451776691027678e+00
-2.380664470537798838e+00
-8.085724130893043871e-01
-1.220588631816893477e-02
-2.284621663727593344e+00
3.780569780568520777e+00
-2.293040969212233104e+00
2.578980185810906711e+00
-1.114956238056141746e-01
-2.440230443967977836e-01
2.703099176657326463e-01
-1.452893634246510413e-01
-4.063232077797143127e+00
8.171188643400687512e-01
9.185701134631327758e-01
1.000422741612970512e+00
3.020353221537686483e+00
-1.062987794738917469e+00
-1.623772368559712520e+00
1.983246993826843996e+00
-2.102665359901195519e+00
-6.069352824246199152e-01
7.227534191719469092e-01
-1.212974363971420999e+00
-2.461179695374669851e+00
-1.380194781895988987e+00
7.170847836444864676e-01
-8.625811218367801514e-01
-8.118453041929932779e-01
-4.933524130049577461e-01
3.046454328285604918e-01
-7.414406322811578631e-01
1.753122280121608978e-01
1.626429369404902125e+00
1.066216626704796999e+00
9.919275458671958923e-01
1.000031076272459352e+00
-1.514962171309876648e+00
-1.508485735336283717e+00
-1.159182654743723395e-01
-5.059236441528347505e+00
7.953363238168376093e-01
6.115582119647486881e-01
-1.025680449698590957e+00
-6.942225365734272513e-03
-4.911872401081994743e-01
-5.049322532544173736e-01
-2.340772620489550704e+00
-8.484346214407518794e-01
4.910517233195645925e-01
9.826408959537338283e-01
-2.420113701170522269e+00
-1.670253697752022592e+00
-1.764432538618037283e+00
-2.548965613043276512e+00
3.547481733341739663e-02
-1.037927856363450863e+00
2.823730962325166072e-01
1.667310096230643968e+00
1.234016867145076024e-01
-2.954892383917931742e+00
1.850121136761097018e-01
1.163840458534713518e+00
5.394278597082310389e-01
-1.189894868875364997e+00
2.661236123905986073e+00
2.927271475221545627e-01
-1.116893081668619780e+00
1.417776473573972629e+00
-4.646270449675165004e-01
9.570627701651969188e-01
2.196327093771168748e+00
3.515603212715143755e-01
1.690139340441857208e+00
-2.035706016664957652e-01
2.717247625366375763e-01
-3.223459307938330021e+00
-3.070493481366326494e-01
-3.733774869337194158e-01
2.687736501560415436e-01
1.793380410313252238e-01
-1.641371528697196158e+00
1.323515963841054743e+00
2.969224132644125991e-01
-1.155947406335013916e-01
-2.626324900652117211e-01
4.028076636877990779e+00
-3.335073277807805159e-01
9.782816136003857910e-02
2.441957049324514628e+00
-3.482544349374748549e+00
-1.627112222717633783e+00
1.998801446937664705e+00
-1.370312147055511520e+00
3.446837366733157992e+00
3.890732086182294935e+00
-9.294812919318137245e-01
2.914204294129298933e-01
5.954917679592375279e-01
8.866852285446018556e-01
-2.478574333443828159e+00
-2.355753129270954815e+00
-1.717555171381839774e+00
-6.131002832906782274e-01
-1.828250150406155461e+00
8.337062786684319438e-01
7.110733936930502264e-01
2.694321823434013830e+00
2.797355990019746663e+00
-1.768451851183280299e+00
-1.534884510189552964e+00
6.832092667360665228e-01
1.911979389957443320e+00
-6.586034672646090549e-01
-2.032490455755513459e+00
1.706461869462747583e+00
-8.718095246821671029e-01
1.223250480143903474e+00
4.187292545965455859e-01
1.753646252380983261e+00
6.745321670667010494e-01
-3.386116502022509800e-01
3.613141736851799291e-01
1.807794715015407006e+00
1.149099913342235935e+00
2.028967688349990084e+00
8.497310536582454166e-01
-1.092845527895720759e+00
-1.016185227376326106e-02
-4.150570864486684552e-01
1.751631431763471358e+00
-6.446139483726035513e-01
2.906645961101986586e+00
5.930288322210728325e-01
-8.630762590866829509e-01
-2.175699825710386559e-01
2.759157413860194197e+00
8.659208657576735746e-01
7.738153037914059507e-01
-6.550126714656656635e-01
-5.671388142290314516e-01
-5.308111857685968715e-01
-1.511757665425490282e+00
-3.005683291713169503e+00
1.397577654833527694e+00
2.108923487792093709e+00
3.795400651815934445e-01
-1.678603655167603126e+00
1.339198055631092288e+00
-2.272807402730751214e+00
-1.002825008639366855e+00
1.071798014001254185e+00
2.189366504576984340e+00
-3.826078309518181619e-01
-1.626308205376374216e+00
-7.243716202003698257e-01
-2.106730121221372265e+00
9.544769735503385588e-01
-4.736405758917384690e-01
-5.910966895028376689e-01
1.361990577377601097e+00
-2.084433750407967523e+00
1.292918404885216255e+00
1.492982358517724428e+00
2.938426282609578166e+00
-2.462750005104237250e+00
-7.954424898948664335e-01
-2.165473046874042407e-01
1.536348041240160001e+00
3.510379724888278208e+00
-4.921235656697847682e-01
-1.773843323945532291e-01
-2.514961655076980662e+00
-4.255241728549758462e-01
7.115579695627742840e-01
-3.001845623104921312e+00
2.023128210257821635e+00
-4.427822879208861195e+00
2.478472880784957089e-01
-6.424050471874575008e-01
-5.114413601248638530e-01
-2.511183846749981408e-01
1.103879580317378650e+00
2.064321654771231196e-01
1.591906220472655065e+00
-1.433133643976224114e+00
2.744598586546964647e+00
2.116760662951188421e-01
6.957022902887399773e-02
4.428852926325075323e-01
-2.451963828366194864e-01
7.086089196292977288e-01
-6.920646160248277168e-01
7.036642061735731701e-02
-3.973129067303260431e-01
-2.278219508874571808e+00
-3.509161638975900388e+00
-9.603654716607055164e-01
-1.129460526848783120e-01
2.218467738684862245e-01
-1.213281567124208316e+00
1.645974038261698080e+00
-1.959134764583786881e+00
4.858540456758482229e-01
-4.622462360463314157e-01
-1.660244863175684538e+00
-3.347877190766096245e+00
-9.271571020203692726e-01
1.629127172067094786e+00
2.409404097945102130e+00
-9.276160528963670604e-01
-1.519426441011268780e+00
8.890880661387342565e-01
-1.835665005873352351e+00
3.301131617324119527e-01
-1.323485470883378312e+00
-4.386609123672445820e-01
-1.359091988771760739e+00
-1.733108311566893045e+00
-8.791922354394710037e-02
9.648622031553077960e-02
1.640454208687673443e+00
-1.227458478584356749e+00
5.043221969821474193e-01
3.647029711265675767e-01
-2.985076804402508888e-02
5.313937814581629615e-01
1.939118134793235693e-02
-9.764207510715390281e-01
-1.031079477012498469e+00
-1.509128606958587415e+00
-2.025480697141967212e+00
6.805316106051852998e-01
-1.992341702479110799e+00
1.031551941328787025e+00
-3.592217871197039836e-02
1.056981719921250562e+00
-8.880705544692297781e-01
3.736999153535055518e-01
1.071370960881822931e+00
7.000361594165209755e-01
-1.465314511500874772e+00
-9.639701877071364944e-01
-1.637377683568563835e-02
5.565888133647531433e+00
-1.649271815282494114e+00
-1.698918121545057947e+00
-1.756684435955638390e+00
1.559508988241672611e+00
1.838843346498107767e+00
-2.428500100728196165e-01
1.344949726547355895e-01
5.123046126887704776e-01
9.609649150501343717e-01
-3.569457678599172734e-01
-2.572489833045260355e+00
-5.201876185582332557e-01
2.090489224877335239e+00
2.218856782639204717e+00
1.208305172310327524e+00
-1.738514120834630639e+00
