1.335618818184661549e+00
4.857434643148095255e-01
-1.955040333977766442e+00
2.516507407067692270e+00
1.680403294943433323e-02
2.029083766672871825e+00
1.293325674235024536e+00
1.803910183719211968e+00
9.790419037855974116e-01
1.544198504435535302e+00
5.683679779287259537e-01
4.412475732571594644e-01
9.603654063016104914e-01
-2.070885487171981953e+00
2.391203997611595078e-01
1.199002509023364471e+00
1.063107043735268542e+00
8.071558275414947303e-01
-8.358541642771091240e-01
-2.279278912352220132e+00
6.840452606706750593e-01
2.044026334155922164e+00
3.685392443205427471e-01
-1.254668789679317831e+00
1.603688092660659370e+00
2.821695427471454742e+00
-3.770934045414337521e-01
3.930223572481711614e+00
1.874058794851146015e+00
1.095694059464584980e+00
1.233840981858756347e+00
-1.329896883253484541e+00
3.969611053847485471e-01
-2.631949511981653167e+00
1.902235390546665794e+00
5.714831098071277982e-01
2.140308199469747930e+00
1.072987666048404343e+00
-7.577613653497654589e-01
4.092081492953866473e+00
-1.502506249856629950e-01
1.459263255725176789e+00
-2.285843822669343162e+00
3.294581853160654106e-01
-1.155699006222493885e+00
6.889389902067741822e-01
1.786513919153238650e+00
2.227372457484441348e+00
-1.673812705751486218e+00
1.818246552899496438e+00
-4.401488333507677986e+00
-1.406280660237181346e+00
1.020370987085226222e+00
2.998724862113896439e+00
-6.395998825063019533e-01
-2.015887534855134167e+00
-3.148878157953989843e-01
1.127970907272164425e+00
-3.260287009774945233e+00
1.356341163089504587e+00
6.627782028541726600e-01
6.371105824725789013e-01
8.849968728578172517e-01
-2.446413820902507474e+00
-6.848528440587293709e-01
-1.438996378460988934e+00
1.540493827910514701e+00
1.721126441428844966e+00
2.124149702126010730e+00
2.091729403073565585e+00
1.429326200325360618e+00
-3.286194847429635413e-01
-1.156602260705880569e+00
-6.353329820245421367e-01
-7.654325562544646022e-01
-1.652675433261867166e+00
3.164821984117156539e-01
-6.262423178611299379e-01
2.558700990500727634e+00
-6.035730863854937844e-01
3.801056472877399450e+00
5.472769673224633369e-01
9.238366527881801682e-01
1.326998882833553051e+00
-4.643405946003412721e-01
-2.175244772842337415e-01
-9.306404201829955314e-01
1.346958969305425580e+00
-1.725484051057663670e+00
-2.436881143586411835e-01
-2.277089084906586347e+00
-1.896568701314340633e+00
-2.093899263215140416e-01
2.075554879515288054e+00
-1.905928939509647924e+00
1.146242849915225737e+00
3.323056794795718472e-01
1.245524474774506229e+00
-3.073997351832189473e-01
-2.956653141876735447e+00
1.865268879832025828e+00
1.486674903955256699e+00
3.402638335247595069e+00
1.837638186310675881e+00
-2.652804412789354860e+00
1.408676657087793993e-01
3.910821434820130005e+00
-1.657280853180431723e+00
1.249002279737470245e+00
-6.660789742499553245e-01
-1.953145418776928377e+00
-1.022914544433465078e+00
3.091324890603246445e+00
3.292170768979054252e+00
-1.761757317088342933e+00
-7.369491590191077357e-01
1.501808166679597045e+00
-3.242676517227702782e-01
1.533426820638759569e+00
-1.034320778629922222e+00
-4.264260693279431358e-01
-1.104892885494205057e+00
-1.503230300998508628e+00
6.052137531786061508e-01
-3.273327639145740875e+00
-7.630310592164206707e-01
-2.636706476889066231e+00
-6.821648993965507835e-01
-2.492749250447686693e-01
-1.377208158151245199e-01
-1.660466498007239666e+00
1.351855410268536728e+00
-5.515316039714511787e-01
-7.499446692332493170e-01
-9.142014836255306642e-01
-1.437326243675564053e+00
-1.359516154853942060e+00
9.370245089316979747e-01
1.259194137257324542e-01
-5.806972122318518892e-01
-4.468712791425904385e+00
-1.045638534789820717e+00
9.216875292866594238e-01
-5.426608048190830758e-01
2.126614075773382684e+00
-1.146508940514701314e+00
3.348963009905412846e+00
-5.488291815357852599e+00
3.727577635054124539e-02
-1.631950439688586219e+00
-8.466583400038476537e-01
-1.748420394232293562e+00
-7.723163337671586914e-01
-3.617643573847412419e+00
-4.101808072028467755e+00
1.096397646703289208e+00
3.208925885562939895e-01
-8.051687911522203978e-01
8.786693901442738097e-01
1.220937414657500053e+00
2.377675893330081447e+00
-1.806397279303477710e+00
3.203963111060482483e+00
-1.612407452642131700e+00
-4.942722753585025441e-01
3.894510845735659199e-01
-1.928209981161969733e+00
2.510115198427347316e+00
-2.853739038148904061e+00
2.418627814831484368e+00
-3.801656300867183980e+00
-7.591188129209995861e-01
-6.517238136649643465e+00
3.656090510534207194e+00
2.149353916556434818e+00
2.463195372976292319e-01
-1.231347111232372171e+00
-2.331637761720799507e+00
1.306269210131339120e+00
-2.409600229783040781e+00
4.389928603646295890e-01
-5.461885676082000041e-01
-5.027024168982723307e-01
1.297644325203146209e+00
2.150834643299722515e+00
-7.516716526118131236e-01
-1.609755623065545205e-01
1.138716340773135105e+00
-7.439168398310505026e-01
-1.263801600229953692e+00
-8.768151258837738604e-01
3.950407113498767275e-01
-1.308022807301689738e-03
1.479975075045059318e+00
-9.090811770269875414e-01
-2.050844716671931245e+00
2.417767941781643892e-01
2.377947147443526976e+00
1.631933759404975426e-01
4.135960820490074408e-01
4.794241476693810178e-01
1.096933729742927355e+00
1.282521879972644552e-01
-3.123692443994552370e-01
-6.190746783029656974e-01
-4.645746895791520004e+00
-2.268473037143702076e+00
-2.157735230641274482e-01
8.258699638161847156e-01
-2.006809847509740674e+00
-2.347249568813783327e+00
-5.089851837030504811e+00
-1.047519400048231075e+00
3.316359890224096496e-01
-5.558318743196463130e-01
-2.756936059281012597e+00
4.410179037268829871e-01
4.313127258843096001e+00
-6.480637321407741736e-01
-9.930107660369860145e-01
-6.227550993080122055e-01
1.146152163610466568e+00
2.629898946593515419e+00
-2.562271740226865546e+00
-5.851283133668394587e-01
-1.663113783180927285e+00
3.247523037832321435e+00
2.734558326848937959e+00
2.399001183601033205e+00
-1.711917394614531629e+00
5.316381540077594892e-01
-2.932312646556490265e-01
-1.991063134024218195e+00
2.001296312080905082e+00
2.384363858985121709e+00
-1.973930028301174255e+00
-2.563379864827505905e+00
5.591552174334014635e-01
4.410719171349533063e+00
-2.371706293392417120e+00
-1.101618127189031515e+00
-1.922303389474611768e+00
3.723463861664800589e+00
-1.764202506530593961e+00
-4.186894446037789486e+00
-4.324883583143163790e+00
-3.359416266074081392e+00
2.390788692873083710e-01
7.207064826599758334e-01
-1.740075586647165995e+00
7.819723115479482178e-01
4.762790314073369613e-01
-1.162606743335890647e+00
-2.359713880594396240e-01
-2.304966906207758903e+00
-2.518329120495200524e+00
-1.561918343983876190e+00
3.376818360845099676e+00
2.023548938551629650e+00
2.296579262113140452e+00
-3.037519239740862353e+00
3.074398155460622561e-03
6.606066001745044547e-01
2.011870857648576649e-01
7.095574574156042758e-01
