9.461898663213508254e-01
5.952536421661829280e-01
-4.957814364693793330e-01
7.491125471762560828e-02
-1.047874604520042663e-01
2.379233052420253181e-01
2.156018142035975860e-01
-8.413623703209891502e-01
-4.974205760284251543e-01
-3.727099089002905430e-01
1.791391301986366980e-01
7.881882713450605316e-01
-1.116015798099240897e+00
8.866843453646389150e-01
7.271442035007879001e-01
-2.053312420524393556e-01
-4.693346367900133043e-01
-2.443043532413369245e-03
5.638752358947793919e-01
3.389160200302954173e-01
1.658869506708231523e-01
-6.574677542525957374e-01
1.633865107456835331e+00
9.172551284024526019e-01
-9.684426338900244957e-01
-3.960963943178403834e-01
-5.346063263887239625e-01
5.633006799967879008e-01
-6.003400701516281579e-01
-9.968723991272747664e-01
-3.354900071787694227e-01
4.115704411790461759e-01
1.168264070260291998e+00
9.006142726227517326e-01
-9.618248798802251365e-01
-2.943980780908006523e-01
-3.380289654446428926e-01
-7.856502702473735500e-01
-1.679229589652107002e-01
-7.401749030217283920e-01
2.925379241146597309e-02
1.827869181426581058e+00
-2.511285203604445293e-01
-9.950593514248751159e-01
-6.386472465454560155e-01
7.403513534113346228e-01
1.418508282275594556e-01
-1.054612068480614839e+00
-2.620917155810130739e-01
-6.468682647792393103e-01
-2.461514564552011564e+00
3.332579319902151394e-01
7.403363187081679619e-02
5.518372597981802130e-01
-7.612217291813629938e-01
8.859111862693394013e-01
-2.725033217852446121e-01
4.904409407072642946e-01
5.669081195372855930e-01
9.603259127547516538e-01
6.669585254079675174e-01
-9.578041964449965917e-01
-4.015610520829211438e-01
7.386602550942704681e-01
-1.030300598076072660e-03
-8.797839038085395469e-01
-5.837438545363502485e-01
-5.709231184641971879e-02
-4.004309029914774332e-01
3.479345123785082539e-01
1.670461113019394706e-01
-9.822873059111791871e-01
1.953923555067653695e-01
-1.021371475588792599e-01
3.142263863613932173e-01
-2.248060574671787715e-01
-2.345657509832346777e-02
5.053649797842879599e-01
-5.174481539928410534e-02
-7.714250559645543515e-01
6.586325310788427867e-01
3.441475412730332639e-02
7.925949254542934419e-01
-8.697953754998319909e-01
-1.767533112550740970e-01
3.348331613489712311e-01
1.594208215294588005e-01
-1.670789708467296464e+00
3.977642782039099156e-01
3.497188152432734731e-01
-1.188584773404641748e-01
-5.311880686178021005e-01
-4.144039651011321990e-01
-2.296368136839888052e-02
-7.804921331616745395e-01
3.032338457546264188e-01
9.154657284421026109e-01
9.533229271742271749e-02
3.092171146179207852e-01
-7.738710256039973423e-01
-9.331830611376443763e-01
-6.230715500612534763e-01
2.697028220430504053e-01
2.658591899912614576e-01
4.611191354429946543e-01
-6.615409346507634680e-01
4.835691988071122438e-01
-2.722016743775257375e-01
-9.907064474104536611e-01
-3.635824495373213838e-01
-8.873320017890489186e-01
-4.192759919593034290e-01
-8.999977011754709544e-01
1.302112816778282500e-01
7.405050238201671409e-01
-5.628759300214158934e-01
-5.848021748100826755e-01
4.289546556225363183e-01
4.690433974139227580e-01
3.243959731151502268e-01
-1.914570244594977488e-01
1.291993842671596227e+00
5.835070550858383331e-01
-6.381588520571837009e-01
5.216984374662034796e-01
7.116365430532836100e-01
-7.569800316983537058e-01
5.587119740635957399e-01
8.310967518797318654e-02
-5.202490825063268431e-01
-8.362503685360780370e-01
-9.724913417561185103e-01
6.804325186691364546e-01
6.326697176141324874e-01
-7.754832281700816399e-01
3.512002344039166779e-02
7.874475133983314112e-01
7.426184001072813068e-01
-4.803744292016074446e-01
3.019932712330040125e-01
-5.901410749735476191e-01
7.151301288640783405e-01
-5.490597537767361036e-01
-7.360591898778336972e-01
-1.410269632983740529e-02
-8.328819406958009042e-01
2.809370868562068857e-01
1.138562515083542115e-01
-4.600838095957713314e-01
-4.050973245360256492e-02
-2.998523617101418459e-01
-6.096047924774627980e-02
-2.164951809630251134e-01
6.975378043087261393e-01
7.530981837204326901e-01
-5.443919044943437147e-01
6.622859055894931846e-01
8.138194114903191112e-01
-4.215074679898622723e-01
8.672516147959505872e-01
-3.348358716409116642e-01
5.642277548489060823e-01
-8.261092160523508809e-02
-9.679301772549659955e-01
-7.524860638439889726e-01
4.146831148392812749e-01
-8.332219796383393273e-01
-6.805616466296104949e-01
-2.035973700109419138e-01
1.742194102325640426e-01
3.649434877495043583e-01
-6.536170409261041758e-01
2.002458315780648590e-01
-7.128459121085000127e-01
-5.746957793203666398e-03
7.969232577860521083e-01
-5.153009269798707326e-01
1.519608081882841688e-01
-4.040639309597036100e-01
-4.175569515257315789e-01
3.578005338990268847e-01
4.180215783263514506e-01
3.868356396118215468e-01
2.669140468117381371e-01
3.451176029469291695e-01
-4.674218316290557063e-02
7.745688479545955740e-01
-5.106566582474445504e-01
1.913441045320594114e-01
9.210139065992610785e-01
5.328996987610452596e-01
-7.852759817992835956e-01
8.837798367584863701e-01
-4.159993530378545135e-01
6.010023274237472624e-01
-2.552411199851987167e-01
-7.184680112809711527e-01
-9.465614129360246931e-01
-8.438623883129772185e-01
7.645824273423698081e-01
6.559527223714267663e-01
-1.362298563060322376e-01
9.735081501813411808e-01
-8.582662286236668603e-01
4.614386652550324097e-01
-5.348078137690395195e-01
-8.029479055349355576e-01
1.537670860351174840e+00
-7.237194449681783048e-01
2.948321423143591691e-01
-5.988784787463095061e-01
-7.026448369795389448e-01
-5.433741196239805227e-02
2.361464535308456014e+00
-3.467081241218104015e-01
2.681406757852549116e-01
2.226200266253751670e-01
-6.428724573027743139e-01
-7.815964077410647581e-02
-4.398346258513867735e-01
2.666831164660086184e-01
-1.931902092873982735e-01
5.549438851357335611e-01
-5.966511010182060648e-01
-7.234590211954582406e-01
4.209799588330389586e-01
9.737435271575467510e-01
-8.459321583284904467e-01
3.100978382565470204e-01
5.092482548479124738e-01
-6.032487760715292691e-01
8.900007708493276049e-01
2.316184783877830444e-01
-5.401543727218534041e-01
-6.075805520076129618e-01
-6.930899898054132535e-02
-1.178676375186140657e-01
1.802353889234817874e-01
6.822745196529529377e-01
-6.327104137754413493e-02
5.282950549662490669e-01
7.039706314100380169e-01
2.508335234616787535e-01
4.398085397575315358e-01
3.141046166710306231e-01
5.236119918204265034e-01
-3.438965178326733874e-01
6.415465113127318819e-01
-1.851540806943030582e+00
-5.571195424307611166e-01
-4.445317134971424888e-01
-3.558563092568478581e-01
-1.538552859132165995e+00
1.126856955946964334e-01
-1.144192422948759891e-01
6.616532978005447152e-01
-6.607285322162208541e-01
-5.642187209598203967e-01
-9.953640537236110308e-01
-1.057963225935047991e-01
-8.386626857806231961e-01
4.704741129637159958e-01
-3.537459400738673487e+00
4.955110040626355961e-01
7.366431720382380366e-01
