6.354938633959388294e-01
-2.985630604085203199e-01
2.220762246443768739e-01
1.538358111367000847e-01
-4.990625796808008663e-01
7.551262024778786497e-01
4.706872340820690281e-01
-9.697698221526543372e-02
-3.243425270555647666e-01
1.385264910082581458e-01
3.152492975723682478e-01
4.699097875756088616e-01
-9.219706069905503343e-02
-4.135918121324443364e-01
-2.102024209860759107e+00
-3.252880111838241106e-01
-3.849991040105475437e-01
-1.646853925418594045e-01
3.765105780597263752e-01
-3.644383656447007236e-01
-1.422566172880807278e-01
2.885057870857604678e-01
3.470121223973028357e-01
-9.293905189492408514e-01
9.833664635774144736e-02
-1.447125464473014156e-01
-7.828600425999072687e-01
-4.787664202083399823e-01
6.911771930956794874e-02
-3.299344673803868977e-01
1.209156881671773764e-01
-1.498151516621040735e-01
-5.345123304492348515e-01
4.546969556183244054e-01
8.675924169239093153e-01
-9.042874686325468314e-01
1.099104224437575272e+00
-6.385629368562379948e-01
5.297556133728306138e-01
-7.237365979730683296e-01
2.596747415289988314e-01
1.045963710858553164e-01
2.483759334967498567e-01
8.694163675615316222e-01
6.371009406747940584e-01
2.146723656773386613e-01
6.940618212313984792e-01
-5.394707044646284144e-01
-2.649780801667090402e-01
1.343494593577178875e-01
7.589402303233918623e-01
-1.886377017217971130e-01
1.514045767844467982e-01
4.968739204054080372e-02
3.361136765977861818e-01
-8.388596796469430794e-01
-3.105823784503679019e-01
2.827035860658817512e-01
-1.391629688214028882e-01
3.725912009055315499e-01
4.293999042907701430e-03
-6.035280714343195241e-01
-4.356152103430990796e-02
3.162821739356734274e-01
-8.920409705982533799e-01
-2.131375311217962309e-01
5.141258330465439119e-01
-1.204466531921431494e-01
2.203672532091872083e-01
-2.065470925310451122e-01
-6.833067322133363763e-01
6.644443345916439814e-01
3.941485861784761457e-01
9.594185305849267653e-02
-1.443012085732228167e-01
8.744715855788146031e-02
-1.609075135334685214e-01
9.331960880539713621e-01
4.414858479210406195e-01
-2.344303492122149501e-01
-3.321776650457768931e-01
3.104489782458277336e-01
-2.104513495041618332e-01
-4.633542719528397358e-01
-1.961333301682526287e-01
7.414892774752485094e-02
-7.322125072896273901e-01
-3.755652178035701061e-02
-3.113005745570761595e-01
-2.059685643828044199e-01
-4.045919710202225406e-01
5.939590123625126949e-01
1.206972623377497167e-01
-1.788751764655257537e-01
-4.033371559122698180e-01
-4.740241199576696318e-01
-6.242234121534461222e-01
4.758640045795994311e-01
-7.392753637060505145e-01
4.846206299519849048e-01
-3.094746321050252380e-01
-1.169441497797292229e+00
-2.018448463435227880e-01
-5.663802892588907234e-01
4.476244110182598934e-01
4.692153674414868414e-01
4.685961617582089511e-01
7.301565358045168930e-01
4.520455131174270225e-01
-5.408377804738748740e-01
-4.079434334670439810e-01
1.051664250275444301e+00
1.387585905022083732e-01
2.661772375428330534e-02
5.205236011554686959e-01
-1.016190381039771967e-01
5.349326108464509399e-01
4.027865427738834270e-01
-5.316216751439065691e-01
1.527544810824839616e-01
-9.065440434268354775e-01
1.413191347625807115e+00
-1.825056466371640651e-01
-5.170821946746713138e-01
-1.886379317612327244e-02
-2.509148683303943916e-01
2.173418856396036325e-01
-2.015769737650583704e-01
-3.750799997595520852e-01
-1.166048619627419347e+00
-8.759860407144040573e-02
5.835511238868767991e-01
-1.141108462254353806e-01
-9.111995918825698260e-01
6.053401789649615061e-01
-8.576866838105493551e-01
3.361178424220220284e-01
4.572623681746683655e-01
8.212598802178742163e-01
1.216229187434018755e+00
2.211810890881949487e-01
7.269491533564387264e-01
3.733393349071439937e-01
-7.197354585378331615e-01
-9.646388879891499846e-01
2.846170026397760733e-01
6.646116270769660828e-01
9.137398494332257259e-01
-1.280444888449022989e-01
2.851348459242007416e-01
-2.244585028052916431e-01
1.199670054350601145e-01
2.434567722456908445e-01
-2.696068216791451810e-01
-5.185132303587762781e-01
7.056818606479332567e-01
3.820172147752907144e-01
5.676009738795808612e-01
1.179251372820908195e+00
1.583806152768532371e-01
1.273619850971644096e+00
6.574035107172160330e-01
-4.686465000586562818e-02
6.936305317065485365e-01
-3.682554386784800959e-01
-4.367186823748863134e-01
3.569936527103670931e-01
-5.171803305791277117e-01
-3.515177772459895378e-01
1.607436233405088455e-01
1.731959171071349168e-01
-1.380035297061604216e-01
-1.456509025644818212e-01
4.185045822384216713e-02
-1.336852629529229619e-01
-4.642731039131314796e-02
-8.110706166620543778e-01
6.017759119398864431e-01
2.464754161847543257e-01
-6.284295535661682530e-01
-4.445660668911771696e-02
3.130077098448895700e-01
-7.933544983303149056e-01
2.110687230576970552e-01
-6.159022095119940365e-01
-9.263399242213730123e-01
-4.607354348900859209e-02
4.245069403636904104e-01
-8.724083824892834294e-01
5.215380448917389389e-01
8.948750695661075727e-02
-1.149878814061974786e-02
-1.641241079361505650e-01
3.296760286398028178e-02
-2.142624622573409965e-01
-1.407877973683567541e-01
8.604436319065202898e-01
-3.439746891288959496e-01
4.142813593315698983e-01
-9.323282746900312112e-01
-2.062240108275832651e-01
-6.602094642668023816e-01
-2.281980186915832931e-01
-3.955442826607050710e-01
-6.847676850406523297e-01
8.315258214599487996e-01
-1.222457593956211286e-01
-7.107250059319833446e-02
1.668328299618546229e+00
-6.017738829461191652e-02
-1.277411089667612520e+00
1.466186239673186176e-01
-2.481609419348336787e-01
3.705239795601767416e-01
6.956618873656983393e-01
5.945024028598547838e-01
-6.090625319829914286e-01
6.827145989768209633e-01
3.717184212677134836e-01
-2.759669220111378163e-01
-6.545286124369297243e-01
4.656390616620260658e-01
2.097692718048365101e+00
7.314476784400376630e-01
3.676306890336624167e-01
-1.667334101552179204e-01
-4.498377636123750412e-01
1.043145777258196460e+00
1.863065521437617944e-01
6.764011978133895875e-01
-3.202176651462328993e-01
2.579175859840663332e-01
1.283200111762662576e+00
-2.823806043835738744e-02
1.096475671200120572e-01
-8.106950323074499920e-01
2.997040180369578977e-01
1.489541446504865918e-01
-5.080738010047810560e-01
4.586644166953476875e-02
-2.305797139165173260e-01
-2.924350365265339091e-01
6.223925145631614697e-01
2.045472108270547651e-01
-1.701491243154997779e-01
-6.003713520135740556e-01
3.984605130207158341e-01
3.313135225367786485e-01
5.620597640466311606e-01
1.640955609012538119e+00
-1.535373072513503134e-02
-6.833367307960371839e-01
1.332750148234768117e-01
2.555878497238664449e-01
-1.026168729685330572e-01
-7.521265671212652437e-01
1.558722930357828718e-01
5.199323762689338491e-01
2.710130271087074494e-02
-1.287476315284630801e-01
-5.312425530963252873e-01
-2.258407779568266660e-01
1.245398609602852424e-01
1.465447428510521455e+00
1.310824144729627605e-01
