-8.582506665839345628e-02
-1.720970067127589598e+00
-2.157942200852943915e-01
-7.213209823974351398e-01
1.298718691690159688e-01
-3.915727134220774175e-02
-1.029000591730382108e-01
1.319844296655370730e+00
-1.910713240590036499e-01
-4.955435219036524175e-01
7.870659772457014869e-01
-2.277171579016520897e-02
7.026052549020167515e-01
-8.948555720322601825e-01
4.296613489931476737e-01
-1.946845879284703901e-02
1.449765120161039186e-02
8.342358238012662630e-01
3.971744269682260242e-01
3.997303442947806179e-02
1.891633979254545794e+00
-1.262140076241666797e-01
-2.136045848071399522e-01
1.666498758677904757e+00
-1.672756663696644885e+00
-2.955918523077052384e+00
-2.210596139213140687e-01
5.646042746181162419e-02
1.917512007834414112e+00
-1.840920263238716492e+00
2.912681112189177690e-01
-3.765125703512649247e-02
4.803716379006465198e-01
1.157625514667469935e-01
6.792618382424152612e-01
-7.020627295258614620e-01
-1.019249890445163231e+00
-8.401639336963521165e-01
-1.051866099657174508e-01
1.074549596594312151e+00
5.373498066479183155e-01
-4.221935286281681687e-01
-7.869985843023682426e-01
9.559663588819239388e-01
-1.384992449245206148e+00
-1.945815770518511068e+00
8.019417483400989033e-01
5.452197829154993292e-01
-6.645659772028207346e-01
-2.396523356444317174e-02
-1.426879997047984849e+00
-3.187977189539358824e-01
1.190389455671606811e+00
-3.845808673981313680e-02
1.516966289880556040e+00
-1.872920023934321110e+00
-3.666862075489930595e-01
1.529681652849044227e+00
-8.597356298795677532e-01
-2.177560155416684018e-01
1.144818958165102624e-01
7.679587360585529154e-01
1.045037032944567512e+00
-7.740540870722788513e-01
-1.879461581691753425e-01
-4.656284793685089851e-01
-2.988963226757418989e-01
8.719445848487773487e-01
-4.535445221820421646e-01
-1.606639739760870711e+00
6.283379286240512451e-01
-5.628728440475277983e-01
3.186316593045656620e-01
1.501798715665529360e-01
1.595364216674409752e-01
-6.588616297532369215e-01
1.387986526658508968e+00
-7.799597808973802726e-01
6.196466519140535478e-01
-7.589562124914159824e-01
-2.220589784715843451e-01
-1.059025475834045826e+00
-6.913445864740102031e-01
1.039673901933700906e+00
5.393395450802408453e-01
-1.778591132187491430e+00
3.138030387704750512e-01
-1.808664959424649554e+00
-1.461804487240740968e-01
4.981019964501329778e-01
-6.074860037871158969e-03
-2.945929772923671086e-01
6.037688578277610185e-01
4.253389376136931244e-01
1.467404699181098504e-01
-5.506602988481362759e-01
-8.101767809083100513e-02
1.498332470848060982e+00
-2.946479928144223395e-02
1.259542902982366597e+00
-2.828450202218512483e-02
-6.677669048592822509e-01
-7.592586046037825831e-01
-4.068155138247586677e-01
5.941766861049739834e-01
-1.015643901978827923e+00
-1.396705808368661206e+00
-8.366060633093834742e-01
1.746424619501962150e+00
9.090783939869853114e-01
3.926483538881969659e-02
-1.770713834474806125e+00
6.752444278467838457e-01
1.691131589978279726e-01
1.101164228672423917e+00
2.386342660042054808e-01
-6.386719665039931881e-02
1.195012896594661811e+00
1.249691896532725277e+00
-1.031539394030863033e+00
-1.597109914588936030e+00
-3.188221732018329813e-01
5.287265601125710202e-01
7.211443266055949097e-01
-3.790627923472499050e-02
-8.192310758558301043e-01
1.779929292008480823e+00
-7.181647262247018437e-01
-2.425310979795137212e-01
-9.459890984417530513e-01
4.809329587887469781e-01
5.671685884340577077e-01
5.635945712513042993e-01
8.016180707638231873e-01
2.087275429091778101e+00
1.101314383998575286e+00
-9.690638827232999075e-01
-5.351023616704763120e-01
4.167883593202581505e-01
-3.932034134187401553e-01
-4.056909283475388928e-01
-1.000645298111791259e+00
-7.433992639035277850e-02
1.495182786295795596e-01
3.346789558813111354e-01
-3.760520782907528226e-01
-6.976060941839997698e-01
-1.892293228068958610e+00
-2.243018006197926850e-01
-6.170284975999309474e-01
5.937628811589138467e-01
-1.706126749128032305e+00
-1.794424398121507780e+00
-9.438080399417663191e-01
1.762980547316418400e-01
-4.469091304694521871e-01
1.141441700457220598e+00
-8.911989316954703755e-01
-6.143945689182899184e-01
-8.642954225385319766e-01
-6.217795674833276331e-01
5.293395827667639608e-01
9.999128670928228435e-02
1.465280477412955307e+00
-1.574497505650106488e-01
1.510334349196224557e-01
8.355415531350178782e-01
-9.273404787825478834e-01
-3.196365883952011488e-01
-6.308587041956040808e-01
-1.400257468342431810e+00
1.057068354282832745e+00
5.290022407363191848e-01
-1.036079168086664559e+00
-6.148396843153047797e-01
1.320650069629370760e-01
3.766209825944527023e-01
3.935996828657396529e-01
1.754057054613190836e+00
1.686656748729594479e+00
8.450495356385003820e-01
2.205919435152142727e-01
2.848823323587438283e-01
5.384172204594378508e-02
-1.535725034496352226e+00
8.109773175595960115e-01
-3.461003803340176876e-01
1.798342606410332500e-01
1.909973074516854441e-01
1.832058551010267600e+00
-2.838902881982897641e-01
-5.662349297662330194e-01
-5.686195074084556822e-01
-3.140814458371177231e-01
-1.342503533355976775e-01
-1.250233800026391062e+00
3.738476971456688447e-01
-9.872552702968838689e-01
-2.468406161294332435e+00
5.910214293465270163e-01
-4.520757476554677079e-01
1.700775524541557449e+00
3.724165269912996790e-01
-1.722382457372090947e+00
1.313564298245696094e+00
2.139639926437837847e+00
7.401302373042688565e-01
-1.783074900222045844e-01
-2.022328796187342626e-01
-1.916105014478285851e+00
-4.059607258734936885e-01
-9.410722539233695727e-02
1.702668358618082634e+00
9.893249312593762300e-04
-1.951932772229700408e+00
3.117705384475111252e-01
6.375990594100818809e-01
-9.320979678185715711e-01
1.000080635270246709e+00
1.861672015890812300e-03
3.557241185225782365e-01
3.132009920473468600e-01
-6.779693524893202206e-01
1.430574585801662968e+00
-5.741357171364236400e-01
5.290290864786835190e-01
7.781109201435693068e-01
-2.980121704640275038e+00
-4.122166625918736726e-01
-7.885896490967526651e-01
7.483931030363686343e-01
-1.725459200378118174e+00
1.413100840279528925e-01
-1.273418829134350394e-01
-1.748490443705289499e-01
-2.150797107610196712e-01
-1.016144441705830959e+00
1.051209174797155921e+00
-3.121918624576413004e-01
2.134793764175203501e-01
-1.253323025698775961e+00
-1.188763469999783551e+00
6.516545302579566101e-01
-8.766864874746757019e-01
-5.827905838562341678e-01
-8.000871962803789428e-01
-6.398706771284962125e-01
1.818451587255073498e+00
-1.353037300016346034e+00
6.449998166220208828e-01
