1.409768698822436050e+00
-1.528029150333639397e+00
-5.434708248995696600e-01
3.097561536109200153e-02
1.707306507951110053e+00
4.551667555331868065e-01
2.619921917991702820e+00
-4.590666450905930285e-01
-5.453013551705621076e-01
8.092319432556275283e-01
-1.492166946757627954e+00
2.579961224770980777e-01
1.343345169024640295e+00
6.002729323752220569e-01
-8.349136030552645193e-01
-5.109833013507949495e-01
-2.039195025271581807e-01
-9.904754912143822754e-01
1.977366029579609719e-01
2.342032578497858175e+00
-3.644774654065952579e-01
-1.768611314076564245e+00
-1.287375916228567174e+00
-9.452967067095278120e-01
1.874405238906212690e+00
3.658714754782030898e-01
1.196960849506848668e+00
2.298227285636733619e+00
-3.268562102348715470e+00
-7.923613836522273024e-01
4.536587489314449217e-01
2.950014659401855033e-01
3.047734651701923259e-01
1.152567886780287765e+00
-2.182375918866267250e-01
-9.182749031171409948e-01
5.220485276738182634e-01
-2.357241199674249277e-01
-1.145750003895400493e+00
-3.479015244690781827e-01
1.176741111098312143e+00
-8.682719295660264180e-02
3.248912381474637345e-01
-1.401776413265274801e+00
6.727885230677792539e-01
9.220186473304587960e-01
7.873586885828924853e-01
5.871241455370713735e-01
-1.578158581120707726e+00
1.897104727552233472e+00
7.265081387654587219e-01
-1.023564338010008345e+00
1.196804463720277489e+00
5.583615561491632739e-01
4.398565313493774109e-02
-8.375750760750682034e-01
-1.226218416616133400e+00
-5.249854427037574656e-01
-6.081314856960541304e-01
3.931780597242987563e-01
1.456981874255739218e+00
-4.319245891675851379e-01
-9.611545866320992948e-01
-1.173403586755377148e+00
9.865440079090483927e-01
1.127568377211727757e+00
1.766434385033531562e+00
1.765640511125401990e-01
-7.369340325548686677e-01
-1.281390137999972589e-01
7.964168161039011373e-01
-4.024089461816218183e-01
4.655170637463740269e-01
-5.806075371217918057e-01
-4.233923647658673350e-01
1.383818996372359944e+00
7.283260364721377833e-01
1.134471401326003992e+00
-2.126102784977864424e+00
2.727752975954987891e-01
-4.398786835060497502e-01
2.005329302331410601e-01
-2.856758502529892052e+00
-7.761512740313131209e-01
7.390540467531730995e-01
3.171036232537985944e-01
-8.171263342398777940e-01
5.319698376354323743e-01
-6.715118286666957870e-01
1.083868434645100409e+00
-7.537361556543058505e-01
-2.837984764451011999e-01
3.467905381591103176e-01
7.945291037856995198e-01
1.538268408223731232e+00
-7.942114677353985241e-01
2.390583251419252653e-01
1.405596087841859965e-01
3.486841589508171690e-02
1.004702437777389656e+00
6.162563050654609742e-02
7.304640288920394298e-01
-5.819946126992118218e-01
1.037470434766548433e+00
-4.241945625669630293e-01
-6.898059484468590519e-01
2.763709076181651847e-01
-1.437779824195640765e-01
-1.263327097241824681e+00
-9.799879437483365319e-01
-1.938401239840766177e+00
-6.263818367992852743e-01
1.888795968076638410e+00
-4.282331939059237369e-01
7.273196811794361283e-01
6.835254245264978934e-01
2.081128479478238091e+00
4.645079159378150413e-01
-2.457128946852766838e-01
2.869449335230196962e-01
-2.463509573662344687e-01
-5.837777797349464892e-01
-7.541640179703490432e-03
-3.091739411316538622e+00
-2.272505109912403398e+00
-1.766772045754353870e+00
5.785954502132550914e-01
3.643596662859899471e+00
3.891738947344359767e-01
1.683114852747768175e+00
-2.443873881063999498e+00
-4.509901694749175460e-01
-1.079551974567342754e+00
4.040870232961646380e-02
1.035813011696778529e+00
2.661971698887118709e+00
1.817953800532179365e-03
-2.294890204403474687e-01
2.598357392346262174e+00
-1.647375864948978030e+00
1.297313326759430785e+00
-1.121669822580123155e+00
1.933221042959249791e+00
-2.062048351393541701e-02
-6.837294381829623902e-01
2.154694972862291058e-01
-2.288804739216292905e+00
-1.095811462981148621e+00
1.717260173515600952e-01
1.202913658526019169e+00
-1.408514198841899212e+00
-1.507237255572451584e+00
-9.811554174104152315e-01
1.042585846886413536e-01
1.121760025575389452e+00
2.071192945468960933e-01
1.030719995588013749e+00
-2.620480463172692787e+00
-8.598599207155317448e-01
-1.672187815021157320e+00
1.212548160054691015e+00
6.171264461893878339e-01
-5.618510083530292576e-01
-4.498556911231185396e+00
2.143502387853962965e+00
1.498244450066980704e+00
-7.063007971788238804e-01
-4.805764195750148460e-01
-1.249142127168052951e+00
2.868614290485278051e+00
-3.630783657439946577e+00
2.199886574843488152e-01
-1.436464994242124149e+00
6.911329172101710050e-02
-2.568085008955247606e+00
7.158705614711406984e-01
6.457106251820428078e-01
-8.483673262298143669e-01
-9.822134346139010930e-02
1.145965392819581208e-01
-5.098636053631335763e-01
-3.241885589197913142e-01
1.685027631346376564e+00
-3.204587525137700954e-01
4.812400914278700537e-01
-2.175140317211203822e+00
-1.111270550638371990e+00
-2.063812210804476521e-01
-9.056010239513820892e-01
-6.354301607517309769e-02
-8.017322017997274841e-01
-1.242806524887177577e+00
-1.345539365320613578e+00
-2.595413104244136182e+00
1.624091419446611617e+00
7.224876569149847327e-01
7.906923844013278302e-01
-6.271366270892450023e-01
2.331719928558324106e+00
8.539761858629242308e-01
1.578705200670177611e+00
6.943257315871786961e-01
-1.380811056195238251e+00
1.193718001895291980e+00
5.544598317101280260e-01
-1.949008325325662927e+00
-5.883689549387556283e-01
1.728194558974293082e-01
-2.150932411197023164e+00
8.975491991784151358e-02
-2.712858647990998850e+00
-1.956173613621640328e+00
3.441912745795598916e+00
2.757167718264229350e+00
8.895333781304628484e-01
-1.233461273589899765e+00
-2.336802328384516514e+00
3.291917506829638906e+00
3.248398131115224907e-01
1.352396905217308820e+00
-6.240164037175026657e-01
2.053545505726415588e+00
1.644111254264652544e+00
8.587056890486548522e-01
-6.126805778424783133e-01
-2.980507821785203681e+00
-4.433963723218747877e-03
5.181632678133495373e-01
-1.720016442652730904e-01
5.258773455181026124e-02
5.101571553607402443e-01
8.596292107144123396e-01
-1.324155023298918099e+00
2.807784318604080731e-01
-9.130105856892680727e-01
-1.639321442264737749e+00
-1.169833987154504928e+00
1.156873988268863451e+00
5.683334141550659968e-01
-7.277380194504266819e-02
-6.646095551323267792e-01
7.815887713947281545e-01
8.218198062173720508e-01
5.061615615685305380e-01
7.637790967195271508e-01
-1.033568177559138102e+00
2.221992498615100509e+00
9.968628320262905573e-01
-5.676647329456748770e-01
1.477067429918544672e+00
-2.101960786161661154e+00
-2.041590528441381558e+00
2.110725450254029134e+00
1.333815625890495848e+00
7.723933822979149877e-01
6.045453209114513005e-01
4.976670059872367879e-01
-4.007766876302953030e+00
2.802565014411387168e+00
1.492600028817800517e+00
2.316448698505853554e-01
1.103799017190029819e+00
4.028730120914712387e+00
1.891979739606274524e+00
1.653258184977694834e+00
