-4.304111323697648039e-01
3.407167804194757288e-01
-4.758699168536861812e-01
3.218243661291380064e-01
-1.163176862505237441e-01
-5.477880098289582556e-01
5.918407679005643907e-01
-5.577206739694524629e-01
7.734830591194268301e-01
6.817743867623635712e-01
7.791825342035414437e-01
1.086388440406536038e-01
8.554087458295265289e-01
8.380277816404875235e-01
9.562883700537283538e-02
1.493940411309138128e-01
4.204955631899494062e-01
-5.436119194024415791e-01
6.268356033341466738e-01
-3.188831285289015494e-01
3.815440469803257351e-01
9.498860490489424713e-01
-1.111719395514136899e-01
-2.642729704257185119e-01
8.411866283513342868e-01
-9.282838108553206347e-01
7.978427578585314262e-01
-7.769904091430823723e-01
-8.950474510916901494e-01
-4.219053046652598837e-03
1.189178194069289152e-01
-2.918202035485688572e-01
8.949507387528550240e-01
4.708282398540153402e-01
-9.879296006604458835e-01
-9.852694336039962142e-01
9.411281353565881247e-02
-7.797482334884098254e-01
5.691933222372647094e-02
-4.656143143865372203e-01
1.629731471774231721e-01
-3.493196739640087589e-01
-5.949351396279527471e-01
-3.552011981528382378e-01
-3.229982547419536498e-01
4.197589828285863689e-01
-7.930927611861684490e-01
2.872059817759997635e-01
-4.329689150441768941e-01
5.617672555433472770e-01
-1.239765080895678384e-01
-5.754049656224480280e-01
4.725219269998723881e-01
4.126484929047280481e-01
-8.521323038862642640e-01
1.950658199122767833e-02
6.897414576390124008e-01
9.572371153919714271e-01
-5.027616740980951349e-01
-3.920415795621787769e-01
-3.127516278556168317e-01
4.504237371168855475e-01
6.064473816113546967e-02
-5.496452397789377553e-01
-2.520295543272417227e-01
5.335975016147471717e-01
-9.563986559516535202e-02
5.342296950703075975e-01
6.794251463753941955e-01
3.065946100518697204e-01
-2.553255488276473528e-01
-1.134918458936451380e-02
-6.729043045478000362e-01
-5.005239904121296934e-01
-5.297013583024414718e-01
-9.293512046576328789e-01
-1.414522897354661968e-01
-6.950512767551815241e-01
-1.594715241854927079e-02
-2.101068844648574796e-01
1.131229777030762218e-01
2.021394532457465587e-02
6.980747846237587151e-01
9.928573820257808880e-01
4.032914116886088252e-01
4.891251368164868385e-01
8.169732354915741901e-01
-5.697419937557652858e-01
1.988854505716359800e-01
1.986338523359760799e-01
2.914411256713573817e-01
-5.177469250772541720e-01
-7.047755960884511950e-01
-3.882844259385085373e-01
-3.277724630760521229e-01
-4.831825046382995925e-01
6.051568650704377550e-01
-1.531122430007509916e-01
5.090109771919744119e-01
4.053893248535209715e-01
2.483329941862622015e-02
4.153301709746615167e-02
8.878510189381108031e-01
-7.035416306493271765e-01
-9.510743945964432733e-01
1.661048745536142235e-02
1.940881893450352447e-01
-8.552436745949876240e-01
-7.410022999147405365e-01
-6.811025422211480773e-02
-9.414674551665587199e-01
3.505113953458471876e-02
-6.843254911522032025e-01
-7.079002648712724444e-01
-8.917248876959549264e-03
1.142001770365546065e-01
1.865507920805875575e-01
1.995173777236431967e-01
2.405098665745935005e-01
-1.962037374379601573e-01
-5.999242119241647853e-01
8.717214672319746338e-01
-7.856211017880234682e-01
7.846516070982587632e-01
-2.177864334842369853e-01
-6.074762282778951583e-01
-3.448910833750076232e-01
8.557982530657357589e-01
3.447310603855173738e-01
4.814305733361377015e-01
-7.793933832541277695e-02
9.848177436611338376e-01
6.595647747154806950e-01
-4.339593336622218356e-01
5.993946297821459712e-01
-3.481903094527445397e-01
8.724387057092140019e-01
-5.930730669956281176e-01
4.397834494717383080e-01
6.111162990403617989e-01
-4.288762429176125046e-01
-9.002008569944042193e-03
2.422378090349599500e-01
-9.696876935348177629e-01
-8.394056407914303186e-01
-6.627325371547745370e-01
-5.322465391952035940e-01
3.578584589492230794e-01
3.938620270158714742e-01
6.635522514451028808e-01
6.040036099059471475e-01
7.529436011802008721e-01
5.051381030181549825e-01
-9.094153594922438355e-01
-3.065103576534335961e-01
-2.178038225381746518e-01
-2.997258161437821311e-01
-6.410049307458158818e-01
-9.260610596486398283e-01
-6.151682097357324963e-02
-7.087646750407248231e-01
-2.874266921274335473e-01
-3.193293607801743761e-01
9.735347176239859124e-01
5.307047206020305552e-01
-1.989756610347273025e-01
1.889120859562161137e-01
-7.602950583840712984e-01
4.244664324021218960e-02
3.113449473138358847e-01
-7.825350811958227126e-01
5.286214767458112807e-01
-6.968971990377355041e-01
-7.180074398451772311e-01
-3.283304684646664029e-01
-9.374816055125392289e-01
-8.868264509651473393e-01
-9.845044115679264518e-01
3.861027097034488431e-01
-4.665143047293296430e-01
7.743101265540375255e-01
6.766998596893369911e-01
-8.057626054119249037e-01
1.439803431771722320e-01
5.968925160418558917e-02
9.902691621609802652e-01
-6.158466076802118216e-01
-3.525573126495080700e-01
-1.115014533108271699e-02
1.410288261413601418e-01
-5.461426580754003002e-01
-3.078789817088911640e-01
1.901838864606186785e-01
-2.993547866559613801e-01
3.345462013572428894e-01
-3.361153172584330218e-01
-9.151610148815858548e-01
4.189501571796521162e-01
2.121434472407224270e-01
-8.679540678464745529e-01
6.644544481291057014e-01
-3.756788603024925344e-01
1.317736949309336048e-01
9.248971752548158509e-01
8.550473081665690422e-01
9.861003038057027936e-01
-6.101167843479200492e-01
-3.549895570296826008e-01
-9.269137232150723715e-01
-8.955587652410850197e-01
-5.098179012940688981e-01
-3.662761083719039412e-01
-7.700829614588258210e-01
-5.912921762175342710e-01
-2.498874236656121184e-01
-7.933289410186006307e-03
4.153531422984029220e-01
-3.886311390645325048e-02
-7.874358052145202791e-02
2.999363322822663491e-01
7.775470249350795449e-01
-1.363724206988412568e-01
8.540547834360752155e-01
9.240223876070268183e-01
4.984008378842041953e-01
6.758064273628907603e-01
1.252575935201754032e-01
1.750081448998219713e-02
6.975610948140624767e-01
-1.533916232308354388e-01
-5.651357754215726725e-01
-1.040164319163514595e-01
1.463745896122146117e-01
-7.279076393504466669e-01
-9.565032990743629338e-01
2.198194636616865871e-01
-1.035890731290094458e-01
8.975936352135360785e-01
3.367784508877424976e-01
1.987514881993379667e-02
-6.149835498315232574e-01
9.961785298517629172e-01
8.477356153056705423e-01
-9.769503855976917617e-01
-9.792147171799170380e-01
1.780721839052377131e-01
-3.325297288367057291e-02
7.518760913226310016e-01
4.526830672776969156e-01
3.366796246744903076e-01
2.637718163362996471e-01
-3.955382528166990763e-01
6.738908397142475692e-01
-3.539505214998670546e-01
-3.077762681783029475e-01
-8.043583514564052184e-01
-6.769940757226113881e-01
2.805599711302175781e-01
4.248919874560876941e-01
-1.220759119559355899e-01
-6.862872065125962262e-01
5.022851296865411541e-01
-3.297835274207632228e-01
-3.297678124181113724e-02
1.437059936176490194e-01
