8.219142515215928091e-01
-4.848736169493414461e-01
-3.463746238762366869e-01
1.271577411204908303e+00
-1.561956963259741427e+00
1.571054442864930678e+00
-7.157773549596666562e-01
1.028100948666313297e+00
2.271000382849007460e-01
-3.394491942420410080e-01
4.946306688591255440e-01
3.843309347181926849e-01
-2.728325883468816215e-01
9.671855724417602884e-01
2.711803204955943319e-02
-5.885951183883371129e-01
1.699078648027678939e+00
-9.215833015332970390e-01
9.605293898946468678e-01
7.157489986545065852e-01
1.509874878747937244e+00
-4.800053047727514954e-02
-7.013796859378225168e-01
-1.132186242338651505e+00
-4.338971653979203924e-02
9.413258033462286178e-01
1.351900654557471659e+00
1.101989818336822191e+00
-1.720110889629333117e+00
3.864597602168531876e-01
1.596562052119469277e-01
8.092694748837077068e-01
-1.996666213519572297e+00
9.143772262764943148e-02
-2.584688354205717520e-01
-1.862026114654058706e-01
8.142019684921502076e-01
-3.231175441896131373e-01
-9.443774077206028295e-02
-1.767855171653345270e-01
1.278679718309159385e+00
-3.300681272187673265e-01
8.250425947629485002e-01
3.526097508431715877e-01
9.565304133131080633e-01
6.461101817750295462e-01
3.650095485408628160e-01
1.064945489973673443e+00
-7.771351147689775640e-01
2.341089240945255778e-01
3.734687925473612752e-02
5.166011552466606149e-01
-1.428783402190216378e+00
1.145719580466996845e+00
-4.286515013538542140e-01
-1.529570824231867743e+00
2.100852048682179118e-01
-3.147232283040592549e+00
1.121505323566877932e+00
-5.252470377703981619e-01
6.372647581975543485e-01
6.301655959608252200e-01
-1.143307284878191776e+00
-3.173879992976932213e-02
2.046597783098794143e-01
-6.695877954818035827e-01
5.394394267072385452e-01
-1.829380630280442732e+00
-7.317637114675857868e-01
2.719453327787595409e-01
3.352954849243136581e-01
3.920358709162755084e-01
-8.548264794500984864e-01
6.425991070172107911e-01
1.017435997623977739e+00
-7.982445960010180475e-01
2.175438548791060744e-01
-1.497780721385645775e+00
3.416855858760208253e-01
1.336851945593330981e+00
1.468171787788100868e+00
-9.442484204579051355e-01
-8.704067374380983768e-01
-7.345092955754272124e-01
2.761983153091107090e-01
-1.049357801708431293e+00
-6.403079373844460243e-01
-2.119927055034377672e-02
-1.677111330736719141e+00
2.058638050473468595e-01
-9.448637924787334219e-01
2.056190838705988233e-01
-3.012329778307474282e-01
1.607904723576285555e+00
-2.562351248724311081e-01
-1.019127267941685455e-01
-4.990532361027985586e-01
1.035819691991749725e+00
8.783135503569319269e-01
7.055976209097375440e-01
-1.579750275002710591e+00
1.346799771726011619e-01
8.546530286381334163e-01
1.157205884341429680e+00
4.033655063947225727e-01
-1.897212146124218179e+00
2.703816888596133894e-01
8.879240727243874476e-01
1.938422144124150037e-01
-9.094678264544976409e-01
1.412180255304117837e+00
5.739185232346958321e-01
-1.421589168011293758e+00
-2.578451932636346422e-01
8.208607114114715442e-01
2.248925865060212859e-01
-7.106219643040979639e-01
1.214914902049514023e+00
1.907946005377221921e+00
-2.833288185029526618e-01
-2.340637580143145602e-01
1.510867785588111689e-01
-7.241652459311835877e-01
1.883046835176008571e+00
-1.948581635909018228e+00
1.620069840999138977e+00
-1.129047389271976565e+00
1.151709850611614794e+00
-4.888616558129910694e-01
-3.079291525942969288e-01
-1.348705494038126451e+00
2.458798101641014089e+00
-1.427350325539094467e+00
5.532141888434867205e-01
4.088038547000625855e-01
7.332005575301288047e-01
2.770986812906889862e-01
-2.083091292440938602e+00
-4.897556855682951849e-01
1.906559877580937335e-03
-8.359490327654257591e-01
5.197063940401071003e-01
-4.492328251226551661e-01
3.139476013937341631e-02
6.288649756251305512e-01
1.804332289653882426e-01
-1.227013079017220232e+00
-1.719081992908366496e+00
4.932811509073251055e-01
-2.908593415849340669e-02
-1.170973513988592840e+00
2.834726476634561898e+00
-3.299886870465557065e-01
9.017760553957345770e-01
6.763421764250907575e-01
-8.590113481353708336e-01
2.915364709870027493e-01
-1.143667218263313856e+00
-7.604141514985001127e-01
2.674766723358959486e-01
-1.376335959503300455e+00
-1.586475899016145386e-01
-1.570758809628680674e-04
-1.339044317226715020e+00
-3.596567934571748837e-01
8.905281423390287721e-02
3.506388376376430860e-01
-1.327035606495162723e-01
1.755533584417155457e-01
-5.074686514996831210e-01
-1.338271554569585131e+00
5.277433123546007021e-01
-2.932275298172485889e-01
1.411547408467128006e+00
8.474681395614871993e-02
1.571307909946603409e+00
-1.113131826379653910e+00
-1.007308582588999218e-01
-4.100912512684948275e-01
-3.383753110742625525e-01
-1.188772392206060902e+00
1.850842701673573787e+00
-6.388494780812733476e-01
5.968130633747883440e-01
5.507133825219804324e-01
-8.991425265140690071e-02
-1.280957717885426783e+00
2.273720059927391901e+00
-2.390249962174267329e-01
8.706519289211083201e-01
4.138889115121603957e-01
5.077973125561823231e-01
-6.171078230809257104e-01
3.995485550767731153e-01
-6.276044432653373750e-01
-1.032711663750284226e+00
6.960489180502715811e-01
-1.777174468371670812e+00
-1.269306781935428119e-01
1.199715034720270523e+00
7.693721206723241890e-02
-2.330921612497990625e-01
-1.627263441524693599e+00
2.075649290479476772e+00
7.479734542817688681e-01
-6.776566191233198699e-01
-7.297224223038896174e-01
-6.716947301473581433e-01
8.458746259302241111e-02
2.211800084619372844e-02
7.157009881826402742e-01
8.474496003885980677e-01
1.738109815595717089e+00
-3.471859029645691375e-01
-1.520263343099982345e+00
1.290702335544419155e+00
1.404127369036548334e+00
-4.450361530749089023e-01
5.953273120913575855e-01
1.508288980146581970e+00
-1.990704206692167855e+00
6.416194618170977249e-01
-1.705234169704022085e+00
3.614627196251951058e-01
-2.571357087323384860e-01
1.323846365249062185e+00
-1.151457577097113161e+00
4.661004736682047289e-01
-1.030175425230482888e-01
1.297943478298203002e-01
1.991626082814620391e+00
-1.427553135906161952e+00
7.635987758422967397e-01
-6.852851607685122026e-01
-1.077360380899403225e+00
4.005228380509428532e-01
2.750117422939429290e-01
1.127662703684978868e-01
2.032738189226377112e-01
7.456041352172828596e-01
5.049705640330162115e-01
-3.432365013809637292e-04
-1.192699968235017227e+00
2.542476100740530542e-01
1.178632909461175160e+00
-4.595557840695645435e-01
-1.356969493520594039e+00
-4.367495465601119453e-01
-3.281900950131312333e-01
-9.724580858510094572e-01
2.855940453920859934e+00
-1.212766992700513136e+00
-8.390299977240672780e-01
1.023741297157541918e+00
-1.291563167871327411e-01
-8.070519785835043036e-01
1.510101763691164223e+00
2.336633248266186236e+00
-1.158381270194043466e+00
-5.645400821028500049e-01
-4.106695676889339230e-01
1.644967711001441568e+00
6.871143436682283223e-01
2.144760777657777062e-01
6.889590142267379980e-01
4.064881618486040349e-01
-3.464085495513825053e-01
2.894672223983980053e-01
-2.510137913971312584e-01
5.108309159035364644e-01
1.672166424842319810e+00
2.549973857480910544e-01
1.312607136330398827e+00
1.405842812549715493e-01
-6.623201082294379871e-01
9.311747596978076080e-01
4.402087126888103996e-01
1.094104690043271377e+00
4.098689914228280662e-01
3.728750134567697105e-01
1.055725448316560122e-01
-5.088364825631808142e-01
-2.306952778471886845e-01
-1.220078270366061091e+00
1.036882299138552677e+00
-6.053762314739927763e-01
-3.005056011208562250e+00
6.316647688614969169e-01
-5.704066064914903311e-01
-6.951471664443805709e-01
-8.634468728638937662e-01
-1.480525706887133364e+00
1.567354235275602470e+00
-1.961192739318524447e+00
1.792716321004974300e-01
-3.115751380973744711e-01
5.868525478329860157e-01
-9.718712051831223109e-01
-6.869341175804452027e-01
-2.134789979519573944e+00
-5.327564477204872473e-01
1.390402549536520427e+00
-1.068254142207187174e+00
-6.156459701063178303e-01
-3.295903439865847662e-01
-1.542148600921943169e+00
-1.147961235411700587e+00
-2.365099234071074419e-01
4.503243865104282206e-01
1.403894718515543705e+00
-1.177700555391902014e-02
2.090735185345824920e+00
-1.058058778650355469e+00
1.814785813285172411e+00
-6.315999204350934981e-01
2.449217166237082494e-02
4.384417664711967033e-01
1.602217699845231325e+00
1.316084936145349049e+00
8.499819402254652490e-01
9.173998095168111044e-01
6.764564623458733938e-02
1.577388315122474696e-02
1.546323923884469244e-02
-8.449156229357083214e-01
-9.422271432918565004e-02
-3.814518738322945079e-01
-2.003367521269508345e+00
4.047602565319335932e-01
-2.684773217476874030e-01
-6.023570648610998557e-02
-3.069251160386614052e-01
-1.347238208523423353e+00
3.506319003687216052e-01
-4.863602815757159803e-01
-2.420517496370633015e-01
9.792416448323616740e-02
4.438021475871541388e-01
-5.572509821459473711e-01
1.298095225546292308e+00
-3.366249594520456245e-01
-1.912683458719871332e+00
3.056029693465536212e-01
7.360918362259574188e-01
4.801817297140034690e-01
5.622439881632040892e-01
-1.838815454631742008e-01
4.539184327926443219e-01
1.550358514058957499e-02
-6.782561600608161267e-01
-1.158104543468981840e+00
-5.903009999384707385e-01
-4.657085936747062949e-01
-4.238962456806165124e-01
6.880265312169759895e-01
-8.527011464519781425e-01
-1.770664987836668258e+00
-2.636026016857514476e-01
-4.960828324092009800e-01
-2.360177904153810402e-01
-4.492423578600877182e-02
1.618464000768962130e+00
8.077708730573841533e-01
1.007485306746753517e+00
-5.788448434902681017e-01
8.874041877617272478e-01
6.133267146858519814e-01
-8.274673624552068008e-01
-1.227416666672741741e+00
6.328449875181968443e-01
2.232019934255032201e+00
-1.350966631965263787e+00
-1.200502076381915195e+00
5.606047230152485517e-01
6.812437958580658259e-01
-1.846562776247760329e+00
-8.602338575692833889e-01
1.874444005785473044e-01
-5.700542414649811818e-01
7.571357957996605048e-01
2.682316720391057507e-01
-1.421598630305638045e+00
2.061200076172690632e-01
1.202701142164068759e+00
-6.374056941702147538e-01
7.540110739991033872e-01
-9.217644826042377393e-02
-3.443672470257758689e-01
-5.694301272982913442e-01
2.444154884584173626e+00
1.330062776759226573e-01
9.766320252943410107e-01
1.067690215610407556e+00
4.319638914129363405e-01
-1.856956685783995420e+00
-1.330880776539556942e+00
-8.380706115908628240e-01
8.458595536736698284e-01
9.390812288072669656e-01
4.586630541814862294e-02
-1.181793117485350486e-01
1.326127486612016793e-01
2.816552269667622066e-01
-3.309377194263738442e-01
1.340416737772516909e+00
-8.511879396407745491e-01
-4.351518150173667721e-01
-4.215844053462691199e-01
-1.614472211792312040e+00
4.699742587628369384e-01
5.138586203308139755e-01
2.632784487287840758e+00
-1.281897867075134423e+00
1.477612029853238307e-01
-6.785197339814038608e-01
1.928887315812114256e+00
-6.091947435168889591e-01
-5.823350323594309597e-01
1.512046164734378806e+00
-1.049985870209926730e+00
-5.161896606466889192e-01
-1.312337660309857712e-01
1.699833916959889168e-01
-8.250498674769520813e-01
-1.010090802997070769e+00
1.203665623165420362e+00
1.797667018926748517e+00
-1.142780353507354173e-03
7.264565870687646199e-02
1.158763979789385390e+00
-1.169174484586257723e+00
2.455177117041209278e-01
1.466737295819203313e+00
2.013478583526565835e+00
8.108444101990759656e-02
1.284542313927029777e+00
1.567361814244450979e+00
-4.364507182668492247e-01
-3.574754856470292452e-01
-1.115529780337143784e+00
4.508053078071702080e-01
4.513856531321556731e-01
1.769392444796531183e-01
9.966779501053003587e-01
2.194030102898655854e-01
-4.204438429862130538e-02
-1.709576168765915005e+00
-4.749314827605671634e-03
1.668503290938907702e+00
-9.474586670243639874e-01
7.731955937594654493e-01
3.661996573650811437e-01
1.050884132018181649e+00
-1.697491791160046226e+00
2.543057217343376752e+00
-2.730481220276094190e-01
1.549217514955011643e-01
6.107063040121556430e-01
8.043960446016928945e-01
1.003933725791741782e+00
1.285642978101094736e+00
-4.738858114351266471e-01
6.739824218425480296e-02
1.465889799767473134e+00
5.460454113315792446e-01
5.425657740693564657e-01
3.605421074462225595e-01
2.264789897775160821e+00
8.533780505723920565e-03
-1.192923130286994260e+00
-8.504452648584416297e-01
-6.647771694021122890e-01
4.072950060029179586e-01
2.110525518155812907e+00
-7.540168331445615268e-02
-1.553466967500175766e+00
2.914050022021309472e-01
-7.467655029478501016e-02
1.667425217811572491e+00
-1.412607739170943788e-01
-2.200536587907670205e-01
-2.475166727845840020e-01
1.438052768117618285e+00
1.979540210640489128e-01
5.182698971990955528e-01
-4.801548957118092348e-02
-1.372676960983929551e+00
5.986052373002109794e-01
4.876005190356716978e-01
-2.429372263578522428e+00
2.983408752771435912e-01
-9.039996578478911582e-01
-2.914954301559494754e-01
-9.864974049987272897e-01
2.191201321594928864e+00
1.043698670613448370e-01
1.660704948827979699e+00
2.106116559127076682e-01
-4.032768624425838722e-01
4.765038322049575670e-01
