-1.279093253324817603e+00
-5.212487921826743920e-01
1.497329616220973048e+00
-1.485707902045853013e+00
1.562662769588762934e-01
9.293739803128030497e-01
-1.263213247097497272e+00
5.395852656548904003e-01
1.042069398893204157e+00
8.112670164285550045e-02
-4.256272591901269498e-01
1.100919342586435534e-01
-2.381313395018189727e+00
3.019824698444716571e+00
-2.353302281286846043e+00
-4.397604621949112724e-01
1.415120186947997460e+00
8.330706424742477523e-02
1.695784672994510300e-01
1.261061531589489304e+00
2.180763124984248069e+00
-1.042962646717374708e+00
1.587011163947558146e-01
-5.249585040424492588e-01
-1.493426622773429413e+00
-1.378600734178706322e+00
-1.442060332921976107e+00
-1.130565367755217571e-01
-2.143160187140938366e-02
1.218663982465060025e+00
-3.303151976980152615e-01
6.843235489183846498e-01
1.343414062754498595e+00
7.228203911157349282e-02
-1.643808568107237633e+00
2.305104839262837046e+00
1.988108070914302306e-01
-2.466735117214584161e+00
1.640623295004573157e+00
-2.468651588319622725e+00
-1.724641352284377316e+00
-2.336511261277766649e-01
5.104712482088645809e-01
6.185234444804423859e-01
1.369036402467601610e-01
3.166066378569105666e-01
-2.670437419019300318e+00
-2.019277535773850829e+00
-1.238038477194528308e+00
1.034048960550008889e-01
-1.735611662162570568e-01
5.293849522968735455e-01
-8.496651060266713351e-01
-1.359683422043306278e+00
2.349366898432791118e+00
-1.056351204991593962e+00
-9.689239250677209037e-02
5.917715345780499625e+00
-9.164858370258012199e-01
-9.477713287553076738e-01
-1.157717703328768222e+00
-1.596827162647129983e+00
1.102324381618644988e+00
3.660615765126367660e-01
4.611954887814402604e-02
9.146940764769442289e-01
-1.324018189086642927e+00
2.258907879536250274e+00
-4.112676732451406858e-01
-4.003983160846962264e-01
2.654652106793024546e-01
1.255440461445560985e+00
-9.237432038116475397e-01
-9.843698611606672699e-01
7.204307447232943140e+00
2.233823493529491166e+00
2.866860902861967819e+00
6.783148777310342714e-01
1.616698677848073196e+00
3.394003495797407455e-01
-1.420667588071943488e+00
-1.908739124043794311e+00
-5.864714069404434182e-01
-8.571918730711366452e-01
-1.869368654790610096e+00
1.986083777482160473e-01
-3.126437525292409259e-01
5.940072958438296080e-01
6.342354330800539230e-01
5.361430658977507369e-01
-1.196612429895939522e+00
4.414773393968054460e-01
-1.563057261929462260e+00
5.711296477951099959e-03
1.250424140055528488e+00
6.440506219944568400e-01
1.405831922685021995e+00
9.717789069906616894e-02
-1.133536244081935901e-01
-1.110752222989187660e-01
-1.780597565149613093e-01
1.523405189476870314e+00
5.368922256508448232e-01
-2.558463079146514052e-01
-8.814254661446593309e-01
-2.320139579535298452e-02
1.461600403684097049e+00
1.448383610516114084e+00
-1.311920633435558647e+00
-1.378278412306831013e+00
1.388927317084231339e+00
2.686043304850786573e+00
3.098525720394476490e+00
4.305912311545508908e-01
1.642802844036005183e+00
2.678389161547588548e-01
2.434959903148948612e+00
4.387758895855760621e-01
-2.289179878670231538e+00
-2.447085642578326059e+00
-1.455908823843072436e-02
-1.679861544512046390e+00
-7.679197624599531924e-02
-2.757514653614636657e-01
8.935286502620215510e-01
2.792524813644205461e-01
6.140005931667259081e-02
-7.783535202762649208e-01
1.513933200937304324e+00
-2.317542811041947370e+00
-1.843643601582594549e+00
1.129773691275014036e+00
-1.780936014876400852e-01
-3.515461947716430613e-01
1.700830119334289847e+00
-6.582549368645747023e-01
9.046088786743722299e-01
-1.829060138916763556e+00
-1.582111164993905472e+00
-1.693848579529987422e-02
-1.834016105365351201e+00
-2.522319175598889407e-01
1.182830889156197385e+00
2.967658407104010743e-01
-1.206409524922859688e+00
8.724089707056783549e-01
2.577945931942184021e+00
2.925685353937599764e+00
-2.079260977597826299e-01
2.320527152869819254e+00
3.652603819294720222e-01
-1.040749000134887137e+00
9.196291195034533850e-01
-2.367549434536590613e+00
-6.812749668958586469e-01
-2.450763714602622323e-01
1.480702857491244195e+00
2.854126493675011034e+00
-9.974434141662154030e-01
-3.888526187645215515e+00
8.827820313356701809e-02
-8.437538885971826996e-01
5.978493182670328032e-01
1.081627736508939536e-01
-7.716285293493282404e-01
1.708578221756889892e+00
6.403892251301174232e-01
8.114291901497419079e-01
4.858560523934328801e-01
2.382924061359227519e+00
8.516295883594361404e-01
1.131307519359822100e+00
9.356809434809563175e-01
-3.545926610282594260e-01
2.359967361029093880e-01
-1.419632015211933218e-01
-8.509727875403412245e-01
1.083866638520234682e+00
7.584803804403372762e-01
-7.038476453902862140e-01
-3.066638948915976215e+00
1.888803213845795304e+00
1.590304437074676169e+00
-9.669276141965769122e-01
4.982092962930595448e-01
-3.566553960758476194e-01
-6.477845229080174683e-01
3.724400967575861032e-01
-1.163105072117328609e+00
-1.630969229264345177e-01
6.464306281223043404e-01
2.561734737760990033e-01
-1.325007314086815269e+00
-6.882933833706206261e-01
1.581081556304425595e+00
-2.855879863738014723e+00
-1.163415640268957940e+00
-6.772856508316195123e-01
1.556696136612328307e-01
8.947087601959026193e-01
1.122893822731720004e+00
5.037416364388843659e-01
2.058479107327495505e+00
-1.249643479345296848e+00
1.667369543098544127e-01
3.560612756089615027e-02
-7.560573332272743086e-01
4.299941097200563611e+00
1.421741215973146844e+00
5.178486680273166609e-01
-1.006293107657354247e+00
-6.440755295511086942e-01
8.989654274134530887e-01
-1.020500191436810589e+00
6.881240511964272777e-01
-9.084273420316602010e-01
-3.803844073420311056e-01
3.053371431811943815e+00
1.558429664455627917e+00
-4.970968424121298135e-01
7.299007268541080062e-02
-5.042361572902460676e-01
1.688769060967850510e+00
5.751732350612412947e-01
1.237341953607033584e+00
1.362635184264049393e+00
1.102861306748865289e+00
-2.661165270704715535e+00
1.070802795184534473e-01
-1.268251858706572976e+00
-3.950986203104306371e-01
1.088470982360592310e-01
-7.430620568428658590e-02
-1.485743903378311526e+00
-1.046135059916335930e+00
5.386013876091773067e-01
-1.429174165362504523e+00
2.324393350594021079e+00
7.907782578941513485e-01
1.044394721427702510e+00
-1.274065558412633414e-01
1.968772588569154935e+00
-8.191759766324231418e-01
-1.377201555009053724e+00
-5.711325665350240888e-01
-4.450020892600403122e-01
-1.674886378906128570e-01
1.931693615486258508e+00
-1.360010398679821542e+00
6.629821002192236579e-01
2.233130910881145681e+00
-1.430364863344167015e+00
-1.180134569405713041e+00
1.401048794931249564e+00
9.881402078732117733e-01
-1.025345374719281777e+00
1.356292469118791866e+00
-1.355095554325097318e+00
4.005920742042650695e-01
1.576469754548160074e+00
2.402268903641885944e-01
-9.370097605312456279e-01
-3.569756176901678346e-01
-2.901404515205003309e-01
-2.148788420963462231e-01
-7.547797995460976406e-01
-4.707969628948251439e-01
-3.963558509320648515e-02
-1.286867002318253572e+00
-2.775497479133587908e-01
-1.338995957773973511e-01
1.239650753142820472e+00
-1.692861696561342555e+00
9.855231234887378289e-01
-1.672414879521280762e+00
-4.013654786340524194e-01
4.392973981546648976e-01
-1.614372009857608092e-01
-6.836156323313532512e-01
-1.930558586341954319e+00
-1.959875696407708257e-01
-2.921731968682391711e-01
-6.557215609837059311e-01
-1.077388476458307265e+00
-8.654105079872556061e-01
-5.257070658570287547e-01
1.873801558423581759e-01
3.416163293804273859e+00
2.057824155911353869e-01
2.392030010528697126e+00
-4.560524243235269393e-01
-8.457804263079271578e-02
2.970960976064034753e+00
1.111137570176061962e+00
1.025036892445325254e+00
-6.877855935542704913e-01
-7.316192617108125962e-01
-3.076611309423522567e-01
1.666901036062801822e+00
-3.009783674801132847e+00
-8.470340528356606891e-01
-2.810227649905480796e+00
3.782377047911512080e-01
2.343051508779666836e+00
2.485365850691136025e+00
5.985344862283511480e-01
5.828887799348591026e-01
-1.612927655264470017e-01
1.273529040501395926e+00
1.871243165393253305e+00
2.876853025856664026e+00
-3.358219057177372346e-02
-8.814538069178443624e-01
-1.896625410959027480e+00
-3.730798056217835001e-01
-3.008601052119277974e-01
1.342527182101694416e+00
5.559027480881735261e-01
-7.222563354087582765e-02
-3.792887172641563054e-01
-6.243338779488782908e-02
6.098093782125149076e-01
1.405836351765109016e-01
-1.657665196997429424e+00
-3.042469699274238937e-01
6.931158415172816722e-01
-1.268751223390784388e-01
-9.083867070516316033e-01
-6.356389694055020190e-01
4.317658874970060623e-01
3.196177879157984236e-01
-1.108401848661785399e-01
3.227671470226008421e-01
-3.635372699786378892e-01
-1.275816184937311526e+00
1.796191552958334992e+00
-8.893402221324253620e-02
4.210622002165739231e-01
1.423952015063359777e+00
1.008782796291054495e+00
-9.132543429687982606e-01
6.031561185076507181e-01
3.565579275388769620e+00
1.033866623213362201e+00
3.090778484659029601e+00
1.402068397187345994e+00
5.701978005093938151e+00
-4.977946393121259749e-01
-2.124795641162500637e+00
9.379548481317823150e-01
-1.559559885102190235e-01
-6.955417119499882617e-01
-5.369812326728399254e-01
-8.842304369277731446e-02
-1.183141851609375017e+00
-7.186115286442051886e-02
3.347424511815072501e-01
-2.903420035280958600e-01
-2.971913143497368903e+00
-2.971294135276161819e-01
3.645201305999377639e-01
-2.022739848752886260e+00
-2.580159987726528548e-01
3.671505313520480596e-01
9.465332050108368200e-01
6.392034347398442007e-01
3.899696472170000594e-01
-1.564666819487455340e+00
5.957791686069437154e-02
-7.658507740059603552e-01
1.714646037335209705e+00
-3.195054197697845488e+00
-1.786336233256679229e+00
3.094879636267889311e-01
4.282094738897398445e-01
1.274779588519737938e+00
-1.977943441062379737e+00
-1.213194179097715875e+00
-4.239605566063277209e+00
-1.348261957369649267e+00
-8.009349010236058719e-01
2.695618895714365637e-01
-1.828614455045696197e+00
-1.233059605396262581e+00
-9.170331825845734475e-01
-1.973841861072388237e+00
1.702036361644825024e-01
-5.472063838096994370e-01
-1.916796972505158125e-01
1.056744943347021626e-01
1.981540271405350662e-01
-1.149119710629190882e-01
1.171813629085997066e+00
-1.897018934436692339e+00
1.277515394907477786e+00
2.135712428787092665e-01
-5.842357310040933172e-01
-2.516448272747410786e-01
1.063361247410948618e+00
-2.796869157894810165e-02
-1.081340623931987599e+00
1.097342800497262960e+00
-4.694471080219900783e-01
1.727419427916257799e+00
6.647401559207068988e-01
1.033289497138167867e+00
-7.493376507006884735e-01
-2.361036531435860841e-01
3.362275583333161344e-01
-3.158816490684893674e-01
5.518223924861737073e-01
-6.342121063334553721e-01
1.473963958822996245e+00
7.261298705471702641e-01
6.904037972773717502e-02
5.487492840171885877e-01
1.571789952302250271e+00
-1.182061437917468205e-01
1.002863935912125637e+00
8.411089735421327651e-01
-1.045392103472485124e+00
-8.727745880583095417e-01
2.254675027380372399e+00
-2.114369458076582609e-01
5.457832527696578895e-01
-5.811743352665879048e-01
8.841494651209023115e-01
2.267737256422051040e-01
-9.008321468251043740e-01
2.388102579743623666e-01
1.241429822157389395e+00
8.138813323767227770e-01
3.119858567299884089e-01
8.136110201275925657e-02
-4.398700583698917921e-01
-4.223784489692292837e-02
2.910586808049822061e+00
-6.630143460249018350e-01
9.422882896350192050e-01
3.992738001849693297e-01
-9.293568692118434615e-01
1.093072903218275771e+00
-9.812851474415336117e-01
-2.480687106929422292e-01
3.033465239049759066e-01
1.355798104038079321e+00
1.320807895438639301e-01
-2.392680840545874932e-01
-6.244808146907271373e-02
3.720490407825544077e-03
3.969375443552916050e-01
7.572336185820324195e-01
2.129524939295452501e+00
-9.368018183087006845e-02
-6.330599328567931838e-01
-3.955010950135273706e-01
1.419803862026998376e+00
1.187403925832840823e+00
3.271654521027284046e-01
1.630526662739700816e-01
2.133179615557466491e+00
-2.844847120326349010e+00
2.007286691583820115e+00
-8.656660278270535969e-01
1.228042372521984449e+00
-1.180268775237435647e-01
-1.959770477204829664e+00
2.518961270922204232e-01
-7.528477903271056926e-01
1.927965334078022064e+00
2.020850510888580587e+00
5.168379765937117787e-01
-1.365036990067883815e+00
3.075008565568067564e-01
-1.919105914525770951e+00
6.572487442558914150e-01
-1.205748648178011084e+00
-1.018011581649055364e+00
-3.903017303551630790e-01
6.756086861452468284e-01
1.582767150311466864e+00
4.613964410532465976e+00
2.295061148959837816e+00
2.367542755206251570e+00
2.106135062326573326e+00
5.935892208213007226e-01
1.229847289072192096e+00
4.666498959401387814e-01
-2.733406202897797233e+00
6.556850956709094902e-01
-5.670045257062528155e-01
-1.182535264751928029e-02
-1.020821621919757310e-01
-1.298579234606557886e+00
9.517247762217744267e-01
8.780879567507439143e-01
-6.328773656878177167e-01
-2.270481082927140459e+00
-5.964936492734184137e-01
2.030708492841832580e-01
-2.782588599808614171e-01
2.461406789788540550e-01
-2.217438079924585637e+00
4.692877907125672654e-01
-2.352865595677679222e-01
-1.826279327469816083e-01
4.689940650973430936e-01
1.768092889981707438e+00
2.425787795298752214e-01
8.442992954088994750e-01
-1.067822025197931346e+00
-7.506551353048271924e-01
-2.245680963853378120e-01
3.047522678240628391e-01
-4.783184722777048314e+00
-7.515794063734468899e-01
1.688908890546378716e+00
9.541268697204522420e-01
-4.141596803242234004e-01
-5.750388429918589228e-01
-3.687055637487650195e+00
1.353212596055861083e-01
2.327258989377428700e-01
1.053674282856844613e+00
-2.649660606649004269e+00
-3.410653347676596558e-01
5.343943406971924936e-01
3.274908748933418878e-01
6.658291560232709738e-01
-1.321521682933356923e+00
-1.497971596917538062e-01
1.068383066400971693e+00
-2.767317812144161615e-01
-1.271786179005559347e+00
4.194601081736714088e-01
-8.025646970479480835e-01
8.772012806223319359e-01
2.260244654732585512e-01
6.178431808270944403e-01
2.143433868777024021e+00
1.722028052129446346e-02
-1.664016984756586659e-01
5.980058416228017926e-01
1.826677463838610738e+00
-1.094198649380234922e+00
6.215069820083918284e-01
2.135316425810987462e-02
9.876863365407265727e-01
2.695297737055681875e+00
-1.130082528724821511e+00
-3.317547298368962672e+00
5.021571739721101268e-01
5.651825400692455093e-01
2.116992852453121743e-01
-1.440998865519189875e+00
-1.076242893628514885e+00
2.358417812964670457e+00
3.284610334898108164e-01
3.353408509077920874e-01
-8.944820255793901609e-01
-1.028214583061723530e+00
-1.485390929109128288e+00
3.174044446091691896e+00
-4.799788617301462001e-01
-1.249884231933263701e+00
1.363216303853395761e+00
1.402043014981998903e+00
-1.506821970643391184e+00
-4.700270756036603603e-02
-1.058671014379372721e+00
3.586136390747862723e+00
1.826749518517260640e+00
-1.803980253710914194e+00
-1.545604257008385884e+00
9.054143611667124780e-01
-2.659620142741127236e+00
3.744531905089507617e-01
7.078598669692770518e-02
9.043588067260891483e-01
1.076706533665464205e+00
8.084691651975877136e-01
-1.201216106015488450e+00
-1.026077018417394404e+00
1.703164599953102654e+00
-7.545550371518502386e-01
-1.248508155763364158e+00
4.252472135814449494e+00
1.223024356180667072e+00
9.182354885878398765e-01
8.065471846568627035e-01
7.201386442027100099e-01
-1.032929851363919349e+00
2.145000566436540801e+00
8.517708314130041369e-01
8.473428674827108154e-01
1.976199812274732626e+00
2.419023963219660844e-01
-2.315913086484688854e+00
3.019108711144272927e+00
2.144567507689105756e+00
-2.953495539658513858e-01
-7.290639126451585739e-01
-3.395144345038354494e-01
2.340314374738143854e-01
8.606286967577315705e-01
-4.685424149313305864e-01
6.949013210626572290e-01
-2.001893207933826524e+00
-1.072437159081455427e+00
-1.209407722344938846e-01
-7.075958697812418929e-01
-1.261205588752746909e+00
1.087510213751918808e-01
-1.766978364003184643e+00
-3.482842076077613536e-01
-1.043547180106994432e+00
-9.799241591984302335e-01
2.190149087342843082e+00
-1.080838276428777167e-01
-3.256564971292380539e-01
-3.109075512605598557e-01
-3.152706563296593378e-01
-3.126646390580729573e-01
-1.692034561881019528e+00
-3.020954848810212257e-01
1.059226566969938110e+00
8.887147418958384337e-01
1.266193029934039871e-01
-7.957451722341097877e-01
-6.444418882227270773e-02
-4.439022762396235833e-01
-1.157568369487261162e+00
-2.337200665253432064e+00
-1.073971259520066335e+00
-1.279793654300248884e-01
1.010904346751989813e+00
-9.045335262464039294e-01
-1.366034769605152466e+00
-1.255710474029597234e+00
4.304413042052904759e-01
-1.121621831647043738e-01
-1.246055924780266499e+00
-1.349353799659568587e+00
2.938794078168428303e+00
-4.644690164372314856e-01
2.101978062703505845e+00
-6.911335242261777978e-01
2.309229442312852321e-01
-1.887672328690989998e+00
-1.642092547456790896e+00
7.452902472652245258e-01
-1.268751223390784388e-01
1.000000000000000000e+00
-1.133002537384257158e+00
-1.936219478182869214e+00
