-3.589988606193757481e-01
-1.784417750241608980e+00
3.476812649652783360e+00
-1.484050323406191696e+00
-8.845904674368985088e-01
-3.584441665935437227e-01
-5.976884819125370951e-01
1.061338379992438075e+00
-4.341605218358617346e-01
1.286852171859692584e+00
1.472803287623066781e-01
2.168173132692622074e-01
9.106166946700660070e-01
9.193429732761063677e-01
2.936931885524829422e-01
-2.678820531110742476e+00
-7.639918223589701185e-01
1.905028961159503931e+00
2.324670766098656527e-01
1.683583606207114669e-01
1.218464901615624818e+00
-1.763571393009440325e+00
-7.451817669300697666e-01
1.286702530969512370e+00
-1.427785149343393734e+00
-4.651811032263891699e-01
3.036109001283491260e-01
1.560951931425270223e+00
-3.326760290839989587e-01
-2.291841146259734341e+00
-4.391252948526547240e-02
9.244202976363674606e-01
-1.077961981763489119e+00
7.740588373334640337e-01
1.494757611032981881e-02
-3.606545489584428443e-01
1.083563749981642232e-01
-1.457886718603452536e+00
2.871745433911647716e-01
-1.886717958545382379e+00
6.217890046099060486e-01
5.063100444180045345e-01
-1.059511697468182412e+00
3.614863675160518985e-01
-9.778473442892207101e-01
-1.554893168083099075e-01
-1.545344433857392674e-01
6.478643595602621152e-01
-3.435912152670947961e-01
3.151830783115633916e-01
5.332218189882013126e-01
-7.253779227497693383e-02
1.642007960057861427e+00
6.140301177355329543e-01
1.240111450676915750e+00
-1.984261753633077774e+00
4.470588321345059235e+00
2.254893562875453394e+00
3.875863656060721252e-01
-1.323673999916499477e+00
-2.331291811399352487e-01
4.423263418920382328e-01
6.075611357947747759e-01
-2.464067211937198965e-01
-9.326926650197140400e-01
-4.364265497666830473e-01
1.765914544399460828e+00
1.347087557980303885e+00
-2.570309666668520787e+00
-2.198631054177110911e-01
2.484536773465597370e-01
7.162175224190294731e-01
2.426474095761191330e-01
8.992316138630541689e-01
5.915818887292820794e-01
6.473131904666779013e-01
6.901474125912110402e-02
-3.356898295602634974e-01
-1.229430966730781449e+00
4.119923259215686473e-01
-3.051406832772232125e-01
-1.452780675026069668e+00
8.614429032994850299e-01
1.260315415180714438e-01
-5.823034652633610753e-01
-2.755681372216966185e+00
1.325534427028038253e+00
2.282881760486370926e+00
-1.629847593015252283e+00
1.307035558431029587e+00
4.395694640055166080e-01
2.114722838954062323e-01
1.275360722426640114e+00
1.177161924558374206e+00
-1.546262123540194766e+00
1.549943255628989380e+00
-1.759585966065935869e+00
-1.984703653227137543e-01
2.170228460968738893e-01
-1.278211637568590575e+00
-6.570619183203213476e-01
8.879997354641728791e-01
1.353109334520445906e-01
1.260749669566882392e-01
7.327020041556883134e-01
-1.300539917008566304e+00
4.046126389918800470e-01
-4.071826066171819747e-01
8.625467351500790691e-01
8.215767432018294958e-01
-4.693246870592171494e-01
2.667771054483377702e-01
-9.160688994376023908e-01
3.264437857675998700e+00
4.075088208441340898e-01
-1.668599697484945965e-02
1.337062813560123686e+00
-1.471090227593057909e-01
-1.819647070744141032e-02
-1.045101271133551668e-01
-3.735969546721776835e-01
-2.556948869278278913e+00
9.470156148077770730e-01
-7.794474589288267197e-01
-5.158720541167378659e-01
-2.600242894593891019e-01
8.751991080240102416e-01
3.871041012587711494e-01
1.024051841260514850e-02
9.952337354549719572e-01
7.639672793160425801e-01
-1.094902934120318555e-01
6.420935195726218403e-01
-1.875859737791036874e-01
-2.651379484631968819e-01
-1.157380711852581401e-01
-2.035931593009338014e-01
-6.479291619044622030e-02
1.210588752586798211e+00
-1.226597820022969909e+00
7.314680377852584847e-01
1.665331575561900257e+00
6.562341693073582283e-01
-1.314682591219774599e+00
2.052449286408593310e-01
1.065129798131599248e+00
1.377596721642240007e+00
-5.577133305116953321e-02
-1.133756918459803753e+00
-1.460947127596730288e+00
5.212686180193426555e-01
1.665968802958361694e+00
3.669968290425060231e-01
-1.453066047410104922e+00
-7.764599162459606685e-01
2.208209657536655435e+00
2.879281402828678393e-01
1.128053380648224469e+00
-1.769264972610025133e+00
2.100615939136568855e+00
5.814559526795753941e-01
6.952346909909252748e-01
2.351101336858398699e-02
-3.715043816747230498e-01
1.330010774401050311e+00
-1.117255098673742841e+00
7.701741660509101584e-01
7.363390575625996526e-01
1.237070750203942415e+00
-2.084440371131837999e+00
-9.750385356498518785e-01
1.000896634833798871e+00
-1.395898869645113782e+00
2.093098307140653092e-01
9.355279525736659441e-01
-3.361828567646565902e-02
9.500122164735655961e-01
-8.866186522548338278e-01
-5.868956254129196193e-01
-3.067377185397221484e-01
-1.402208194581971545e+00
4.476332583222921158e-01
2.130099488444760603e+00
2.431499603168693291e+00
3.290723945074855439e-01
-1.321797754899230126e+00
-8.395254670773927286e-01
1.593902058375435526e+00
-1.051791436054815565e-01
1.030557468572548263e-01
-2.591589328466215925e+00
-1.078624273484355550e-01
6.736271571888748921e-01
-6.052266727314554728e-01
-7.145908980679913647e-01
-4.717076889191264000e-01
3.047030561916059255e-01
-9.786258216792461662e-01
-7.657365283233175113e-01
8.415867029434902502e-01
-8.072590496865534870e-01
1.441830576838752265e+00
-4.246228352848982132e-03
-1.647463090435466126e+00
1.183806756066614341e+00
3.021780339722602848e-01
-1.384093228378385998e+00
4.259928046476638697e-01
-2.998420197176265845e-02
7.583735346948143607e-02
1.066592543434242923e+00
1.492801321221963295e+00
-8.842290432141584056e-01
1.374614294628223377e+00
-4.210661426607610891e-01
-1.042109754965790058e+00
5.521964787052020540e-01
-7.217568348143157397e-01
1.344732224027364254e+00
1.190395835863287566e+00
-1.777407095548547256e+00
2.320269952216722498e-01
7.982771664277084067e-01
1.969620073467959864e+00
-1.836117032863805731e-01
