-2.597246483428056418e+00
-3.406544635442550817e+00
-4.061994004700869576e-01
2.922396702290802395e+00
-4.401207592916917544e-01
3.758316113540014047e+00
1.132529247693705887e+00
4.919578014074499350e+00
5.051164024185259116e+00
2.652054873751668929e+00
-8.885848411343664210e-01
-5.180322175645017957e-01
2.579018488106894935e+00
4.990589089521427546e+00
2.112742561786559836e+00
2.855951528711967224e+00
5.578445207604480593e+00
-1.386397102567071826e-01
-2.084287919766957486e+00
4.432135500312342380e+00
4.745263426441259647e-02
4.331754441043544901e+00
1.767941157840974942e+00
4.699472403898052875e-02
-5.751497257706709831e+00
-2.390061560735579071e+00
2.050582887253268538e+00
-1.433819771526380737e+00
2.783924252702989044e+00
3.171758011706599101e-02
-2.333002355438791309e+00
3.377366991527425810e+00
-3.275787681925589112e+00
-3.280292144453272885e-01
7.810273210052594006e-01
-1.233717467036896442e+00
-6.795670628680241521e-01
-2.421395615158105752e+00
1.555396975951278016e+00
-1.399503919617103742e+00
1.755618320657873932e+00
-2.523317598702668807e+00
1.051634431590683372e+00
-1.290473339032622846e-01
-1.111741111232358747e+00
2.614364671674572538e+00
-2.236909629415915202e+00
3.860511068323251305e-01
4.570040245380330823e+00
-1.871430040298625030e+00
-5.208139534294371487e-01
2.200542382539306119e-01
-3.653570642676650326e+00
1.842679154437651956e+00
9.082446599899121065e-01
-3.914862496605683084e+00
-4.058659387131836049e-01
-1.282714752609813047e+00
-1.339121343002683817e-01
2.139721669102538026e+00
-2.110308399857694361e-01
-2.494712193635564290e-01
4.865342856666170945e+00
2.984329562046793560e-01
3.270642852914495968e+00
-1.273315798622685735e+00
1.244662954970701119e+00
-3.033428645805167356e+00
-2.207408858274639840e+00
-3.352553249672606039e+00
-5.291318715287644636e+00
6.879511849882796071e+00
-3.117128531062511421e+00
-6.070240588261527570e+00
1.179012222196764936e+00
-1.056094854575525765e+00
-2.555651691551436233e+00
-5.737422411736409211e-01
1.096474517520077185e+00
2.634366324262293446e+00
2.622322495989876323e+00
7.916451865647365915e-01
-1.092600677370947126e+00
2.637889373820857530e-01
-2.595648294854867810e+00
-5.672869821487900310e-01
-9.710568393917887731e-01
1.334071214418252715e+00
1.384400124654049824e+00
9.446215645489071111e-01
2.528829094039258152e+00
-1.649232980382647318e+00
-6.624909266053416346e+00
-3.406707884808555242e+00
3.639276367137409096e+00
-9.423822029432981084e-01
-3.063564250939262656e+00
-4.293975356341901417e+00
-2.163945535586786040e+00
-2.690025963430589862e+00
1.138051780037649952e+00
-5.329996149198708899e+00
-4.339165768247435828e+00
-1.782549517289868657e-01
3.597085527931375148e-01
2.559267607353934437e+00
-5.720896644229771510e-01
3.014850580371877697e+00
1.184635448590691587e+00
1.621182570538485468e+00
-8.005650419317315025e-01
9.948289455100002288e-01
-9.940380437267031244e-01
-1.712666900416312421e+00
6.548239970040324875e-01
2.898763405562337248e+00
-3.303110692346202804e+00
-1.350092523156974034e+00
-2.609142405874161685e+00
2.956861403321719983e-02
2.170106563432535829e+00
1.392430548794290512e+00
-1.930200226506138428e+00
1.879562241835909031e+00
-4.399476278572346466e+00
-2.629837493553732752e-01
1.088077392983933578e+00
1.565270690932111908e+00
-4.039665574884879762e-01
1.421073689767727632e+00
4.183588387664225472e+00
-1.010552479420887995e+00
9.791710097081016695e-01
-3.369562635241996063e-02
6.965856612439547124e-01
-6.677317959373179068e-01
7.052957558368523339e-01
-3.816167285140725784e-02
-1.319196239422680605e+00
5.553810930626196019e+00
6.113801632822672971e-01
4.796394519738478857e-01
2.299352515577718137e+00
-6.962613943739509592e-01
2.138462371662301464e+00
3.827052386308450238e+00
-2.866147540821325279e+00
-3.261047797264934989e+00
-8.810068972582874025e-01
-1.293805997228367533e+00
-4.281370485240250545e+00
-3.187815046015921805e+00
-1.092223202201369814e+00
-6.363785260044454439e-01
-1.019766498630882534e+00
-8.773651283387311484e-01
-2.028497569959819113e+00
1.215613261974105797e+00
-2.172840330391041075e+00
-7.123898495119218577e-02
-1.616999932683381047e+00
7.911801183626183676e-01
4.230023713731872803e+00
4.579718915521926448e-01
3.653650291690546226e+00
1.896606830224802254e+00
-3.097390392240082058e+00
-4.574700918301915387e+00
1.992359630237407364e+00
-4.328780651016021608e+00
1.872238442957034621e-01
-8.967810582880240133e-01
1.763107654922737577e+00
-9.699582338731899123e-01
3.687100488575209667e+00
-9.040574013875881665e-01
1.421607450932772299e+00
1.724765930288309157e+00
-3.893382150831261601e-01
1.281964043239838258e-01
-2.425201012636244435e-01
-3.425697075358868471e+00
-1.563070227103910526e+00
2.204178314040084796e+00
-1.411429098190031706e+00
1.198942582651665312e-01
5.558082468286731803e+00
-3.660842253361806242e-01
1.280553160033917059e-01
2.863594544987416946e+00
-3.272032988960739353e+00
-2.716800179725004316e+00
1.399646860638936063e+00
-1.742077977208940975e+00
2.962448250459362775e+00
-8.932912964230276254e-01
-1.322116715720032420e+00
-5.888293721050530394e-02
-3.277973656913405698e+00
-1.287222730749353783e+00
1.350779722512948533e+00
9.059020640039650019e-02
2.857797950819785715e+00
-1.669813508919798739e+00
5.715451415516965561e-01
-1.823393457337200707e-01
2.140502058888770431e+00
1.770785636793242857e+00
-2.846823723596217715e+00
-6.400325986059826278e+00
-8.950392706666821852e+00
1.531112355759279620e+00
1.642521269936977779e+00
2.717307830628871823e+00
5.907301817827026902e+00
8.417716276928177699e-02
-5.013977748322289152e-01
2.450978515377617573e+00
2.664786306293958962e+00
3.334723992303648910e+00
-1.363537458974781735e+00
-1.791602780218388258e+00
-1.949441784274297262e+00
2.071930413934944815e-01
1.514389992306086175e+00
-1.101577676339778655e+00
-1.629367883709869069e-01
1.632419096275414372e+00
5.479265956091127876e+00
-3.058300070240529411e-01
-4.727600498201867119e+00
3.235678043349197619e+00
9.055561521251022095e-01
6.279835062340770602e-01
1.048640013662973880e+00
-1.298370921839398395e+00
3.195394497192665106e+00
-1.020246347156347433e+00
3.922066647260217032e+00
4.641885747812407814e+00
2.619251905136505965e+00
-3.916263195103928840e+00
2.012780601761904542e+00
2.457682802999290317e-01
9.728396251955819807e-01
-1.284870527092803583e+00
5.716678064664193037e+00
-1.661657715486766218e-01
3.347163585054520052e-01
1.709101066847481976e+00
1.463882278112273783e+00
6.229489592518693275e-01
2.474096609306820405e+00
2.906766138851272885e+00
1.650230404088439684e+00
-2.546332538233576859e+00
-2.012374241390442187e+00
-4.281140547906008287e-01
4.867226692803330312e-01
2.563982839582348294e-01
-5.326809029356297742e+00
-5.336328631843172410e+00
1.287040759447829696e+00
5.739999485447507155e+00
3.411366526567135349e+00
