-8.242537561725917783e-01
1.152931194116105784e-01
-1.494074834053231438e-01
-4.668564056934452200e-01
-6.407330145671250587e-01
-1.042184882521997480e+00
1.897644080643924758e+00
4.429451927020038315e-01
-3.726196166310585256e-01
1.592729344193754004e-01
9.580500297248497610e-01
9.757227834416959400e-01
1.218236723750197648e+00
1.328215387600988784e+00
-2.596837472082145659e+00
7.468060382663561647e-01
-3.707304339455568254e-01
6.809055819679876720e-01
6.291292469675280330e-02
-8.686759090631898106e-01
-1.451915765153926341e-01
-1.008741167200737365e+00
1.497564783452865367e+00
7.879775674998668045e-02
-6.156310620051561600e-01
4.698748903219527318e-01
2.093965229632320568e+00
-2.275851149536513685e+00
1.244994791607574758e+00
2.814954546657281176e-01
1.087145469632086359e+00
1.395586285593615195e+00
-2.743928168524752964e-01
9.051312103852214852e-01
2.713118534511271385e+00
-1.864055465827460512e-02
-4.946904500529260007e-01
3.981744809343671365e-01
-2.314587937154883868e+00
2.111652531618880335e+00
3.533792138390699833e+00
-3.499135874950276559e-02
5.458484494689773703e-01
-1.376274486621003046e+00
1.165139680263074240e+00
2.672295229035552833e-01
-5.491894558114607250e-03
-5.545686036774504224e-01
-1.292318438145246162e+00
1.674819723241876002e+00
-1.875965921123845526e-01
-8.201399566035325606e-01
-5.815475426944496373e-01
-7.149391731189734811e-01
1.022575947432933230e+00
4.398184691638326038e-01
-9.081370314051642190e-01
2.169560184010195236e+00
-1.228550055013590381e+00
2.558527730949641033e+00
1.208884267993412864e+00
1.020502943126106565e+00
-3.545468284705480810e-01
-1.675832410251009152e+00
4.233868241484010086e-01
-8.047414376949202364e-01
-1.151233798499281979e+00
1.728091754607293140e+00
-1.029791078322758846e+00
-1.643530825168128429e+00
5.151788437167066359e-01
-1.912194546292527608e+00
3.802936293759887620e-01
2.576160264265241473e-01
-3.824015448834790498e-01
-1.135405994342554514e+00
7.627980702357177734e-01
-1.358362666746205094e-01
4.546752433547509575e-01
1.829674492923477613e+00
-1.455456791159573715e+00
7.177935794509465728e-01
7.844793820933206874e-01
-8.933449331879976807e-01
1.989959924425868110e-01
-1.443496543484667383e+00
-5.233617954412101980e-01
-1.366330150337202287e+00
-1.734749805794914002e+00
-6.894980602155248439e-02
-2.702228429694611966e-01
9.303519911295788924e-01
1.784250337377419615e-01
2.163447016869361583e+00
4.980913277021847829e-02
-9.225534300982194402e-01
6.781160562380922352e-02
2.267714500976522274e+00
-4.966057843252544846e-01
9.636108581223319369e-01
1.798983365714892813e+00
2.029307957360395598e+00
-1.148136687521289501e+00
3.332778176863586683e-01
1.941159804684201573e+00
-5.301472939999691825e-01
-2.916245985477513347e+00
4.574544026076843295e-01
1.202835905878594014e+00
-5.829809462362351979e-01
-2.708900649523348081e-01
7.440006613180705219e-01
-9.827236458708477063e-03
1.899093228991710625e-01
-5.780519628612281746e-01
5.626264423305820106e-01
9.827494731522981031e-01
-9.249770504626131373e-02
-1.834752324271855251e-01
1.123317819363208514e+00
1.233978314562429013e+00
5.019368800143230169e-01
-4.896401691972335213e-01
-1.149355497211911992e+00
1.564460314046422607e+00
8.874155894811408540e-02
-1.451612643514958112e+00
-1.771186282198400574e+00
-4.154072981355796390e-01
-1.395135232382878510e+00
-3.958412357257026781e-01
4.291524707861577026e-01
4.880701387108208333e-01
-2.860452765996612801e-03
-1.103986151315594855e+00
8.367938950041452495e-01
-8.671173452082242550e-02
1.310951334623148945e+00
-7.059639455601729452e-02
6.272710899640958626e-01
1.246330092997979921e+00
1.084748937016444037e+00
-2.964447755404767015e+00
2.650950423467881567e-01
-1.101806565378726788e-03
4.455753815277031515e-01
7.844342024298156524e-01
-2.007519339138915448e+00
1.580103611888801218e+00
-5.900357857385092331e-01
1.014824730456475255e+00
5.018194579166949110e-01
-3.169119204153925673e-01
-1.918179050492309967e+00
3.002295085988025969e-01
-2.206664794680650132e+00
-9.688030028111622727e-01
9.830317699403346987e-01
-7.525626381325808412e-01
8.741495143545968682e-01
-7.463482850422916703e-01
-3.432201782333377693e+00
-2.490571772309534970e-01
-1.375548553684655895e+00
5.457868405311786519e-01
-1.755208340754675911e+00
1.861454097305389022e+00
-1.480053362965540131e+00
-8.688705648108199231e-01
-2.562062691864450237e+00
-7.780828661212206843e-01
1.599070323576711194e+00
2.556128215467206033e-01
-1.010369676049725829e+00
9.219896691606821459e-01
-6.433855296599331197e-01
7.226157786608840006e-01
-1.688023558244934552e+00
9.456115812686732847e-01
5.533463666343034770e-01
1.609120528993320587e+00
-1.241735802852384829e+00
1.666291179251302434e-01
-1.245525756496968395e+00
-1.130646543048534847e+00
1.068334061678279268e+00
-2.607399519824295520e-01
-1.738301235145710333e+00
1.447639193782054301e+00
-2.090310941866449834e+00
2.032566094681843571e-01
-5.548773656907062257e-01
-1.327143411130177642e+00
1.622956126893060569e+00
9.398978077648529883e-01
-1.389919833895708834e+00
-2.211730985920623838e-01
-4.211005153602354056e-01
-1.291688098143422669e+00
2.898763092300450595e+00
-9.694878784396336879e-01
-2.260063459288169652e-01
-8.010782235690684372e-01
-9.567796443104250592e-01
1.383415457066580645e+00
-9.097923312353355385e-01
1.682335955280585216e+00
-1.018353713728081367e+00
-2.617188588828620599e-01
-1.372336177250757183e+00
-1.956107433976926657e+00
1.939293564373929524e-01
9.152910246087886392e-01
1.836019551852181797e+00
3.125894075074742151e-01
4.192707154748227527e-01
-1.097631839522041242e+00
-1.517023527708866726e-01
3.413511902266634479e+00
-6.960401031683178807e-01
5.092152047244518087e-01
-2.212782663172589981e+00
-2.809693462057079039e-01
1.279384726641672021e+00
4.466591952868740334e-01
5.897600049248823417e-01
-1.543540493047864226e+00
-1.073285761251735249e+00
-1.681597996503897630e+00
-8.679135215064166520e-01
7.789865369866146860e-01
-1.964963870767948650e+00
1.428940290474715491e+00
4.386823095644131199e-01
4.312541978573644630e-01
-1.312054668086386489e+00
-1.022892244809720630e+00
1.450487392284248944e+00
1.516495309273449887e+00
6.277241546668675953e-01
-2.088105214676597932e+00
-1.156358645329734536e+00
8.920824044964835720e-01
-7.313744970726898664e-02
-1.379464132390463948e+00
-1.152864867928104609e+00
-8.711325057248024972e-01
1.341048966889484273e-01
2.213728302140391069e+00
-1.788555281520812557e+00
1.672887112802024512e-01
-2.925853193670135077e+00
7.195980635454257701e-02
-6.052602454360511697e-03
-2.707997622377884106e+00
-4.511145758957540441e-01
1.303008313909888249e+00
1.641073077408350400e-03
2.806724271761065648e+00
-1.625109298298743898e-01
-2.754223277138672543e+00
2.258028648424350138e+00
-1.991846568186211863e+00
7.160917619446753868e-01
6.730060259452320670e-01
