1.255218070458042234e+00
-5.504113304657726191e-01
-8.045394028790877616e-01
4.454902455862199684e-01
-6.438991705516289299e-02
-1.120995808330470078e+00
-9.174114970675903979e-01
2.331261205675465575e+00
9.301496508648641193e-01
-4.454685618082867560e-01
-9.199893420997484750e-02
2.292208870727978187e+00
5.125911653595057738e-01
-2.205431927266490177e-01
-1.797895904442471937e-01
-9.146902311819953280e-01
-1.312593475225923623e+00
-8.470035291785594778e-01
1.250801921338421163e+00
2.452367727208420334e+00
-5.509006547613394256e-01
4.887486193539758994e-01
-4.194632302176199978e-01
-7.175298748125130688e-01
1.000822680742899706e+00
7.568840139191870264e-01
3.778738785597384187e-01
-3.375076812571052187e+00
-1.934515746526735525e+00
-8.371820315200925178e-01
6.459802479879623860e-01
1.310261146622106576e+00
1.219407877551571984e+00
3.208747038596352907e-01
-5.378017295386317009e-02
1.114501339749114805e+00
-3.178189942127631062e-01
1.475467965426035200e+00
2.287477259721534484e+00
1.170308439011826795e+00
6.974895256814152011e-01
-2.202879247935755735e+00
2.128076578694113319e-01
-1.788154752646555101e+00
1.336117706371843905e+00
-6.540473637437092813e-02
5.875746991671435548e-01
5.023534822151676238e+00
1.219693090206215080e+00
-1.499360870728808415e+00
2.182636091832196534e+00
-1.528436076641757069e+00
-6.613028401028254732e-01
1.654589450020571340e+00
-1.304915162979748633e+00
2.089274589533830273e+00
3.660554250190242165e+00
8.458674618981727455e-01
-8.716770426874078659e-01
-1.543432342457081274e+00
-1.264698340318699321e+00
1.332225145383089671e-01
8.172355437205821582e-01
1.096815166237021577e+00
-1.888410847783964508e+00
-3.133698147629526698e-01
1.057664940424078548e+00
-2.350582307021126915e+00
1.902213885753905931e+00
-5.691468984064206316e-01
-2.201143262826127156e+00
2.274008495267825503e-01
-3.625392728152165844e+00
7.227201266713123573e-01
1.019674651929737719e+00
-1.874316858370115302e+00
-1.325028172168748020e+00
-5.831120461841348135e-01
-3.232860893539631908e-01
1.226448426002884284e+00
8.570128996114471098e-01
5.150856470930611497e-01
2.113581827702644689e-01
-1.984485287149363231e+00
2.893787919720291146e+00
4.792992985392900973e-01
-8.344457340841840987e-01
-8.294725999467702504e-01
-5.958284483100693141e-01
2.098001397506026322e-01
6.978296859279620179e-01
-1.156821618150602582e+00
1.658209661880823083e+00
-2.442393850239111264e-01
8.339190515412742144e-01
-1.153296970001644661e+00
1.954018159581071723e+00
2.322710606749751161e+00
1.469699563147741195e+00
7.396631549473996481e-01
-8.208134081136426730e-01
-5.366720208006086068e-01
-8.021178718463545243e-02
-9.126879564590137939e-01
2.342841715505149525e-01
1.111530866614258484e+00
-5.653084066881108871e-01
-1.141515106011783187e+00
-3.460361936179184861e-01
4.537575801672778519e-01
-1.595115006691487203e+00
-6.480373544734038260e-01
-4.250295687250177923e-01
1.081105929571663404e+00
5.739615193674404425e-01
-1.709012940305848716e+00
-3.397110046443597708e-01
3.886147451037316181e-01
3.006256841226451648e+00
-1.962271218623657276e+00
-2.222619880307947215e-01
5.062941197501714674e-01
-1.318310929160060985e+00
1.221227386794811798e+00
-4.474671048817897123e+00
-7.805108087850702869e-01
-1.659124665049223291e+00
-1.027331435782465441e+00
-6.432085976111949766e-01
6.862287782252742829e-01
2.766748651946542292e-01
2.869568199307890310e+00
-9.935614609731659996e-01
-3.632409250385937871e-01
-2.517363109546090882e+00
7.228880476654477860e-01
6.214216900921311071e-01
-2.658223307753865505e+00
-2.024714251958439348e+00
-1.523931514069153170e+00
-7.954510265830525562e-01
1.297155203557770253e+00
-3.055548605102663462e+00
-2.232193320025641359e-01
1.701653169551317957e+00
6.317545821035154274e-01
5.762947468130191764e-01
-5.411141117096974762e-01
-1.332585049637818431e+00
1.554168085058293070e+00
-2.240330490279214715e+00
-7.956492776988463023e-01
1.018555270556888104e+00
-2.444686953646277860e+00
-1.075018684740049579e+00
1.301549969566995424e+00
5.591405081077045480e-01
-1.067380970247833627e+00
5.037793155174827842e-01
1.251906321446691894e+00
-1.560662900974232048e-01
-3.112575066939889390e-01
3.160568363078498422e+00
-1.129929875976278114e-01
-4.081780769899438499e-01
1.757765156623052327e+00
2.338265924746563140e-01
-5.267386130111644249e-01
-9.082573020963211619e-01
-2.652207225080962516e+00
-2.321479272854837017e+00
-2.023551133042789552e+00
-2.231894248951608706e+00
-3.099174831378183059e-01
-1.207809987360396686e+00
-1.540704958479190312e+00
-1.801886049779460319e-01
1.016804223543587238e+00
2.293994131906118561e-03
1.484310677135972867e+00
3.202096218123986482e-01
5.998037665481962266e-01
-1.600376374010363589e+00
3.344097343348341411e+00
1.759802432638058800e+00
1.131820226684381536e+00
-1.106627319872711235e+00
3.634936746126825324e-02
-1.834730549415377610e+00
-2.574041511460090526e+00
-1.201439255218851532e+00
-1.574447788410491711e+00
-4.468048438019689428e+00
1.931903083922152042e+00
-1.198245158631689122e+00
-3.031264800717968777e-01
4.521575577427918713e-01
2.663101416887142525e-01
-9.307534329793248906e-01
9.951533301213394411e-02
5.395239449424860112e-01
3.313618387820700395e-01
1.686748735163146051e+00
4.574925270836585622e-01
3.028628746251963433e-01
-1.182676547930757938e+00
7.640268167989441306e-01
-4.740280513219874425e-01
3.709256389476736637e-01
1.719038507613824374e+00
1.286258022173072946e-01
5.117815758397004089e-01
-3.178737008147493270e+00
-2.768862240315301260e-01
-2.715488905868660208e+00
1.130909111924143229e+00
-3.919239336574114607e-01
-1.510033827661836803e+00
-1.541130068642670770e+00
-6.838362597551966848e-01
-1.944482517376286301e+00
1.909120356814890673e+00
1.030845137447171239e-01
-1.430039559710273300e+00
2.553406797722500010e-01
4.361079211447262405e-01
1.969130026373166586e+00
-7.013527631389682160e-01
2.395736822532972710e+00
1.954642768848837475e+00
1.311041636859828774e-01
8.167562353286739185e-01
-1.256531401510163848e+00
9.106118243468572238e-02
-2.425315677133959458e+00
1.101741383580697065e+00
4.092860831226145801e-02
1.155402866257603245e-01
-3.188403583507074757e+00
1.601381089733112106e-01
6.920962910746083496e-01
-1.935350411063004428e+00
-1.103323527840828211e+00
2.958405065268899792e-01
-6.135888122908907949e-01
-1.036156675123567350e+00
1.603892377098895317e+00
2.214504601943514395e+00
-1.447602689576462431e+00
-5.239327688496101532e-01
-2.218099344262181027e+00
-4.332419801071973886e-02
-3.114640693376084180e+00
2.944111970025785396e+00
-1.327467395347703194e+00
6.481296045917095405e-01
-2.732997365972502091e-01
1.239879043832635030e+00
3.470846578646163971e-02
5.721282438494451617e-01
5.419456004617329015e-02
1.613844672630362354e+00
-1.637190891606512988e+00
-1.383136011090651429e+00
-1.639959004041975366e+00
1.126464218899363434e-01
4.356275471610682737e-01
-1.300407948882822684e-01
-8.377324796303442511e-01
-1.468171833660719017e+00
-1.443130597373998292e+00
8.888752241461621573e-01
-3.829640271824967801e+00
-1.452198831767553155e+00
3.075209061419781342e-01
2.218923920013896600e-01
-1.208220058275472741e+00
-2.366968638060664709e+00
3.562228846821811956e+00
-4.904835831844516214e-01
-2.852699604015162205e+00
-4.310528035901810995e+00
-1.709035526420816797e+00
5.340069238956984821e-01
-1.521740372059421365e+00
1.686738773489740773e+00
-1.730192077137873152e-01
1.933728682299129531e+00
-6.508145055051978156e-01
-7.102503284027351649e-01
1.585922242254809156e+00
-1.216827843657258157e+00
1.319884123704922363e+00
1.409298352746909400e-01
-3.467613219617904363e+00
-5.371691782957631611e-01
-1.356034941127221227e+00
4.125284266711759518e-01
1.962623181240312764e-01
-4.470771625336436905e+00
2.083550451176071405e+00
3.041114482874475791e-02
-2.021738903710216806e-01
-8.813667464640358995e-01
-1.064104338680288420e-02
-7.360084517468873377e-01
-8.360904031159256677e-02
1.115497590518915061e+00
6.006629681774440510e-02
6.323807897625237651e-01
1.310236362113530673e+00
1.222374686612208494e+00
1.436495610195981154e+00
2.255298887255984819e-01
5.978352693084318936e-01
-1.673603525236336598e+00
1.720938076900268232e+00
-7.651259666242474777e-01
-2.802158136778988062e+00
-5.579513820951070846e-01
-2.953306647628879955e-01
1.020240009134171233e+00
-4.888854915997886685e-01
-3.148742119694091457e+00
-3.818573578437079341e+00
-5.962347135866562509e-01
1.433602321636630872e-01
3.380941009473771075e+00
-1.347503687414148610e+00
3.371564479182803886e+00
-5.729035370583895892e-02
7.357951531544137946e-01
-2.534671523255418890e+00
-3.889092625699724359e-01
-8.773273285827742907e-01
-9.576015086319187297e-01
3.437219150580368421e-01
1.847478957489635754e+00
1.167912064729093258e+00
3.244985598656768278e-01
-1.583258761300325279e+00
3.662600543834230171e-01
-2.090336215575585577e+00
4.947698656638870873e-01
-1.882789340326533223e+00
-1.419748473022362401e+00
-4.639622088252936538e-01
-1.829658486639582415e+00
2.107087091798996337e+00
-1.152350924920833242e+00
1.482542548959532580e-02
1.171600395987470566e+00
-7.347618019688134661e-01
-8.414287156630476661e-01
1.539206562454404015e+00
3.406324332928666321e-01
5.520057585070200501e-01
-1.686796432170319715e+00
2.480495715918538124e-01
1.332109035193758562e+00
-4.751635941898237903e-01
1.103717386763370056e+00
2.049633938886664009e+00
-1.829697565569156970e+00
1.976753257642223760e+00
6.017047949219175296e-01
1.157032102030439713e+00
-1.950915317381016534e+00
1.251509438287566667e+00
-2.326387652862813571e-01
1.212873276362213648e+00
-1.084430827607375303e+00
4.097500373913407490e-01
-6.666416438677411627e-01
-1.793426194545274965e+00
1.809278399216418975e+00
1.145196451215075628e+00
7.253580805109838270e-01
1.132706519051349892e+00
1.330144899251139545e+00
2.602278885897408855e-01
-1.689641791609188148e+00
9.982956478134590306e-01
-5.538712314098791500e-01
1.196029015579720634e+00
1.607670761841334617e+00
-3.012557160857173955e+00
-3.933299359188703326e-01
-1.892898286209458103e+00
-1.372876722673159078e+00
7.774678197893195586e-01
-1.802525286955868999e+00
-1.440597856976450375e+00
1.135106750548862120e+00
3.528845899604297287e+00
-5.392892490224193702e-01
-8.773754903620565315e-01
-7.778568037980024830e-01
1.167160490299685716e+00
5.063817093191587126e-01
9.965815748059669854e-01
2.321166920970043623e+00
-7.616363772560852397e-01
4.894570276994656965e-01
7.094124991853247852e-01
-3.907345565281387656e-01
-2.716469746107676109e+00
1.051342928439042979e+00
1.358560357305748534e+00
-1.269649836099738360e+00
1.419891598057479554e+00
-1.370964811069032230e+00
3.650749767167774107e-01
1.501754171104420221e+00
-7.527087282713289529e-01
-3.004761274583180319e-01
2.087651771604882356e+00
-1.737314674433567907e+00
-2.640025283823758673e-01
6.327665244454797611e-01
1.404432956134371802e+00
-3.368238354838863913e+00
-1.075457547422006943e+00
5.173204007457639975e+00
-1.619091497837421290e-01
-5.882887389175368575e-01
-1.934303939717891829e-01
2.052408144008690982e+00
-3.359501298795301572e-01
1.248639770663216408e+00
1.151891704717682846e-01
1.887520267927655482e+00
-2.207816186365660904e+00
-4.373555156946385303e+00
-2.561031930424242375e+00
2.748797291349505678e-01
-6.313610743779025647e-01
-1.326919562662876251e+00
1.688097260218580087e-01
2.566969291773222750e+00
-1.523688054837545991e+00
4.587415663751558403e-01
1.159632837232515978e+00
5.681650381435250363e-01
-4.560452782067240252e-01
-6.907133664703952736e-01
-2.213344584148088767e+00
-2.220850031212875830e+00
-2.000511611932269673e+00
-3.683262747280456217e+00
-1.569390760279340657e+00
1.596112099160205577e+00
-5.722502120249479685e-01
-9.521722702756941770e-01
-5.151718712063219074e-01
2.777890963392272372e+00
-1.473122346607316224e+00
-1.598407682797992058e-01
-1.177625037004153663e+00
1.117798601168575878e+00
8.992935208277318404e-01
-3.944429221341410607e-01
-3.023542843592526452e+00
2.336863084150993863e+00
-1.063092692951461249e+00
2.337248444155890059e+00
7.065536517189888177e-02
-2.311875021163264599e+00
3.152755231745483222e-01
7.037299869887915227e-01
-2.492780457338237277e+00
4.784750707747756349e-01
-8.362165114982385017e-01
-4.393248551266701885e-01
-9.273043722539878742e-01
-3.900186900494365894e+00
1.856420666062762015e+00
-3.005432654192023101e+00
5.895671127123272570e-02
-2.135471632353334037e-01
1.258346473895620266e+00
-9.118489900258287539e-01
3.378144411718325024e+00
-2.088315087471942499e-02
-9.043076099506013321e-01
-2.012889446247505987e+00
3.156774138522594253e+00
-4.656338606621144294e-01
8.615332921890270779e-01
2.315322123353203310e+00
3.553728881234222925e+00
-4.793955890758228033e-02
-2.047524910908382068e-01
-2.000997808765121733e-01
9.626944757639347428e-01
2.428039914881769956e+00
-2.361736628557161710e-01
1.849907508695894653e-01
7.179928026367152771e-01
5.168418274481932917e-01
-1.078143306561853754e+00
3.927734345502052471e-01
6.851872186251130037e-01
1.046974629873057117e+00
4.058065913021907667e-01
1.582987388781798010e+00
1.367954878145997144e-01
2.083731620798860096e+00
1.632182381720532316e+00
-1.354968068956057814e-01
-1.386616558801820887e-01
-9.761599118706316691e-01
-3.208970816831840711e+00
1.268036949244092160e+00
-5.994602384048506455e-02
4.385676442985140810e-01
-9.644560260875384428e-02
4.911473063294309327e-01
1.275879669991840659e-01
2.373496565104145972e+00
-5.061133555981300880e-01
-2.534936040734709461e+00
-8.355173280003733716e-01
-1.754547903687970756e-01
5.595056400290406851e-01
-3.327070672740684021e-01
2.059113457327002017e-01
1.039134994732799910e+00
4.314570558342182283e-01
-2.947111001811641984e+00
-7.084521306471368574e-01
-1.037626741639696565e-01
-5.498703830489104494e-02
-9.640299701003249844e-01
-2.844745215167333363e+00
-6.528260563984167320e-01
2.311297889662382143e+00
4.005532717699530565e+00
1.292999329705303513e+00
-1.614681789888439800e+00
3.959386368751361296e+00
-1.625188963316180235e+00
-1.143760037819522013e-01
9.218325978746481075e-01
-2.896778430364182810e+00
-1.062503112039350217e+00
-3.807160182067674814e-01
2.022035251973190562e+00
-1.399273826086788075e+00
-1.648136839409272802e+00
2.722633609712145741e+00
-4.086613544620958938e-01
-6.753263986723987422e-01
-3.377230416050211459e-01
4.250774515260139497e-01
2.964371701512479973e+00
7.989488453881347096e-01
-4.188315311206777913e+00
4.365675245249299508e+00
7.582591564037317600e-01
-9.832421854595457811e-01
9.902899490135784744e-01
-1.754531891025087609e-01
-6.620617485898685484e-01
4.307613500358098979e-01
-1.196642876774225206e+00
1.573557268176883239e+00
2.135320243426256592e+00
9.044407125901675615e-01
-1.896831438156732386e+00
-2.449152828689909467e-01
1.658208722410704494e-01
-2.826096058477204132e+00
-1.430507366134407432e+00
1.230098268638651682e+00
1.006727248082537995e+00
2.474935049945461429e-01
-1.854281797409267796e+00
-3.664295031812069503e+00
-1.366565746828271921e+00
-5.376981783590806252e-01
2.547924459979721834e-01
-4.160515706366477162e-02
-6.406351652835856614e-01
5.479571420485419564e-01
-1.499246495592006179e+00
6.439166428420330934e-01
-1.065837616740508587e+00
-4.587171115162206464e-02
9.046587262314073064e-01
-1.336196710795772180e+00
-1.257724412443297357e+00
-1.106866127162684510e+00
1.833345069652146941e+00
-1.037075387639763147e+00
-4.641470938674271962e-01
4.494340796422044426e-02
-4.289158489504595329e-01
6.065810586785379266e-02
9.879058167967733062e-02
1.679464484260598134e+00
-8.885235763425886057e-01
-1.074006666082294670e+00
-1.366742835695926139e+00
-8.044758741507668232e-01
9.085232449809097499e-01
3.895585440313527048e-01
-1.805273002205713295e+00
3.229675181612539969e+00
-3.176864493810201834e-02
4.601721109058199422e-01
-8.205278577563104303e-01
-2.990186528236292163e-01
5.942310086331464847e-02
4.971944960768308164e+00
-5.599042528416513509e-01
-6.399906766954218673e-01
-1.197900562500981980e+00
7.092416378944930988e-02
-6.111998352702294746e-01
2.740362055763132521e+00
5.569323855457122274e-01
3.024680005101467728e-01
1.595526453414979118e+00
-7.133166807678563703e-01
8.315886890555650446e-01
6.438942720141777043e-01
-2.176947543665284979e+00
-6.921190372598977625e-01
-2.470493325784956617e+00
