-5.695261528529884654e-01
5.385723662916535037e-01
-1.563022052528890704e-01
-2.692327472607445316e-01
1.236063142303107654e-01
-3.606119748347340614e-01
-1.079168314609842305e+00
9.023818754871129055e-01
-9.921610789115806739e-01
5.427059999307346505e-01
-1.477714104421186114e-01
1.100827209766195303e-01
-5.310015674369661376e-02
-7.101279586898849860e-01
9.947066276832134957e-01
-7.851326223127945703e-01
5.789467095253231221e-01
1.648018143387943724e-01
1.829412763797311214e-02
-3.540968578580905302e-01
-7.518506828927709051e-01
-7.514257558028818451e-01
-2.528315949978274801e-01
-8.607681739881467564e-03
8.493744077672071846e-02
1.905522465578919356e-01
-5.859131488908952967e-01
2.310267891198332091e-01
-4.076996045914331734e-01
-2.688056552609576766e-01
2.239545843987371665e-01
-3.778558138627606811e-01
-6.376598480268624858e-01
-7.382582584515442470e-01
-7.883932628074470372e-01
-4.566675528888275437e-02
9.240004722904606727e-01
2.037585338550511604e-01
5.671058058384741418e-01
2.577127470457142522e+00
-3.838970189978263559e-01
-4.089541799357450103e-01
4.985289741533613928e-01
5.501443675888368912e-01
7.177949924795508085e-01
-1.338986307857280122e+00
-5.260669897858383237e-01
-4.992971046674654634e-01
9.483497620912164638e-01
9.856593450833601722e-01
8.691480477932025384e-01
-8.933284621258390512e-01
-9.670465519478514960e-01
-4.206900397634760758e-01
2.835268486454542436e-01
4.403750648367299458e-01
-6.447074288072551784e-01
-9.656988160766879492e-01
-9.475207607199911397e-01
6.952242999408864144e-01
2.095297581287600130e-01
-5.721556290296009317e-02
-6.410603699986694437e-02
-5.173039437030906296e-01
-5.670300315139948921e-01
-7.310334823745359145e-01
3.999397159348925257e-01
-2.611528655221568851e-01
1.610892515795889768e-01
1.221653607706303157e+00
2.673857448804921599e-01
1.878922391643484957e-01
-5.011793870065452960e-01
5.717948263822594246e-01
2.690577078344891238e-01
3.849629716850085370e-01
6.516795946355180558e-01
9.628767900529362489e-01
-4.216124988269736029e-01
-6.055218519214216055e-01
-7.237539079992683089e-01
-5.371083296056726741e-01
4.343386322702675884e-01
7.516997084809973195e-02
5.600575287554376835e-01
-4.620261539602132927e-01
3.221171991166618120e-01
-1.946410489545642442e-01
8.056832357030903058e-01
-5.461710138404571868e-01
-2.188182245880304855e+00
2.582380109754295106e+00
7.004558759966461601e-02
-1.627551390014710275e+00
5.145238417686901489e-01
-1.156649216341221198e-02
3.174201845467132799e-01
8.514615447657032377e-01
-9.382920778331849121e-01
5.703879481548355113e-01
7.177281624760933898e-01
-2.564693778792657142e-01
6.405828618413715869e-01
9.967368335937181190e-01
8.065322901560518787e-01
-5.883449849302391232e-01
3.997976100667053334e-01
1.291830451002686786e-01
-6.370638273625151005e-01
5.526659122443817740e-01
-3.717253573054117854e-01
2.446606613254964646e-01
-7.436382752499692828e-02
7.797315227793959469e-01
1.789936280496271959e+00
4.752229917384691582e-01
4.685765434348554415e-02
-1.181610708636544604e-01
5.187701369505048898e-01
-2.742274258697580125e-01
-9.750921267356018607e-01
3.322132098365895292e-01
-2.078757088310048129e-01
5.462455090140017067e-01
-8.785065209731506286e-01
-9.108100529270204415e-01
-3.477358125911329534e-01
-5.278978377207415029e-01
2.480733862462911610e-01
7.369722552473119137e-01
-4.763300817799041020e-01
-2.062314891258529848e-01
-4.458736429247367461e-02
-1.219573901262840376e-01
-9.858041527054899333e-01
1.693575787682881639e-01
8.796028000249167533e-02
9.550019700212706297e-01
-1.832694908117979971e-01
2.163245936789594204e+00
-4.144882221289443169e-01
3.297322328080096732e-01
-1.243917621102952342e-01
-6.781016224203972875e-02
9.122821122184403553e-01
-9.105832701657965433e-01
-6.847504902154510908e-02
-1.050289688287708856e-02
4.716895289686870996e-01
-8.422558154416568410e-01
-8.772353073223859710e-01
-1.196119433484388317e-02
-4.376892334819859620e-02
-2.784630022372971414e-01
1.181243389963224866e+00
-9.977250957593561953e-01
9.388219484390352143e-01
4.735801014658844732e-01
6.959230516123562360e-01
-3.429837362329910544e-01
7.058919004023000987e-02
4.421615968355965820e-01
-1.318548726246451253e-01
1.697504424872010143e+00
-3.049177646624419147e-01
-7.695904700267175436e-02
-4.526883565648767149e-01
-8.975577683015254493e-01
6.101666921458290815e-01
-6.793109901831750896e-01
-3.347570027151269834e-01
-5.667748402821930487e-01
-1.732881930435670848e+00
-3.549578736028975445e-01
6.779935072697640397e-01
5.971041139608006532e-01
8.382458803107313283e-01
8.213351144173257623e-01
2.204901409214383712e-01
8.900512552922668075e-01
1.644806259316917707e+00
6.083093547375360011e-01
9.283199230152372472e-02
4.558147173964606225e-01
-4.684361088383379723e-01
9.149187580330424563e-01
-2.779626374446722004e-01
2.917654775285394297e-01
1.725329374798736382e-01
5.900385956799607534e-01
5.862231916354172512e-01
7.911162843263663813e-01
8.616888398505895275e-01
-1.816313074556004103e-01
8.757174582625228965e-01
-8.788053873115608816e-02
-1.507581356408741025e+00
-2.583224776787713672e-01
-1.089191283491447670e+00
1.057620136013383227e+00
8.677789335515093683e-01
-7.560757367790147399e-01
-3.143431469626308816e-01
2.524378035580270296e-01
5.446691955865146095e-01
-2.575802486635568878e-01
3.522188075059798695e+00
2.436252713954667470e+00
1.351134709909033393e+00
-7.611668132263893494e-01
-1.440746269651329570e-01
-3.094517927815727543e-01
-3.082101165964830081e-01
2.071542522954936683e-01
-2.056432517466197929e-01
-2.062589356878541391e-01
-5.636017535404687084e-01
-8.502377054176910587e-01
-2.846937502487418836e-01
-7.730215137844389517e-01
-1.484715388213044829e-01
-3.365977591094833077e-01
1.884892948583228200e+00
-6.936573980644321624e-01
-3.785912360945777877e-01
1.701294422718325094e+00
5.069115180055647762e-01
-5.827636600882066809e-01
-7.395074254939413283e-01
2.304169974335974480e-01
2.844138858309437357e-01
8.788754796553681636e-01
-1.705784566748851816e+00
-2.610201495030306518e-02
-7.731517783989048098e-01
-9.896196580699188061e-01
-1.417854547170338542e-02
-1.171508058723358392e-01
-2.355343135964802492e-01
9.195903780537855177e-01
7.460402091799478441e-02
-8.969455654231459629e-01
-3.014450468070246636e-01
9.873757479566194206e-01
-6.721972506250539769e-02
-4.764328945383620173e-01
-3.192484717276091732e-01
1.686132274018519173e-01
-2.062340726695088833e-02
2.649875094505160789e-02
-1.571422747129549435e+00
-2.982312702788280645e-01
7.037639094012102525e-01
2.196904832449507738e-01
3.458995734624048524e-01
1.062646500185826959e+00
1.712776043443977603e-01
-7.360682581448041439e-01
-4.433082720078891370e-01
-7.727851172531612356e-01
-7.864550876784504041e-02
6.907893523009147607e-01
-4.216819820829467158e-01
8.645706014120666527e-01
-6.309030986407894170e-01
