-1.920752830572012848e-01
-5.311482445116315620e-01
-2.300120687836930689e+00
2.768937208228867131e-01
-9.399161936796768257e-01
1.397678866133578390e+00
4.092936096806930601e-01
-2.940910743293181362e+00
1.303575273505577892e+00
2.796588189868391083e+00
2.469370520520522749e+00
2.039604350403029898e+00
2.362953445814966358e+00
-9.277031821256160882e-01
1.109616868022301306e+00
-1.539876997343231801e+00
7.819235053886894327e-02
-2.696134780022939381e+00
9.202818548503854945e-02
5.311818239216613557e-01
1.280301427117913615e+00
1.766121348680681269e+00
2.025237278731938373e-01
-1.389725675002970728e+00
3.440346511236884286e+00
-3.518390840671768993e-01
8.674210591024034134e-01
-1.846439727826725719e+00
1.259016090326108950e+00
-2.054671116633913108e+00
1.321871415447415377e-01
-6.160816208784372083e-01
-1.511749642160839180e+00
6.822671683817049804e-02
3.792524427697572698e+00
-1.751695863917381857e-01
-2.656759190043089358e+00
-1.922728084934599568e+00
1.140649065368952497e+00
8.704700898122679220e-01
2.771940897152794570e+00
-3.850668690977387065e+00
-7.194934511792382414e-01
7.491406768174545538e-01
-2.481057864876271779e+00
7.070220686515888975e-01
-5.764767841928364334e-02
2.201247055304544453e+00
1.974447215449336657e+00
-1.157439112165689732e+00
-3.735688350177037265e+00
2.432873765207932415e+00
-1.145719607891772185e+00
2.462649358048672465e-01
3.295447445978139545e+00
1.847246754862640561e+00
-2.046593232316951116e+00
2.119470887030576733e+00
-1.756561233502409669e+00
-1.992536040077395487e+00
-8.592833466898657235e-01
1.093476311053321437e+00
1.496547928201394484e+00
-2.272854355264912307e+00
-4.087615883233477909e+00
1.074066703086693497e+00
-3.333719277480838628e+00
2.586762167716003091e+00
-1.001251379989681389e+00
-5.836750958380946486e+00
-1.956035623136914037e+00
1.622568461293916631e+00
1.130222999926510985e+00
2.364830341285378279e-01
8.337507619807182913e-01
-4.359248917259764156e+00
-3.499627714110208898e-01
2.271494261310841534e+00
5.094835563568527181e-01
-2.619829545332996723e-01
-1.241515996676243017e+00
2.406748347742793115e+00
-8.639018545686425465e-01
9.439416763068602112e-01
2.294384514544933307e+00
-3.593527914844311333e+00
-3.705291684702655824e-02
3.201266306558285812e+00
-2.057039377561248106e+00
-1.714691556116762161e+00
-5.927322908883725816e+00
-3.328870070570114414e+00
-1.022940230504421955e+00
2.970437510911390078e+00
1.251960245784079495e+00
2.370082246398745873e+00
-1.241958754145082278e+00
-7.298497356096010913e-01
8.492314204567980029e-01
3.417390017034609428e+00
1.231553350471524588e+00
3.971741977371372467e-01
-1.323399323127079641e-01
1.269019804694962450e-01
-1.141412729849671098e-01
-2.082464041791791676e-01
-9.183604784037835422e-01
-1.899219515857641483e+00
-1.248292250169359185e+00
-2.461662167034714521e+00
-3.134015646157318979e+00
1.176790293193012982e+00
-1.519107878838856784e+00
1.178137057309199598e+00
6.086506364092827415e-01
1.012095576141403219e+00
3.942971858767573945e+00
-5.356535083687556931e-01
1.111179865427600388e+00
2.414314441979870551e+00
9.400943923281039893e-01
-1.550992335023774427e+00
2.472387802718386318e+00
-1.636370497251597778e+00
-3.544822021992128369e-01
-5.305006966087361109e-02
2.673672852388023546e+00
-3.158939071475198368e+00
3.252936700691343219e+00
1.026934689941709555e+00
7.681759411570421303e-01
-1.415120071601217555e+00
-1.580525874604782999e+00
3.171203737831260305e+00
1.752065573803394560e+00
-4.769629447973250391e-01
-5.373803354989014069e-01
3.937179718268126738e-01
4.484544090509945846e+00
-5.925201496479570729e-02
2.266395020197644605e-01
2.768608927467317571e-01
7.368836931902826848e-01
-9.144687573314970175e-01
-5.963016766901207966e-01
2.583268151017629410e+00
-2.787452130992589261e-01
1.383639294324736202e+00
-2.564809587642972843e+00
-3.707281749041610119e+00
1.271789285429681948e+00
1.405730232774623722e+00
-5.696555037078765427e-01
5.226361908741017359e-02
-2.446321166257660717e+00
-2.154813355620778248e-01
9.573685526504382981e-02
1.282340458872272881e+00
1.610556163634756788e-01
1.636003115855290346e+00
2.217633927301071672e+00
-1.957305497904363312e-01
-7.271658460104665211e-01
-3.101733493289837718e-01
8.529795756423194097e-01
5.477449370350222502e-01
2.338850662421500637e+00
-3.329134775451161321e-01
-5.833210151463841253e-01
1.506341449405756094e+00
-2.269015420805057470e+00
-1.236808960949365099e+00
3.175043494446799786e-01
-4.238362212689054331e+00
8.628091983184972280e-01
1.633043444084529838e+00
1.303023429446426462e+00
1.234206721508261717e+00
1.011873358759126207e+00
-1.262126971610412429e+00
1.757818679683520458e-02
2.170341287437879352e+00
1.230071667316758877e-01
1.306399863267199812e+00
-3.375734151326246768e-01
1.321469412187881609e+00
3.816854437742333239e+00
3.071058379507161096e-01
3.690556400519675151e+00
-1.008657056302165511e+00
-9.909294776546351269e-01
8.057171803979600311e-01
-3.220069702104163767e+00
2.243813814876123747e+00
-8.056239179550691576e-01
-2.106394270910675104e+00
-8.721831498762147028e-01
-1.598743701451314170e+00
-2.267210839464143479e+00
-1.058292174162961841e+00
-4.846600578904003420e-01
-1.578692488508901093e+00
-2.045396450595490467e+00
-1.587475827440429477e+00
-2.445185077762705106e+00
-1.532987744381732131e+00
-3.057614462600228400e+00
-1.134413208686762431e+00
-5.220421033298561220e-02
-1.275067252417039665e+00
-3.920613252650431590e+00
2.324506601339327183e+00
1.389368899907651445e+00
1.989927921753552154e+00
3.576690444821573056e-01
-2.210781589275676140e+00
6.687577467582256574e+00
2.525746981027216176e+00
3.888205617039681705e-01
1.658694441419173438e-01
4.909610804279123109e-01
-3.675856898253861971e+00
7.899196133385661955e-01
2.336821333673071877e+00
4.162442786362744451e-01
-1.797451167185578624e+00
-4.699930723358699547e-01
1.407278699831343349e+00
6.923696871393980601e-01
-9.188810485838847519e-01
-1.476635825950084913e+00
-2.431948886528461973e+00
3.297656384464835000e+00
6.931628492180794687e-01
-8.688992711751780673e-01
-1.138612351425910774e+00
2.731549411426664076e+00
2.161129476080003720e+00
1.374594662959345737e+00
1.969519609749800226e-01
-2.226221419609502483e+00
-5.886150941902592582e-01
1.075578777193048285e+00
8.456926993976621176e-02
2.098943738853768171e+00
-1.325735559072494629e+00
-3.026794453227226178e-01
8.083261795025693530e-01
2.626698529578666008e-01
1.887183071607450469e+00
2.738575947471000749e+00
-1.705580725596673286e+00
6.806429371453914801e-01
1.874685394599409083e+00
2.556024851772924489e+00
-1.935561537216380357e+00
-3.935841428637548045e+00
4.023908655418074076e+00
7.800491846381234495e-01
1.562067789151426300e+00
-1.432193059782718381e+00
-1.171723223802482838e+00
-1.642767482990240779e+00
2.263761744643096652e+00
2.112912994665997468e-01
