-5.919769782528768731e-01
-4.638043682588738115e+00
-6.656705017216536513e-01
1.477434874131341669e+00
1.368205940303716783e+00
-7.402842840565948546e-01
-3.471644722032237729e-01
1.461848228003784111e+00
1.010136779214546587e-01
1.073628346829930580e+00
1.611017834657130776e-01
-6.339450151054619731e-01
1.385885310288692995e+00
1.592020954482279982e-01
3.940448304330766427e-01
7.963814535228079805e-01
-4.289517214217917207e-01
1.371884756006564565e+00
1.311843939477740806e+00
-1.388450481106985324e-01
-1.544585743306177150e-01
1.214154483198301326e+00
-6.150225335060096471e-02
-1.027094402862277267e+00
2.086451873843355731e-01
1.403012259751167612e+00
-3.205747357187510360e+00
-1.714806590335926639e-01
-1.902677614368990522e+00
2.500284830750824305e+00
-7.526640367337237292e-01
-7.857804455468699878e-01
1.464552416028424675e+00
1.207343965594892765e+00
1.203135698475295667e+00
1.150538170083831080e+00
-8.904473376384640648e-01
7.820944202911034315e-01
2.069066887871068849e-01
-8.351502967414847767e-01
-3.994360742599186942e+00
4.919090075595750067e-01
1.441849482935370075e+00
-1.654920400348382836e+00
2.904669689313370995e+00
-5.790742535865311957e-03
-1.587052020835779120e-01
4.259879878104083639e-01
1.031491208458163555e+00
-1.767579438989054230e-01
2.368073383857709047e+00
2.205520702559187196e+00
-9.932458687865289848e-01
1.767342369698367888e+00
1.817007632008347251e+00
-6.373222575675736579e-01
1.273528326141648126e+00
1.347660787243970759e+00
-3.099431586110585446e+00
1.907542455166171047e+00
2.942202799836690641e+00
-9.343441394204377026e-01
2.366024038729876100e+00
-7.186043281944948236e-01
-3.512041761565640297e+00
-8.432962744156214940e-01
-4.998165019447843305e-01
-2.140026484048768829e+00
1.052523334360521146e+00
1.562072615879920023e-01
2.747264956227842614e+00
-1.023204922038406295e+00
1.045311889776085135e+00
4.379998920929010886e+00
6.090914581206591238e-01
1.159427338163569576e+00
-3.167534577770844129e-01
-1.636176760582168654e-01
9.373815894690919193e-03
8.625019873624422129e-01
1.486871352608350794e+00
1.930388297931193708e+00
-1.771829621493520968e+00
-5.183534515143211063e-01
-1.278944105914669560e+00
