-8.078886118243464587e-01
6.568520965128832323e-01
9.636431681803081517e-01
7.074264426335120648e-01
1.385887002429914139e-02
-1.477484930515937656e-02
-8.889605411387373479e-01
-5.965544353583032144e-01
1.041205309296396431e+00
5.740445266825802140e-01
-1.186038258029862291e+00
1.120091324756953277e-01
-6.523133198926537313e-01
-3.388254119080194027e-01
-3.986424238737573678e-01
-5.138319057321520944e-01
-4.294561470403506220e-01
8.055126857047367750e-02
-2.815972977852389203e+00
-1.220571317124121702e-01
5.691075863416970027e-01
3.188787908356549572e-01
8.286989602773229269e-01
6.166822706193900716e-01
1.021310000313313093e+00
-9.371110581506152393e-01
8.244004441818180151e-01
-5.130483256305269357e-01
3.848784274040271125e-01
2.735241519417845879e+00
2.016608597791071378e-01
-2.723943261463941390e-01
-1.682163570414739961e+00
-1.011824132913494712e-01
-2.756126269490992264e+00
5.010964313679753257e-01
3.370681495574938680e-01
-6.705550880114707901e-01
9.861090752767729395e-01
6.148053041086067871e-01
-5.892995995502361417e-01
-6.253555600603577513e-01
-1.649886683244115027e-01
-4.529269948197220952e-01
9.702156093623517386e-01
8.689609733913057354e-01
-1.662578951552022843e-01
5.551341402654507151e-01
4.609411939131211611e-01
2.636240331324117836e-01
2.789248244955779832e-01
-9.888210348723653897e-01
-4.383501493286454664e-01
-8.567774375358623296e-01
-9.186931401647009388e-01
4.780966183884527432e-01
1.830446970512396021e-01
2.320920932978295159e+00
2.423293358981837287e-01
7.746949676963255094e-01
-6.258989606330367383e-01
1.552101048505454273e-01
1.289579246849741789e+00
-2.130546659079470828e-01
2.071228808090073148e-01
4.988677864698789488e-01
-3.019020590902397494e+00
3.539244204590266119e-01
5.934989001660138097e-01
-7.806536536790293912e-01
3.566942581667138512e-01
-9.855233496619786315e-01
-5.022512168721677828e-01
4.481289557331642470e-01
9.336448250620827949e-01
-4.245086053322131292e-01
6.131179239872621700e-01
-1.617075869542543343e+00
-3.022247679148892807e-01
1.758698387193255996e-01
7.061699035106030475e-01
-6.348250025625596926e-01
6.686980301546823213e-01
6.730724945813562066e-01
-1.513125685502560991e-01
-4.085347509532066823e-02
8.607944920525600896e-01
9.193546637499665497e-01
-9.310523628555014142e-01
5.046784071091356960e-01
1.239101272372631568e+00
-7.093968293674699499e-01
-3.645112234726366474e-01
1.972032141138826411e-01
5.540676284458732059e-01
4.083190029918815078e-01
-2.031291417840059843e-01
8.931994263696645397e-01
1.928198236229747842e+00
-3.274639701204190012e-01
6.047870319770523029e-01
-2.836675275816715192e-01
-2.259232604620306173e+00
-2.906168811496117055e-01
-3.807007104921482643e-01
7.259319070689100872e-01
2.134272680364972530e-01
6.236992759567736577e-01
-4.373878240259694294e-01
-6.839599824772990555e-01
-7.385554155065934268e-01
-8.725651586977150043e-01
-7.240006909078777753e-01
-9.617141909663362576e-02
-5.992513009524051970e-01
-7.489485033373846079e-01
-3.356910730215875160e-01
5.127738474261605006e-01
3.332875232144896227e-01
-7.689027888690798118e-01
1.858658287727870118e-01
1.140560768880941156e+00
-6.785317904416929835e-01
9.994144035459988640e-01
6.726052646162647974e-01
4.443785746560680039e-03
7.188829251608637172e-01
8.722227740629611148e-01
-3.049949085685059735e-01
-2.894934288595636396e-01
4.831828501952990518e-01
-2.043435298134771649e+00
1.005179086860459758e+00
2.020699382666673038e-01
-1.767062778044128368e-01
1.256717709901775670e-01
-7.893234200840464343e-01
-1.429574002690496837e-01
7.634163853827817814e-01
7.271208429030242559e-01
7.840142143300588007e-01
-2.254655460230980957e-01
1.971219489619076004e-01
-8.002480159207505661e-01
1.827072042242572358e+00
1.104892387393363595e-01
6.631252142503574198e-02
1.890195852884231087e-01
7.693856767108254724e-01
-4.857455685810070367e-01
-8.342306573149806947e-01
6.631668781628206055e-01
1.414183572539928768e-02
-1.357935419107444974e-01
5.293846924109590901e-01
-6.044800004066819277e-01
-2.367100087796929486e-01
-7.428751312079593383e-01
9.007251227339454491e-01
-1.834830095120143501e-01
-3.385603645516137572e-01
1.238237884256283561e-01
5.183963140778840017e-01
5.602545142134385259e-01
9.564133524600817449e-01
7.197575313421609167e-01
5.073286661025913080e-01
1.192393343413220119e+00
-1.059724302430826048e+00
-1.770264691327491646e-02
7.964307723543531115e-01
7.969376701760335635e-01
8.508374469549728758e-02
-4.372937046488660773e-01
-3.403709817601658916e-01
7.203049343314533726e-01
-6.425240548287245446e-01
9.944613850820624990e-01
9.728071374236515467e-01
-7.152756879288584280e-01
-5.759556988013658785e-01
6.381693156431615943e-01
8.000290676446621951e-01
6.323389991032015711e-01
-1.501871805339179078e+00
4.975770755224950825e-02
8.600798210558420198e-01
-2.204261684454467130e-01
2.106410057707608363e-01
3.285713865583717030e-01
9.286100418312681626e-03
-3.747538600688693489e-01
-4.120114111195274376e-01
4.389280497196057507e-01
-1.458932627103768365e-01
-3.272289591680577203e-03
-7.439551516526996533e-01
1.147900587011521090e-01
7.727527583465709782e-01
-1.057257398735114151e-01
-3.892322990693831142e-01
1.241507830545662827e-02
-7.743918269209761895e-01
1.430227790089211304e-01
2.569583367300447563e-01
-4.705256373827830796e-01
3.560855208853803688e-01
3.525971790402571138e-02
3.403329211985168801e-01
-8.044987464412602929e-01
2.841899685114142038e-01
8.685789700436010730e-01
4.416638043208152009e-01
5.732562901466293770e-01
1.217218418391250445e-01
-1.077279597290765611e-01
-9.159586208288819087e-01
1.749876249555951446e+00
1.595843925813999475e-01
-9.858450762994215300e-01
9.670875551684934290e-01
-2.570941945977043286e-01
-9.701861874633990190e-01
9.570233066506486086e-01
-2.684387758785022893e-01
9.521928777112531606e-02
1.532892903071272350e-01
-1.636797604154135666e+00
4.474701500370474871e-01
-7.760834902066977570e-01
1.481611923148313803e-01
3.469427852115190003e-01
3.433650721617951262e-01
1.117648347665534336e+00
3.481077764130753316e-01
-4.154001441176941034e-01
-7.774571661585116811e-01
2.019356868437319208e-02
3.560958678708956437e-01
-5.344546351312655652e-01
-2.088566139176508685e-01
7.467214447568126801e-01
4.434609736080676878e-01
-3.354691799891330595e-01
1.126335186819735767e-01
-5.740503179961642388e-02
-8.511272957990316801e-01
-9.656088577388357574e-01
1.537427315670347738e-01
5.831027433188971099e-01
1.638848881123178280e-01
-3.748402479901757900e-01
-3.668691778277659576e-01
1.888023419511641876e-01
1.554172252890133610e-01
-7.064646905623657158e-01
1.871185954184739764e-02
5.012548945733448225e-01
-2.217767228672049562e-01
-6.043874364954606726e-01
3.685338699192770573e-01
-2.779887656081392322e-03
-4.775061081330473911e-01
-1.050206872050418738e-02
-1.905013098237058333e-01
