-7.073891718594204070e-01
-1.828616461801942927e+00
7.522063346612974932e-01
2.892302556484499521e-01
1.328833978068597599e+00
3.419689791802458800e-01
3.932539260160554662e-01
-4.757411998517516172e-01
-1.448023444540829097e+00
-1.184027970632426374e+00
7.375016498583712721e-02
-1.523579472161586991e-02
7.057359383014207843e-01
-1.688446713522481435e+00
-1.210615334849375335e+00
9.690398013624690332e-01
1.174821540147068299e+00
2.102048653475473705e-01
7.153979089448961881e-01
2.476409057751629561e+00
-8.165049292136626891e-01
-1.762617236248273267e+00
-1.109169338147034223e+00
2.593965002061930925e+00
1.833437178246992483e+00
2.548112678342111526e-01
-8.353526293831798899e-01
-2.057882952897185092e-01
-1.378901497808391996e+00
2.368039745751974734e-01
-6.608282267689515876e-01
-1.000233834827796597e+00
6.894065133617034435e-01
-5.880423257235363188e-01
-2.056598060697485686e-01
-3.057206764692590450e-01
-4.869979210392539892e-01
-1.210539932036994282e+00
1.735920597840350688e+00
-1.276732212079169371e-02
-1.034994525721993019e+00
7.350185131274183936e-01
8.577191042363734030e-02
2.066995509209217374e-01
2.681776350400417286e+00
-1.568920899929652446e+00
1.500370820424916096e-01
4.958635053306059692e-02
-9.499493827402466506e-01
-1.166165190230022519e+00
-1.214868397718293025e+00
-9.320276923578728612e-01
-1.231225880174102061e+00
-1.909835932458733287e+00
1.940748139934620961e-02
-9.565806071940310407e-01
1.358314861345279567e+00
-5.982834552529988636e-01
-1.072019567257917583e+00
1.501718344796797222e+00
-1.734712502198361428e-01
2.742530193275826700e-01
4.591132307354525710e-01
2.077887052582726712e-01
-6.672134243174284718e-01
1.225547000339574755e+00
5.872975111581560936e-01
7.861307225415313793e-01
-7.081905079764216904e-01
-1.196253152144925336e+00
-6.441061481346596618e-02
9.771158042511050024e-01
1.152207667283298598e+00
-7.859550865577333845e-01
-8.701504097818860695e-01
6.520189094393672447e-01
-7.893071359275393162e-01
5.324799035050956642e-01
-4.829295130866821939e-01
3.409730680509165945e-01
-1.445289915886042442e-01
4.201055495382367000e-01
6.908099744547274712e-01
-1.050035913605892324e+00
-1.359692641313737516e-01
-8.922440827192595902e-01
-3.055264158396494567e-01
-2.380247534187657499e-01
-7.437523409707653688e-01
3.906815119185320651e-01
-1.427191486524815645e+00
-7.168985146039685841e-01
-3.178383681190714571e-01
8.241484992047082292e-02
9.629479794572177731e-01
-5.462431108179961470e-01
9.195188139990185805e-01
3.135455557848013664e-01
-1.005215774357002712e+00
1.964147163979208077e+00
2.743130839140668353e+00
-1.133232609499247090e+00
-4.730188143791282940e-01
-1.189987694833189065e-02
-9.348450509140704412e-01
-1.406503575694258545e+00
2.239001898590636586e+00
1.598022346364505797e+00
1.783635835841142159e+00
5.363225629724100996e-01
-2.529981010690186549e-01
-8.270501473761708230e-03
3.061600022824841005e+00
4.990195984976872334e-01
2.218154136789299014e-01
6.932677948537711854e-02
8.988074598703973961e-02
1.779946297597315485e+00
2.134759355407664372e-01
-1.355581234930181012e-01
1.487035603859103938e+00
3.521693572042209897e-01
-2.545927668633864438e-01
1.282685015778383564e+00
6.092420190078930986e-01
1.158366713920106372e+00
5.943641572046202137e-01
1.039663464304690477e+00
-1.494725929777128259e+00
4.347775152962820577e-01
4.528053930707687802e-01
-4.079733472268715078e-02
-4.059562565432084380e-01
1.229095373110867584e+00
-6.285719059807096665e-01
-1.718705119627808864e-01
1.871924611278290573e+00
4.177607967550849843e-01
9.634478576556938512e-01
1.287407141016160939e+00
-6.776631035676752290e-01
-5.360367455886804189e-01
-4.847174214512994239e-01
4.667809863029265260e-01
7.952705359534656404e-01
-3.291774463323401956e-01
-1.041889152110896832e+00
-1.064542857298482526e+00
2.293893814141872156e-01
-1.566540414252038715e+00
1.506593902026985843e+00
-6.856113972396347955e-02
-9.033878613584377104e-02
2.457644784547115546e-01
5.080419628817579858e-02
-4.088436780248900781e-01
-1.660277631162624667e-01
1.139087031599224364e-01
1.261962008209000619e+00
-1.105804895070217952e+00
-5.457162202920129435e-01
-3.281447636221950237e-01
3.478494059894798873e-01
7.980528649577910416e-01
3.871672006611049710e+00
8.220988381409644052e-01
4.842233662198746069e-01
-1.250994718151429375e+00
-4.931175413049275480e-02
3.685845638401077928e-01
1.701791852191033780e-02
-1.668064950484451581e+00
2.952101618724324306e-01
-1.063983143531501252e+00
-1.139384961036079114e+00
-1.285246472186656552e+00
3.538506626880158490e-01
-4.598556292375078347e-01
9.306007703346463877e-01
7.013166051148239655e-01
5.009356109000748791e-01
3.892425083129705254e-01
-1.447685105625253488e-01
-9.628881535971651751e-01
1.402120852813789176e+00
2.691150925226704627e-01
2.479591355595636357e-02
8.760878289004164765e-01
-5.385259011420981956e-01
-4.869533072913706517e-01
-1.220858607244628413e-01
8.792125576051834646e-02
5.078643374242479691e-01
2.453049234853794669e-01
-6.708465377800150176e-01
-5.701685869917234584e-01
6.236509082546344285e-01
-3.022911852312689107e-01
1.812633929744090988e+00
8.775336207687378653e-01
-6.704960123840993103e-02
5.283770878085787270e-01
-1.203811596263060224e+00
-2.386894381687704458e-01
3.122045163399285173e-01
-6.364006938975164118e-01
-1.007355463155056752e+00
2.209756469742862883e-01
-7.148816775430854031e-01
-5.806119003459863093e-01
-3.603848142504202379e-01
-8.259596063287744094e-01
-1.372259084943583674e-01
1.707434694218263604e-01
1.066478999481613288e+00
-8.865746936141687407e-01
-2.389147771088252770e-01
4.324965798809162765e-01
1.607977457842360680e+00
-1.261346505245571015e+00
-1.221574500978797939e+00
6.824991940650250166e-01
-9.307562379058739177e-01
1.540275714803241547e+00
1.110750874399096672e-01
1.787321967429324365e+00
-7.486514968626061250e-01
-3.858417556348506805e-01
-9.870688418507218842e-02
1.684463379354254275e+00
4.951064802266390563e-01
-1.004940141391437836e+00
1.659906988100450231e-01
2.231557238101822271e+00
-1.022367500594509204e+00
-8.602711435861684630e-02
-1.678552357039448939e-01
6.518592103326723564e-01
7.832617927015516068e-01
-1.425261415092513806e+00
-1.989757173921043343e+00
5.659487596354402239e-01
9.053581436289472040e-02
-6.506218448959469880e-01
-5.121791779980665593e-01
1.960207502926694545e+00
-2.810969602864613615e-01
-6.906559674542288585e-01
-1.186914282417294686e+00
