5.463894824841114550e-01
4.296165041545181862e-01
-1.708782066499177077e-01
1.029590918500252750e-01
1.070282365137358749e+00
-4.137725703556868195e-01
-9.543442726110398233e-01
-2.865390010728499082e-01
-2.541411300025312459e-01
1.610992782449826688e+00
2.592115136424631427e-01
-8.581803865431076872e-01
2.459287345993841634e-01
9.636883461153744612e-01
3.528659749147178282e-02
5.200210780164922220e-01
-8.126204020214875534e-01
-1.161088242852448493e+00
-1.513244125234514126e-01
4.801622623309425575e-01
-9.694216223164002777e-01
8.557785440285897716e-01
-9.690981367958204640e-01
4.056170919286103960e-01
-5.482009509134679881e-01
6.163607745781137792e-01
-3.460037255643457765e-01
1.420190531349371788e-01
4.640374755114480831e-01
7.953591812418059348e-01
3.723573740249747632e-01
6.959276245682890494e-01
-6.705009080522454923e-01
1.645925726628502672e-01
1.225600799223424797e+00
-3.511246917619411656e-01
-5.363113696237460370e-01
3.482893038766868288e-02
-2.195942863478641538e-01
-1.396109149026688367e+00
1.483966563381207138e+00
1.105908468764632835e-01
1.419176527447468139e+00
6.586903669595165489e-01
-3.921490564779528398e-02
-1.635778843789896519e-01
1.274184964650718843e+00
3.047918847828206546e-01
3.498759833329779245e-01
-5.374722101155444687e-01
-8.244664729595447827e-01
1.437117664282452634e-01
-1.245610847160796147e-01
-7.226301983673597551e-01
-1.080904876397910774e+00
7.144154328874044446e-02
6.447863489365886214e-02
1.789772250509703844e-02
4.671917417883236223e-01
-8.360381890073946831e-01
6.601261146221817366e-01
-8.952544872718637414e-02
1.253716534494048462e-01
1.022556966498410880e+00
-4.066811889780063138e-01
-6.926271441126630179e-01
3.102369190345950489e-01
3.815456015894870823e-01
-9.056629886706415444e-01
-8.804066087403805696e-01
8.976842898149700600e-01
1.273625187881577414e+00
6.219383580588783156e-01
1.983995098822280978e-01
-8.716953625189180488e-02
-8.501038490009218962e-02
7.395257451331112009e-01
-2.730372287281058741e-01
-3.608692122943182867e-01
4.612896622324738072e-01
2.336392741069368562e+00
1.389558120074531611e-01
-1.272156891140646895e+00
3.046581051663131978e-01
-4.322120303234511240e-01
-2.598362328060543902e-03
7.660926850936861099e-03
2.392873319484594696e-01
-5.040112504377753933e-01
1.422220458454277470e-01
5.402069112983214350e-01
9.202144643509597710e-01
-1.318201755153701082e+00
1.823271206075834039e+00
3.071531363580047858e-01
9.631370331742428181e-01
-8.272397171679384265e-01
7.544877300850758584e-01
2.876472787978282541e-01
-3.918355689997051750e-01
1.066979478518979008e+00
8.783702265489885530e-01
2.815058870239524058e-01
8.054547231233853966e-01
-1.531865545001488194e+00
-6.514561700106678011e-01
8.476564286550909433e-01
1.594330250627863599e+00
9.499854033751453652e-02
1.726990882143240702e+00
3.959181529305580427e-02
4.894401842905811151e-01
-4.761791055517843319e-01
1.447564469461728898e+00
1.227918031933425080e+00
-8.305952545311531265e-01
-6.140378499524279388e-01
-8.890491725599567463e-01
-4.796559724907230038e-01
7.854098194694099089e-01
-2.425494478446695301e-01
-2.309320447076400606e-01
3.450413659768649111e-01
2.513058849562559427e-01
-7.187702863704071854e-01
1.542618165535393493e-02
9.042477504740720207e-01
1.130297829280814126e-01
5.365557186454018579e-01
1.064334196724663784e+00
-7.870911973719230126e-01
-2.524755877125219317e-01
-3.719344992456966731e-02
1.486127962105550315e+00
-1.302081449893789378e-01
3.680242902372389269e-01
5.045365842276998691e-01
-6.092199127981806628e-02
2.056060830800186812e-01
-1.236367129018341032e-01
3.027969157620254981e-01
-1.753784626851877526e-01
-3.239915678533838994e-01
5.092871940484509086e-01
-1.309469664651269127e+00
7.401218493477228211e-02
-1.327940518499557410e+00
-5.408990689953862008e-01
1.008377579093665544e+00
-4.817321001873885455e-01
-9.528835803027413398e-01
-2.482259091044554111e-01
1.043052217303354290e+00
-4.251519912094809950e-01
2.431871960381050690e-01
-7.665149073697541393e-02
-2.457590193103004195e-01
-1.005430060169865553e-01
7.887738366192557082e-01
-9.348359397760428458e-01
8.213134240742313574e-01
6.695820403233398999e-01
-2.359398842320615253e-01
-1.846339621532707698e+00
7.207653998165375331e-01
5.464673044375130129e-01
-2.563342682225178137e-01
-1.073001261495129199e+00
-2.498989772092695127e-01
7.543447376531190463e-01
1.113362775001739191e+00
7.790850550542656183e-01
-6.742493155547789607e-01
-3.043103851925562098e-01
-5.971069006541944724e-01
1.070906709171403515e+00
1.853683776999799582e+00
-6.345035899529077872e-02
3.222095752192790652e-01
3.243707116805385482e-01
1.118047393730573491e+00
3.352909620755729625e-01
6.858687583470455262e-01
2.757188627720124630e-01
-6.527220610746043983e-01
-2.529994221290992051e-01
-6.507867156323868807e-01
4.409770721180695796e-01
7.227363714466427114e-01
-1.109241092693633135e+00
-5.644534174634702195e-01
5.632217654016554720e-01
1.308149581046531784e+00
-9.906006068485461169e-01
3.552045976718498088e-01
9.938751009835481431e-01
-3.166273342020789472e-01
-5.705923448682057586e-01
-1.771055649640740914e-01
3.082056788979725681e-02
4.948052882409189612e-01
1.648412807011180536e+00
1.057299838937454384e+00
1.338640576817104133e+00
4.204548340153152486e-01
1.183239551631396713e+00
-9.963355693069858576e-02
-2.860106997868015477e-01
-2.017911618020883091e-01
7.967005466145333781e-01
-2.503540094266730187e-01
3.104304405435220904e-01
1.331670277375890610e+00
4.104662280544518760e-01
1.094723113582710017e+00
-4.061736895931794544e-02
-1.242514131026844160e+00
1.016585981927989213e+00
8.689759756221561160e-01
3.588035851182139746e-01
-8.814270587104418020e-01
1.310019820553641079e+00
1.164709492415410552e-01
2.967098014532432160e-01
6.915321773753202450e-03
-1.602900638929080745e+00
1.150828188320768053e+00
1.115978202549795739e+00
-4.427067268603097627e-01
4.552506158621991705e-01
-4.830513459309763169e-01
4.729904555157092572e-02
5.257289455818744406e-01
5.617196390115903881e-01
-3.780028556015599395e-01
-1.027822983221798880e+00
4.603004564575450264e-01
-5.151583133310577711e-02
7.952477984346416617e-01
1.807971601929739380e+00
-4.462087595248532823e-01
1.633949318881480761e-01
-6.229035742096700190e-01
8.327946511522900108e-01
1.290765755002321713e+00
-4.363727632873550255e-01
-1.511192562442247533e+00
3.088505907871165190e-01
2.182799371061009130e-01
5.882198693759031760e-02
1.769255755291825327e-01
-1.525349450873453527e+00
3.562857775301133678e-01
4.405065904234390928e-01
1.946851024570611655e-02
-5.228544265603181362e-02
-4.876208194323032319e-01
5.066105829106426484e-01
2.433104917941808498e-02
-4.779891128731680872e-02
-5.729362012223787604e-01
-8.452199329778409265e-01
1.656545912749130656e+00
1.982862937324185726e+00
3.342695545396844881e-01
