6.264247099126367679e-01
-1.069229349497232473e+00
1.440661719172168898e+00
-3.991150513279039247e-01
-2.926289236479547862e-01
-9.133538527754736513e-01
7.863097288553383413e-01
1.701715069305788752e+00
-1.144678967946364700e+00
1.675201191430501169e+00
1.299529702866946579e+00
-1.714410904443093853e-01
-5.369588152995182634e-02
2.324791294317172519e-01
6.014403824781039409e-01
3.055690123317732709e+00
3.067660639300201275e+00
1.969802209115140812e+00
4.063800711827625367e-01
-2.892132931624166181e-01
-2.080504598891224965e+00
1.980285449391178121e+00
-8.857949975209966631e-02
-1.476316476281658741e+00
-3.753802853323786159e+00
-1.039880730452732438e+00
-9.630851834114688703e-01
-9.846157484893487410e-01
-7.377288799304673739e-02
1.960545410205804640e+00
-5.114332064359086161e-01
1.604337277246704829e+00
-1.116699189529511527e+00
-7.494239813794691951e-01
-3.561696304340896124e-01
-7.005700059145030245e-01
-3.880241792844565385e-01
-1.058703179438949649e+00
-1.024721182792870611e+00
4.091748758091601212e-01
1.424966990741612261e+00
3.436214154174530577e-01
4.604870353955218265e-01
1.047581130650556025e+00
-1.108409655919720960e+00
-4.126573641883389820e-01
1.110192070347535420e+00
-9.879426192449215494e-01
7.063226873913789339e-01
9.782589143565876277e-01
-7.933636851519128286e-02
1.592548898168188121e+00
6.048009743298798924e-02
6.386097655571761900e-01
-1.062942276373747552e-01
-1.703384388423280438e+00
-4.596760535964604655e-01
1.013752878362111032e+00
7.442058476784620957e-01
1.240567412005940895e+00
-4.519349644535927690e-01
-5.017127398467581267e-01
9.113064813755575866e-01
8.982559817820756631e-03
-8.208916834684457653e-01
-1.458388245705478869e+00
3.606023275866768185e-01
-5.488657166360831896e-01
5.214331008314861959e-01
-1.046546883941286810e+00
-7.417122702600094097e-01
3.694414954649942184e-01
9.880629831038999500e-01
-8.366713898639661640e-01
3.771151293664004589e-01
-1.159631430159796750e+00
-2.950978579242669042e-01
2.041711830188836174e+00
-1.875847302677865924e+00
-1.150384552612031319e+00
-1.449942184233384612e+00
-6.804683588009172723e-01
7.060126795174350711e-01
1.755783050655823629e-01
1.654502528054215382e+00
1.893907075307999843e+00
-7.062481809443030834e-01
2.562143352394795071e-01
8.699317531953122407e-01
-2.719411838676609738e-01
-1.899219749331231277e+00
-1.687716960136670830e+00
2.335931451993911168e-02
1.158330094174661484e+00
-1.076498811232669661e+00
-4.452494948885811765e-01
1.294401329650479049e+00
-2.062603666037209127e+00
-8.785004519349115526e-02
-3.560062144547419538e-01
-1.099660360457410890e+00
-3.471906201817026805e+00
1.016242042075718555e+00
-6.834111061782479624e-01
9.946449046040615194e-01
1.349556103581662780e-01
9.262729743786259906e-01
4.453687508348889157e-01
-1.401735645672315567e+00
1.514349587932114494e-01
-1.720607355791975657e+00
-4.815969577869642637e-01
1.464767736814966692e-01
-8.683841245710699486e-01
-4.129155956001118177e-02
1.736024523223492766e+00
1.147178698749276693e+00
-3.420616959954391190e-01
1.069814137083202610e+00
1.130383768516069143e+00
2.283890235186086137e+00
-1.896671233083074615e+00
-8.518854042590001674e-02
-1.896750855405472946e-01
5.538295285274034141e-01
-8.585433567665732291e-01
-7.688735707916161122e-01
5.250145247479063304e-01
-8.350960200115798981e-01
-6.987503942863009243e-01
1.133500548430639077e+00
1.061881126317415269e+00
-8.915213511617812170e-01
7.092629330922504138e-01
2.965970902959932376e-01
-3.062751781052630573e+00
1.094627311487946342e+00
8.698437019424398731e-01
-1.180503398207039201e+00
-4.779587288640854692e-01
1.279337222710448529e-01
-1.694371254691589002e+00
-1.455736916552108129e+00
6.773550587422356717e-01
-9.472827932819875008e-01
6.494871289056198815e-01
-8.896116665083504405e-01
4.136180965189278358e-01
9.850323113197428926e-01
7.385221434536929364e-01
8.686496947969137850e-01
-1.881574148156553994e+00
-2.051461430987824297e+00
-5.265632219980942441e-02
1.253892638733553166e+00
1.296929041653875680e+00
-4.447897070485387516e+00
5.791622443692712174e-02
5.038935470669351352e-02
7.041625335582107903e-01
1.882078304470466090e+00
-1.251283417918906404e-01
5.594369621615989940e-01
1.419099759164939911e+00
-6.514100258312521818e-02
1.071704945823643396e+00
7.203634639230680481e-01
1.607573161406268936e+00
7.551655262353894615e-01
-1.768337541361952203e+00
-7.972585424047486935e-01
8.945886821992056204e-01
-3.361871955520127075e-01
1.453290859777946142e+00
