1.261978076698869300e+00
-7.958117218963345341e-02
-5.602588144432223416e-01
-2.016631154823844141e-01
9.032965374461400243e-01
1.069993131106079298e+00
2.266629211298704316e+00
1.969108934860127169e+00
-5.201200967290329213e-01
4.264775516751401763e-01
-2.026921081993154350e-01
-3.800657013846480137e-01
-7.528818694624076491e-01
3.061033884188169019e-01
-4.523642000444539346e-01
1.684274395209591546e+00
1.590497011911350678e-01
-1.510778797603868462e+00
-1.263851330243837889e+00
1.773644267443583278e+00
-8.958376829389432805e-01
-1.202197781595943926e-01
-6.521352603076532306e-01
-1.444384501471844606e+00
-9.057125289165950111e-02
-2.115178823014810305e+00
9.626630375035906129e-01
-5.896532710498468832e-01
3.396002400280360156e-01
1.817168571568748003e+00
-1.028168865875475513e+00
1.270413983484807607e+00
-7.366433305636163054e-01
2.939481556496484349e-01
-3.742998460807008265e-01
1.714113746872387156e-01
-1.618492519087233683e+00
7.001588778917416933e-01
-2.066439953010148212e-01
-9.684363552914572182e-01
2.059719927052861888e+00
-1.575139397274539110e+00
2.372790168389993515e-01
-3.900505077976237356e-01
-2.768119186015947086e-01
4.486183659444863414e-01
9.209254114044804762e-01
-2.684407473620452622e-01
-1.156308329580786998e+00
5.130121496788758034e-02
-1.974952788829912043e-01
-2.965512538103874385e-01
4.404215457975144132e-01
-1.199611501616135723e+00
-1.991168033356573719e-01
-6.018074538239599064e-02
4.655726467677501756e-01
1.577231796483078652e+00
-1.196052014360025284e+00
-1.287389299064211290e+00
4.021758652623224073e-01
1.218829701959566782e-02
-2.075383301725904073e-01
1.231371843597966365e+00
-2.698785495558868597e-01
1.043063199100822611e-02
8.917022095676019333e-02
2.068967517280002166e+00
-1.484847451652144379e+00
1.283642782431384743e+00
1.019217387435672473e+00
5.612135668181055248e-01
1.067251345315071015e-01
1.181505152210312382e+00
2.239295672153593486e+00
-3.004794009905141228e-01
2.812844985195624842e-03
6.569249511220343063e-02
-5.664565252955710006e-01
-1.685848112269364041e+00
-2.384841951298017459e+00
-5.532494351124912502e-01
8.361975262975256395e-01
-2.325784755744082055e+00
2.486467167337470807e-01
-4.452160425793463133e-02
2.616648512720388453e+00
-1.194431239785667120e+00
-8.867519891170523305e-01
1.571551150913186978e+00
-1.131223622929468542e+00
-8.079833655002763848e-01
5.706677912275627262e-01
-2.702200938935321428e+00
7.643113257103599789e-01
-2.044144892522443246e+00
-5.522121269295577894e-01
1.071298496375963971e+00
9.865761154575765079e-01
-4.406368347606614555e-01
-8.425130563582967635e-01
-9.137348289077910080e-01
-6.883248916155919606e-01
1.067612750461977233e+00
-1.524504186009534967e+00
1.009689252715838315e+00
7.649868686851893917e-01
-1.193895649774918466e+00
3.138865072658870714e-01
-5.258319437209699881e-02
8.079024435276550564e-01
-5.511043187691522238e-01
3.127928559508517670e-01
1.643783868119261582e+00
2.351848479852192975e-01
6.329748731128264083e-01
5.377377760461186096e-01
-8.776368798227505985e-02
9.855171124286932205e-01
-5.968049947954531254e-01
-1.371615381570515657e+00
1.933577525435153266e+00
-6.846576817945495552e-01
1.929381014305051600e+00
9.165475134391237733e-01
-1.345123229645669660e+00
-1.199937196504848425e+00
-1.321703949234489306e+00
1.840739262995427783e-01
1.277601923807514250e+00
-2.982014000288916167e-01
-1.054480101234656741e+00
2.962098281010020706e+00
1.534125871931359963e+00
3.375274617291567081e-01
-1.983599246388492998e-01
2.806222200325068084e-01
-6.620319102211368323e-01
-6.337640532399216875e-01
1.329021166045764701e+00
9.716542786583293179e-01
1.038695584159590846e+00
-1.209371555708550039e+00
6.440829498787994378e-01
-1.891764985418060833e-04
-1.510440920867812009e+00
9.063985839921255561e-02
4.400836913014674057e-01
2.180128711264170960e+00
7.940250299347026974e-01
1.100571833774170560e+00
-2.300768885992248436e-01
5.981011970500828001e-01
-2.027254587648489093e+00
-2.472563818485462861e-01
1.781943179786982911e+00
6.672458392571285479e-01
-5.548176324382956270e-01
2.295921249244595869e-02
7.369851812098727750e-01
3.019924983960748932e-01
4.611085702423559085e-02
-9.666648907082096009e-01
-8.828540095126470311e-01
-1.373847102399178288e-01
-2.391869501319758284e-01
-1.107109041208058642e-01
-1.706723583972024061e+00
2.412691023068664897e-01
4.747331155383650581e-01
3.792486290643799496e-01
-1.293106104566946191e-01
-1.516470812874830321e+00
8.580351660740069553e-02
-2.190874211167271213e+00
5.129695228418164332e-02
-2.982937504740503787e-01
-6.116658229389048129e-01
1.098667985680400694e+00
-1.058274408457600790e+00
1.865644444300987637e+00
-1.626304429818128394e+00
1.181485075349895331e+00
5.040661988540821037e-01
-1.303070256011888084e+00
-3.684058284912632986e-01
-1.559856594609339009e+00
2.619509315382175796e-01
3.573966384562642373e-01
1.664242595435474925e+00
-1.024891703114560126e+00
-7.238659510345420156e-02
-6.495995812584783868e-01
-2.225859786160918619e-01
-1.152079864644917073e-01
-8.721974425834139177e-01
8.827997447395250497e-01
4.088215850052061562e-01
1.177442299609610776e+00
-3.538066288979609397e-01
9.735599260928557985e-01
-2.275358427936262085e-01
9.560894092075336026e-01
1.269148297818570192e+00
7.584648105685618535e-01
-6.869844644880024331e-01
-5.181103623178066053e-01
1.109463482303939319e+00
1.188508878834569016e+00
-5.078830805756607836e-01
-2.340704470423357331e-01
-2.193709334939770994e-01
1.344167467148093431e+00
1.094583287354311318e+00
8.808108553841201838e-01
-4.278722378698466278e-01
-2.993046530107215109e-01
7.689805166197924424e-02
6.361824560384424787e-01
-6.447135305712076159e-01
1.293028308074470611e-01
-5.801633954568413687e-01
1.043246662123141766e+00
4.755843538940625614e-01
1.885786252337767310e+00
-3.591659490030302826e-01
-9.708776960998691807e-01
-1.149927446911337414e+00
2.753050685965289790e-01
-8.740615089697606477e-02
6.977557270375920329e-01
6.074543969470643789e-01
9.220765403396757875e-01
7.175848187138704481e-02
1.627815331994168224e-01
-1.032019430157276041e+00
6.514942412486443013e-01
-1.098931277663929507e+00
1.342557069290512439e+00
1.292893880154704078e+00
-8.326576102862277562e-01
1.384798554799572701e+00
1.303069436213051491e+00
2.043629087872709804e-01
-3.665673445566856349e-03
-3.077517082542710614e-01
2.220221902682741000e+00
2.502556785926134952e-01
-5.824750723874136393e-02
7.616356954675270741e-01
2.755179855315552651e+00
8.121721051480786935e-01
-6.330965457335862023e-01
-1.468301724710501910e+00
-3.095495939386541662e-01
-1.783721491688056382e+00
-1.097625844569670273e+00
-1.666553893278959475e-01
-6.232456697011936469e-02
3.073287874297518041e+00
8.947558217727885621e-02
-8.524380803503716492e-03
-3.479083336543607463e-01
-5.334160747007194586e-02
-1.764804079853178997e+00
-2.648635334011098519e-01
-4.602071008027906578e-03
6.057405091320051671e-01
7.881476226058871382e-02
-3.275374875961956644e-01
-3.371147238398702894e-01
1.532319989637411228e-01
-2.317822172852912921e+00
-3.485254377950066512e-02
-1.215169356158994463e+00
-1.373159525872217346e+00
1.263188388940358120e+00
-3.444781319969329458e-01
-9.870971470025234895e-01
-1.735004492607029880e-01
9.539109902118035889e-01
-6.573527225257644879e-01
-1.457153800489638051e+00
-2.387856493129507096e-01
7.861762696968033204e-01
-4.544561972733048849e-01
-1.100642569105095836e+00
1.099470924760654889e+00
3.390387405891216455e-01
-1.165714228820969423e+00
-1.993120707508772682e+00
-3.115355401709228866e-01
3.867464806178483872e-01
-9.121067341071976697e-01
-1.556396083419475385e-01
-1.885701215335526537e-01
1.388814267263793478e-01
5.783153668573637329e-01
8.304150363884273967e-01
-5.139694813248979477e-01
6.845476482726342571e-01
-1.755236016493913809e+00
5.191468935238348070e-01
-1.824938104163613461e+00
9.609455569230064553e-02
-1.206308133315947995e+00
-5.986136862890389237e-02
-8.226795821198109593e-01
2.768448411104785567e+00
-1.393820431092238354e-01
1.189153493631129876e+00
-1.053066463189320290e+00
-8.389709538157711366e-01
-1.798720549642112365e+00
4.086346497328601224e-01
-1.615987612264152773e+00
-1.739260437676554805e+00
1.450215919933071307e+00
1.099038630078773338e+00
-1.131985366498390100e+00
1.741989616983786515e+00
2.642188555234133152e-02
-5.031455911571947048e-01
1.433825914176729110e+00
2.985761699589197238e-01
-3.315976221186834882e-01
2.236492396374435199e+00
5.361781116840911299e-01
2.285780633474312484e+00
-3.599002445721160570e-01
-1.407155368044455956e+00
6.221295686598284913e-01
1.215242648491779320e+00
1.514994852878862597e+00
-3.612789894572284721e-01
-7.156948186389635591e-01
-2.699094955479819369e-01
8.685224310957029292e-02
-2.498653819040973223e-01
-1.589955847918252396e-01
-9.518489879374069859e-03
-7.765757188816857504e-01
-1.900696450085237466e+00
1.175330309595062017e+00
-3.454319408841259875e-01
4.997759397337693255e-01
1.121633771398287127e+00
-1.078207138264788423e-01
9.487978751527595955e-01
1.500079517481270219e+00
5.189419919353582822e-01
1.943236711805884420e+00
-5.662538847279660059e-01
1.141969126461021000e-01
-8.744299228053611373e-01
5.718193296974265483e-01
4.908373585677809903e-01
-5.938798322356643178e-01
1.197315165972522022e-01
-7.447677865441618139e-02
3.846122143429392057e-03
-4.614922198336819936e-01
-5.628933428372361325e-01
-4.904570952789943372e-01
9.766159863044328038e-01
5.440661961300481408e-01
-8.024483374394280558e-04
6.375701130044670872e-01
-1.169019891488962237e+00
-2.199080531690210893e+00
-2.497634786942467058e-02
-1.577603913803024449e+00
1.736036214844306758e-01
2.208053239745931817e-01
7.670680705329567806e-01
6.961833125406374778e-02
7.505651232670625950e-01
-1.438531065719780289e-01
-1.176511745485490534e+00
-1.456537510893602727e+00
-3.962885236567463831e-01
-1.187496119466354916e+00
2.411136362560595825e-01
1.265191437799536800e+00
-6.075087069317161026e-01
-4.631478868573375429e-01
-4.055445038469301239e-02
-2.322513063305562883e-02
-2.812345889000182009e+00
6.088135815195116346e-02
-7.362297423043914213e-01
1.209874204287225696e+00
-1.139722846590433214e+00
2.418347172105506648e-01
-2.815972183037876442e-01
4.321829760775384166e-01
-1.091920588019270194e-01
4.026033332824214828e-01
-2.012482319071934311e-02
-1.225998905986493304e+00
-7.338547925800816829e-01
9.936614516032780120e-01
1.304477643224113859e+00
7.741054975603713917e-01
-5.264911838287933410e-01
-2.802361660813348920e-01
-3.517599914134079131e-01
1.929044374001360529e+00
-8.633254091771865035e-02
-6.900949348781532100e-02
-2.309554971856047356e-01
-5.867266402560337296e-02
1.237503086405196545e-01
-9.327627100826297868e-01
2.376861761896449377e-01
1.878262146549264100e-01
-3.194538210369034514e-01
-7.163593612204143257e-01
3.429377740897036619e-01
6.411890307654553034e-01
-5.463175564216122826e-01
-4.296527022896191178e-02
-9.239704051602868340e-01
-2.854450263543235611e-01
-1.421130644143524968e+00
4.624652342213028122e-01
-1.039334186436684737e+00
1.538059154272416018e+00
-1.099842028504599778e+00
-1.240666363749131751e+00
-2.312301481709822248e-01
-9.744699249495103466e-01
1.432437856489468198e+00
-5.043895712493109418e-01
-2.916325352065004539e-01
-1.459472079913977316e+00
1.868236625630515180e+00
-1.483515056546017341e+00
1.054511211875173382e+00
-8.339294812750034369e-01
1.117580818994617919e-01
-4.322513862407810770e-01
2.410371086081470438e+00
-1.159879195685236120e+00
-2.118823799725200185e+00
1.747645242596611026e-01
-9.968547974467971695e-01
1.448731788822843924e+00
-1.026445218847805485e+00
1.467827597259637462e-01
