1.429927479323316097e+00
-7.297338466265432810e-01
1.065287923513468460e+00
3.355146788961688387e+00
-3.252207478786580452e+00
-1.934272895449781760e-01
-9.535470389878598629e-01
-5.493532430217705764e-01
-1.533126843710313825e+00
2.114887149683311929e+00
6.874454404926786388e-01
1.009685829822506653e+00
2.291504200541802483e+00
1.715755410488871480e+00
2.917725971144481401e-01
9.726848987129765867e-02
-1.199282036451056133e+00
-4.172318890413640458e-01
-1.433527655287912372e+00
-2.312393315887562473e+00
-1.668252620591722524e-01
-1.278498256309964942e+00
1.758059959866109967e+00
8.708925722778196876e-01
7.277215361892208634e-01
-3.297185883875265233e+00
-6.241162117983345414e-02
-4.705719115640066286e-01
2.060486285971426135e+00
-7.934134081926909055e-01
-3.339211730682437596e-01
-2.082080339703501259e+00
4.918449911919058892e-01
8.530450640708701071e-01
-1.888424470578042857e-02
2.905994152009430564e+00
1.829126908681892871e+00
1.669153469057695016e+00
-9.333377523488115557e-01
-4.437628439718925843e-01
3.765435543156356424e+00
-8.610155258873400941e-01
-1.599655953136489117e+00
1.130529359118777721e+00
-1.239147619287825020e+00
2.054679547836705922e+00
3.125566786648790618e+00
6.001714186397272277e-01
-2.320001529429051246e+00
-5.621351800401457321e-01
-1.803446086396445658e+00
1.129910122011461793e+00
1.415097951078690075e+00
2.887187646298723820e+00
2.545257735158465096e+00
9.057168327803122310e-01
7.468336520962025604e-01
3.075031024932365908e-01
-1.703584119539136132e+00
-1.900624821848629686e+00
-3.842765616010522800e-01
2.673007958445695387e+00
8.894371463826877822e-02
1.621441769908997133e+00
6.496113953999281820e-01
-2.727675685183108545e-01
-1.709623999419650930e+00
2.624086807174357272e-01
1.714252217627293851e+00
1.409305894342983478e+00
-2.008172899963454938e+00
2.235144890001599105e-01
4.530143644274642334e-02
2.638470977980144738e+00
-1.043772065940432814e+00
7.244304467809424830e-01
3.309376275638946652e+00
4.810518375554864168e-01
-8.159400810994130726e-01
-1.687783684185088617e+00
3.388894304205948060e+00
2.399548071785125636e+00
2.968952182023827824e+00
-1.701143644420065826e+00
6.416191376885762576e-01
1.989451934676641498e+00
1.617756711351377774e+00
1.473574003072384286e+00
2.129957014144927552e+00
3.301383049149020810e+00
-2.898793695097368506e+00
-1.457121154614007263e+00
1.737727837788507923e+00
2.243579421569887433e+00
-1.574234655843091524e+00
3.850817911308589192e+00
1.113930169215771926e+00
2.309022034068785700e+00
9.553116078077060758e-01
-2.743544801139554234e+00
2.515994837702725029e+00
7.442633909166065376e-01
4.737078240807815477e-01
-8.200982562599303805e-01
4.014497909776467921e+00
-1.406255447721501906e+00
4.317102336700490706e-01
-3.401822583870599548e-01
1.271865500134415350e-01
-1.194134535160865929e-01
-5.470585675265331460e-01
3.110766704232948987e-01
-1.479237496788621931e+00
7.749145567639179610e-01
3.007465254227509321e-01
-2.844371745701552712e-01
2.069009371908737904e+00
-1.430847017244228914e+00
-1.696428271438835234e+00
-2.430129825646396013e-01
-7.459392898465826427e-01
-1.787296338205790258e+00
1.647475610352830522e+00
-2.732567414957016716e-01
5.817585029506022742e-01
-1.056489408279202902e+00
2.364403917298755431e+00
-1.474397778550768257e+00
5.404236957532038144e-02
-1.494952606117121441e-01
4.814502617440711285e-01
3.217186292990318108e+00
1.607282237173688566e+00
1.784453159791052901e-01
2.169991736688292594e-01
1.667055027271176826e+00
-1.565531685282760321e+00
-1.883896187690279778e+00
8.101383711010154975e-01
-1.488911163194852394e+00
7.271359719717299663e-01
7.953553712853711488e-01
-1.438072792256961385e+00
3.209986505227118148e+00
-6.139496957720304016e-01
3.370067449059575893e+00
1.840080518388925945e+00
-1.126308381053918950e+00
1.777016464729898049e+00
-8.693826955804692114e-01
-1.531725037845371951e+00
1.935252685865888056e+00
1.828265825418040835e+00
-1.717205489212824787e+00
-2.127422855339760055e-01
-1.053536565514766821e+00
2.141989657243238199e+00
1.758370550445876201e+00
-6.815148416926080088e-01
1.000778194312971436e+00
-1.795565040372663734e+00
-2.273718523271156533e-02
-7.914018119785583005e-01
-2.642954514481391293e+00
1.206637682935434830e+00
1.223842901474954559e+00
-2.297114728550431195e-02
-1.320141836979213723e+00
3.397379428378599631e-01
8.165605038360932433e-01
2.570145184004326566e-01
-9.780193555527516569e-02
-3.576614010816259182e-02
-2.914703806063671188e+00
-4.004359086513280541e-01
-1.095846722642969340e+00
-1.131335882034382623e+00
1.742070825407493473e+00
5.554207615944932730e-01
-2.348354635600823137e+00
-3.204424459361740141e+00
-4.347347106202721911e-01
-2.783001883529361731e+00
-6.077355198907857803e-01
8.279731277877682150e-01
6.540542748600743916e-01
-1.411177944030933329e+00
-1.914178411009666014e+00
1.870655990742901897e+00
-3.586037790611322329e+00
6.455785922648638042e-01
1.403332091573461060e+00
1.726935204262134149e-01
8.643471980420487366e-01
-1.879724351324277620e+00
2.399450636152498983e+00
-1.844639379618501884e+00
-1.214262671754965828e+00
-8.844103658933163414e-01
-4.332049531006365028e-01
-1.016212359468725568e+00
-3.059614789438126259e+00
-3.930369924575963791e-01
1.361212423751225753e+00
2.588696980023580396e-01
-2.063396110298398423e+00
-7.057643670695025184e-01
-1.450918531605290829e-01
2.569650339620720647e+00
-1.652122522159315876e+00
6.432022295373969190e-01
-1.394710812202677008e+00
3.189539092173841794e+00
1.823772649430577708e+00
-1.659321446579475889e-01
-1.461379639663005436e+00
3.859254670604521209e+00
1.386783504219410323e+00
-9.110087238763692197e-02
-2.453158121816670700e+00
1.667292660047802633e+00
-3.220232239904917471e+00
-6.098105465163519145e-01
1.349055204806012043e+00
7.522993211853935547e-01
-4.240567001116854584e+00
-1.475379675117024503e+00
1.512234318523475896e+00
-8.401910106260686018e-01
-6.979086308039952335e-01
-2.033698623270399963e+00
2.899406365385534201e+00
1.253180259114663464e-01
-7.599695334281153514e-02
3.656992920923094470e-01
-1.174862527478103547e-01
9.326704944705674905e-01
1.813264588635903785e+00
5.053718803717470731e-01
-2.585064929798726929e+00
-1.699233921763496191e+00
1.487386851027172607e-01
9.331264768243816010e-02
1.079330996885468075e+00
2.750500700373192942e+00
-1.820165407915768085e+00
-1.128119823604526673e+00
8.850047511376797349e-01
2.799998114718249553e+00
1.547988790333318931e+00
-9.104987909449748784e-01
-2.268143899060026225e+00
4.721619243584790349e-01
1.520140348755312232e+00
1.511458793541508472e+00
-1.307333675568072007e-01
1.640161190041012684e+00
-1.550164333043468901e-01
1.371706333279613776e+00
3.229988727151820616e+00
-1.437437748895999068e+00
-2.942094960013148075e+00
-8.722143480675601523e-01
-9.759325810919986521e-01
-4.872916792282273590e+00
