2.034605719436166638e+00
-1.324961164286085014e+00
2.569451980088977017e-01
4.303152397398846141e-01
7.133044343320509295e-01
-4.753463339684358413e-01
3.838848025077896686e-01
3.725228690153952193e-01
1.008189372477910073e-01
4.532250220215443548e-01
7.552393234246035369e-01
9.842305610014911998e-02
-1.843800274879450196e-01
7.230894230812467960e-01
-6.027438600482737385e-01
9.213920103363879566e-01
7.911245839630662857e-01
-1.984883570278167308e+00
2.690729691045659067e-01
8.434751035669185715e-01
-6.942359381496758797e-01
-6.713045506383015226e-01
-2.366664766680296239e+00
1.611602918590822053e-01
8.320258928474584259e-01
-9.806632054518678032e-01
-1.742148737051987251e-01
-5.998267922350799530e-01
8.966384112631056169e-01
-2.642848586754344975e-01
-3.696190028304273678e-01
2.880611171051608022e-01
7.047607391806054444e-01
1.736954934423928787e-01
-1.345057677187195821e+00
8.156713180252290751e-01
-4.972062980603930704e-01
-5.065722936184744452e-01
3.819740700422451507e-01
2.145951330341624441e-01
9.028552471940323176e-01
7.349496273446487482e-01
7.113519211518628538e-01
2.826957036045578686e-01
7.458432965286225791e-01
6.939147470241162630e-01
-9.329024292582843714e-01
5.246035334652470183e-01
7.581222127470965688e-01
3.891382171370247889e-01
5.199636159281717518e-01
1.480166927533894672e-01
-1.038799967705819283e+00
-5.782448250066636319e-01
3.140468749508036339e-01
-3.679341109185672587e-01
-1.460651259197138785e-01
5.746117940759085663e-01
-6.189413051518994902e-01
-4.463760074079931028e-01
-6.777982025149467127e-01
1.990571182387084193e-01
-3.315583250059616072e-01
3.160474299204593107e-01
1.262304591305619672e-01
-9.892221598344914657e-01
1.770764963997240704e+00
1.166661662104864661e+00
-4.610307753577271850e-01
-9.788579171169660142e-01
9.744893566361192416e-01
7.134907293813712581e-01
3.256597076055067763e-01
2.962413323872883364e-01
-8.721336926946237078e-01
4.214643900466887860e-01
6.352064484876212003e-01
9.889352510674065400e-01
-5.639770346495802666e-01
2.034780667269142640e-01
9.617022707589928388e-01
-3.160660576671396882e-01
5.927702815732449615e-01
-9.893456204222239592e-02
-5.712478097568001179e-01
3.897035801053037041e-01
1.630257133763000077e-01
-4.603409917351530822e-01
9.729892690300483427e-01
1.060415579598803504e-01
5.083815780245997118e-01
-9.392762686759095203e-01
8.594785349050722001e-01
7.051826067477233728e-01
-8.441636623923245430e-01
1.117857933142880622e-01
2.464240791580005752e-01
2.057051907354998654e-01
-2.010591829186051394e-01
-1.316502130633986800e+00
9.558891467697532285e-01
1.803322723484905854e-01
4.565641708117056385e-01
1.139670297413651057e-01
7.121348645650480425e-01
-7.787164417439094155e-01
3.597838263411432536e-01
-2.011239195304745486e+00
-7.607083467707562718e-01
-6.315695645302379369e-01
9.845820728636278663e-01
9.768107103126277835e-01
-8.316870235113040799e-01
-1.836552492491805300e-01
-9.622707084255115451e-01
7.162395952203843841e-01
-2.817229542868720849e+00
1.217978667800426962e+00
-7.955212783257501474e-01
6.408957931762639948e-01
4.885198541317681276e-02
4.882642363606475300e-01
9.527407989709311131e-01
8.917482514074552835e-01
3.113296881774866298e-01
8.313936633745848681e-01
-9.946679447156270282e-01
5.360392518152035102e-02
1.676164201229543016e-01
-2.493039921988489116e-01
5.832175030890848211e-01
-6.711621926664774751e-01
1.331452845100032256e+00
2.458709182781078084e-01
7.857355055929549081e-03
-3.674582650139646134e-01
-9.403605373139785062e-01
-8.921392024845065105e-01
6.025940378028884492e-01
4.631352332931097937e-01
-7.612630593060865092e-01
5.304103984854393605e-01
9.175146171523955729e-01
2.581352362559103497e+00
8.369262902800360671e-01
-8.545403858413860299e-01
-6.149123175948016939e-01
6.647836679925532843e-01
-7.242325656986503546e-02
-4.897728191453403213e-01
1.871094264894928472e+00
-9.896526485714240984e-02
3.890367369832592459e-01
3.106321223342201066e-02
3.135047142467151104e-01
6.373996921317031106e-01
-9.064769898456297437e-01
-5.116579878362910172e-01
1.281238262992177024e-01
2.144046162559294366e-01
-1.760863730307640651e+00
-8.660366282312841335e-01
1.085160200246453321e-01
5.918520731024787818e-01
-2.061659193314049343e-01
-2.223977364604469820e+00
5.375329955478429511e-01
7.752881925730743529e-01
4.024269314521453644e-01
-5.761687613223493987e-01
-3.178444627609200435e-01
-3.527656406343593343e-01
1.809536556139084151e-01
-3.220986626833626243e-01
1.015055794775545639e-01
-1.951359649977191246e-01
-9.842497958705132000e-02
3.037444015560049060e-01
-8.199045692075151992e-02
-8.371268313588924315e-01
1.219503938984442426e+00
1.910266029145364364e-01
9.394205588109036942e-01
-1.268676021928010211e+00
7.799470424053758233e-01
9.342344913624258673e-01
-7.907011551765927848e-01
-3.906310616891237597e-01
-4.756883237780515916e-01
1.498265428578586800e-01
1.884963568558972735e-01
-1.320858354121576816e-01
3.739771978297805610e-01
6.633484942315863719e-01
-4.571590339726341323e-01
-1.763556951467171174e-02
-1.212752712309383973e-01
-9.327857226476530261e-01
-3.105336505620017729e-01
-4.695825165350644426e-01
1.770748335551997066e-01
3.729157252029380309e-01
4.317532944437350029e-01
2.061808984381137133e-01
1.082984474140915587e-01
5.965521202657628752e-01
-6.178117442598107800e-03
6.817719249761929889e-01
3.311658432429887000e-02
3.628017427629703917e-01
5.035410908739166302e-01
7.321475562268924264e-01
-5.212779683793100638e-02
2.036238179272122917e+00
5.637656489991345055e-01
-1.802043622104025911e-01
7.191511424502824990e-02
-1.578698713372219675e-01
-2.156729332213873640e-01
1.293806522728593311e-01
-6.468922308168483237e-01
3.573587436748404400e-01
-2.558605128807243112e-01
-7.463790385739168531e-01
8.922338349955165615e-01
-5.058412660947841921e-02
1.529545344175933241e-01
4.047424479087713411e-01
-4.429998696201309372e-03
-5.062602924716954611e-01
-2.256048142985234151e-01
-4.490991676073807781e-03
4.659155167736874770e-01
-7.811493634030997057e-03
-4.041218909001431658e-01
1.369034756995688440e-01
-6.455279641592699402e-01
-4.000617663220664699e-01
2.535735025266043774e-01
-4.421305046465366928e-01
3.074293943264865270e-01
1.291308312660047308e+00
1.629921688462339091e-01
8.667027161074258856e-03
-8.100080309112411836e-01
-8.626447339347571575e-01
-4.718763797829237383e-01
5.202092672712286259e-01
2.857893893107006811e+00
7.487440507587650451e-01
-8.211105709027577415e-01
5.439356263431640581e-01
-3.183386911606418401e-01
-4.305142318126884415e-01
-8.747589892961475933e-01
7.591676303079967214e-01
5.384212484335123561e-01
-7.875689005676376198e-01
8.436055293362163532e-01
-1.982229150431333853e-01
3.432752650688685736e-01
-7.630151553605661885e-01
-7.834259860138703679e-02
4.616043487641696141e-01
7.405818787774542944e-02
