-7.097483765311458637e-01
-4.288132346495852065e-01
2.469605370439964531e-01
-1.290029702180448545e-01
-4.616333861454195997e-01
9.349249226322755568e-01
5.059116691121621212e-01
6.155969551875100088e-01
-1.916320029259295232e-01
-9.663613559782873175e-01
6.725696259932851806e-01
5.896105426186759590e-01
-3.278909775584308850e-01
5.396904633848522703e-01
1.426599340274528060e-01
-9.754909134408455973e-01
-9.367044279506759885e-01
-6.422361946477428418e-01
5.782728507976293564e-01
3.062367541254262804e-02
3.650937438668047097e-01
6.949794672184284039e-01
3.427884547012023386e-01
9.180882751860397484e-01
-1.191229719865620762e-01
1.889433787565057976e-01
3.914821565272637027e-01
-8.978734398013203943e-01
1.916510516608540549e-01
-8.389981279807015024e-01
4.625172657084297700e-01
8.167529514258264900e-01
-1.280498420294722273e-01
-6.770540783164447074e-01
-2.020022930942664274e-01
-2.243758523869698873e-01
-7.882186039223393337e-01
4.787670741808525143e-01
6.078738062454005497e-01
-1.458534031865301728e-01
2.317837797374089348e-02
-4.590625026338712722e-02
2.316856373768376720e-01
6.812124584217060796e-01
7.857109381368843071e-01
-3.027803347515369836e-01
-7.056413590284316140e-01
-1.043134967443014594e-01
-1.768400817545676684e-01
-2.049031513801304882e-01
1.056130667193491135e-01
-8.224262529459025473e-02
9.136703737943143722e-01
-3.622643609308202617e-01
3.719068188787956197e-01
-2.352103357683767992e-01
8.417463311509749690e-01
-8.842705077403096858e-01
-7.129538367041587943e-01
-2.600507292069418330e-01
3.926673939277154357e-01
-1.828620476861584354e-01
5.359195301999661876e-01
9.204036006770290879e-01
-4.264974068511047101e-01
7.236761685340826755e-01
2.750950741078237449e-01
-2.065233763628238073e-01
6.508943617493945233e-01
-9.009963996134455755e-01
5.315141355602389650e-01
-7.716178384495961939e-01
-8.363601412444321426e-01
6.961061912789112682e-03
1.415311290837315550e-01
-8.612511376111433581e-01
2.343682950299454948e-01
-5.253850008481935063e-01
-3.016475429420468757e-01
-3.465477962710927784e-01
6.169536073337775761e-01
-6.194340181028152870e-01
-8.947495413954660304e-01
5.305073078734396930e-01
1.438056582309139575e-01
-9.210019437126741870e-01
-2.649850041628150077e-01
-9.599241227150241418e-01
-4.506557107342867852e-01
1.265155432889955467e+00
6.440307841602959105e-01
4.759694267694891678e-01
7.269746091398920917e-01
-8.259699467837082754e-01
-4.663065296815198657e-01
4.710059457367443692e-01
3.553563001419679512e-01
-4.045702341123738055e-01
-3.600902562734473733e-01
-4.641952554211776771e-01
2.383584773340504448e+00
-3.794755905020492648e-01
7.488581184177300898e-02
1.785200294392126352e-01
-2.946363916297365382e-01
7.838811125670532842e-01
-1.371694021222991111e-01
4.408108982801497433e-01
-1.482364570947201088e-01
-8.733624993400705971e-01
-3.246206414438335131e-01
-1.123993693947497041e+00
4.720085472187622866e-01
-9.129008713828601351e-02
6.697390667766440764e-01
-1.533768758950302402e-01
-5.425645941438660413e-01
-9.127786046815087317e-01
-6.306578363876307325e-01
-1.117273914482936892e-01
9.837107094212300673e-01
8.618475164018373214e-01
-2.951671359039425013e-01
-8.556982539225186368e-01
-3.773223866693313777e-01
-4.815485967075717744e-01
9.118920793476449349e-01
-4.006931116497614020e-02
5.183147693023040237e-01
7.211761839357451187e-01
5.401665446843399998e-01
-9.068140703414651060e-01
9.847562682834773984e-01
2.559752463088500463e-01
2.561751275887365065e-01
-8.097249377961586170e-01
1.126208782102011696e-02
4.160093120887657925e-01
6.551744156727590251e-01
-2.129586751437322345e-01
5.158632890595250542e-01
1.270568365874429340e-01
-3.254384802397989329e-01
8.054538820506869090e-01
1.994727315420058655e+00
4.073000394562640292e-01
-7.806349654963358198e-01
6.509760896614729120e-01
7.419651504478556037e-01
3.821341093960353152e-01
-5.699087094493382466e-02
4.550815495098099461e-01
1.788199960418071166e+00
4.535146924806687796e-01
-4.886835704074588005e-01
9.074113882001266784e-01
1.568039239613212565e-01
-1.727996433856184844e-01
-1.947983878341272845e-01
5.784146233041056462e-01
-2.058488049571987055e+00
-2.498574807507059070e-02
8.890155909851258365e-01
-9.299228540723165626e-01
-1.957797105901049051e-02
-7.957754788629085585e-01
-9.200739996374263097e-01
-4.671878443233963285e-01
-3.810663822409973811e+00
-8.269184858588842779e-01
9.777812891646646687e-01
-3.690854672601555642e-01
5.331313410276223852e-01
2.364192186691083108e-01
5.322992871291845063e-01
-5.771575540872606602e-01
4.229512816216565163e-01
1.013990368967685463e-01
-7.691510591165697797e-01
5.656159946622190127e-01
3.400036992987858220e-01
3.515024385628021664e-01
-5.585472207513857423e-01
-3.395738675582105071e-01
-8.328924900880346760e-01
-7.627645780873797410e-01
-6.398960098385902961e-02
-2.412195976075976134e+00
5.445447796786917483e-01
4.629828991858020437e-02
-1.710458543644370888e+00
-1.168402167896118726e-01
8.758029776620872286e-02
7.328113679945291725e-01
8.219214627146798069e-01
2.377273096362562121e-01
9.168506627782508911e-01
-1.741379045948915349e+00
5.501385129541385144e-01
-5.730974844006092583e-01
-1.270570757161969544e+00
-5.362788863273593165e-01
8.920904286233886094e-01
7.861674277826444790e-01
9.846893153575235758e-01
-5.808110180381742538e-03
-4.432651428856171361e-01
9.778075509244303909e-01
5.181901701371783853e-01
7.453283172251233824e-01
-9.028743662813858428e-01
-2.800274827633291164e-01
-2.398215326526771385e-01
5.494722035042856056e-01
7.309638327233307642e-01
7.898320178399167446e-01
-9.262823743565165024e-01
-5.961750933878851022e-02
-7.091194930820774456e-01
9.028036455343229072e-01
-5.839332971489792357e-01
-2.263613514073936628e-01
8.053374940948354599e-01
-5.441375811144930630e-01
-6.737260197298957642e-01
-8.623598339964007042e-01
-6.968115335590172599e-01
-1.676915821981526111e-01
1.252290211317865776e-01
8.259769544211978953e-01
-5.026631029076511492e-01
-1.110013448526883106e-01
9.393971805292055111e-01
8.915677104748525039e-01
-8.348691308349212026e-01
-6.203589516475378485e-01
-3.681168746146896709e-01
1.893627303088598612e-01
-4.007330823369346096e-01
-9.352504740588118981e-01
1.060507286898149104e-01
-2.502952551934227721e-01
5.925882827004580466e-01
8.275932133855641304e-01
-7.422730855243349080e-01
9.748853297826107767e-01
-7.143884730115974691e-01
3.883087167276246809e-01
-3.385692108403643985e-01
-9.234281748319630445e-01
4.992487427843521619e-01
-7.575502958253690355e-01
-5.187607735042334411e-01
2.148459259267534449e-01
7.462384681455873636e-01
1.722827678115772532e-01
-6.000651073840967964e-01
4.378367556584221720e-01
4.313998474308926578e-01
6.787224513165144302e-01
5.675348834944269338e-01
3.687817534115689355e-01
-4.147679077356518640e-01
6.945927147361183884e-01
-8.391047108347837735e-02
