1.314240683319652658e-01
-8.955985775220343115e-02
-1.364868062701604101e-01
1.023763314499353122e-01
-1.203304988644098850e-01
1.704718590985934701e-03
5.863985972535575714e-02
3.362960074006166034e-02
-5.550479716113800033e-02
9.533665483900683607e-04
-1.261718324964189175e-01
-1.475417626134892801e-01
-1.910122587972170605e-01
1.127401676894727034e-01
-2.183069615300638477e-01
1.175089192540520328e-02
9.914308838796513645e-02
7.152988191816821856e-04
2.397918657576539325e-02
-9.017468191445672521e-03
-5.213628565835199541e-03
-9.995434154546259387e-02
-3.671368568211876363e-03
-1.355373153388017560e-01
1.386593355873973477e-01
-3.159651422107651042e-02
-5.871669277295461266e-03
3.301044441500908949e-02
4.783746608098557451e-02
1.291760489824351210e-01
2.906123116075390311e-01
-8.828354658894588258e-02
-3.173808852176594059e-02
-4.857410511271836873e-04
-7.823310546858064374e-02
-2.651212987096414342e-02
-2.252160766855770824e-02
9.647028313376805608e-02
7.207540694064680509e-02
2.883991457660898400e-02
-2.451648936810235657e-01
3.946787659328371625e-03
-3.923479612633319624e-02
-8.827957822031989865e-02
-3.409913906163065250e-02
1.699762387404663844e-01
2.343844878611778537e-01
-7.312408382231450066e-02
-4.977438578669590719e-02
-4.682841559062765613e-02
-8.601971353210409454e-02
-1.915927854530795615e-01
2.074185162797906046e-01
3.299436750318370144e-03
1.244570167259100579e-01
1.129009715806607306e-02
1.535170757391659535e-01
6.040317470351024010e-02
1.658280269593007811e-02
-3.119630814535335681e-02
-6.366212783412830700e-02
1.512323939765890524e-01
1.520946196642849746e-01
7.723032046130384742e-02
1.070374172722567824e-02
8.095119608005332812e-02
1.487559994803958063e-02
4.932429140592813066e-02
9.932443659040220141e-02
1.012016090400262580e-01
-1.093186819039677488e-01
-3.887738829455190254e-02
-6.251915637337987497e-02
2.578921611978832185e-02
2.124556245282006872e-02
1.477253414951180954e-01
6.007535411170827899e-02
2.703006504820236189e-01
-3.391225007229113908e-01
-2.941984139435184498e-02
9.717791780273937752e-02
-2.597944432582239421e-02
8.827591357900702040e-02
-2.830539128180381558e-02
-9.079323633368036051e-02
-4.277432529968028252e-02
-7.798947954114528180e-02
-6.723656035307831735e-02
2.255539197431050136e-01
8.916664909697537278e-02
-2.569390215981823614e-02
-4.183110453509884807e-02
-3.082693813097193980e-02
-7.320992850076410430e-02
-3.079212869576052058e-02
1.034123415201633339e-01
-7.047324453861543436e-02
1.845609088374721152e-01
-7.444411846175115477e-02
7.866411279594877348e-02
3.821107775752269342e-02
4.751475693259224475e-02
1.524668429945302550e-01
-1.559326588704778860e-01
2.291708264376614013e-01
1.343224070493334310e-01
1.102992443428486291e-01
3.583016259354921546e-02
7.065250797568771446e-02
1.715750377296148821e-01
-9.127103788556045760e-02
4.044116686532242544e-02
6.977803899363332896e-02
2.415643209058645352e-02
3.046004901223497291e-02
-2.220666021515530289e-02
1.495891494389448850e-01
1.950745866464409228e-01
-7.031164390960810417e-02
-6.218184073338677703e-02
8.347155354257538434e-03
-3.573484433129231475e-02
-2.841718758515155221e-02
-2.388260166680861163e-01
-1.088005441444015453e-01
1.101583751256319556e-02
2.333825786881044972e-01
-2.014331490688565235e-02
2.685022242366342793e-01
6.936416676723294872e-02
7.873687935684468842e-02
-1.674290237383316976e-02
-1.525167959287499764e-01
-6.585093532949187756e-02
8.999277380815201566e-02
7.376225815347585424e-02
-5.524770776432579716e-02
1.027891949509548986e-01
-3.456169398593767622e-02
-8.228756994808641978e-03
1.658961999216576957e-02
-1.258167176474098495e-02
3.215035439786574634e-02
6.346423029220560341e-02
-2.332830604653184647e-01
-1.099852518516881567e-01
-1.051832402607243006e-01
1.611012583722962743e-01
-9.009923491581642296e-02
-1.157669939615463411e-01
-5.313940051537023590e-02
-5.762650255781327779e-02
-2.879525206558586348e-02
-3.761591173578084091e-02
2.071113218561334429e-02
-1.655284828815462295e-01
1.106835885136482067e-01
-1.917567989088651836e-01
1.701568938147667576e-01
-1.208793231796893852e-01
5.149726879688728415e-02
-6.616684513766338260e-02
-2.421154906879402491e-02
1.567027492386906251e-02
7.154481940655862959e-02
-1.430236341536008093e-01
3.545397426858054590e-02
3.977044188704056960e-02
-1.373461631645531422e-01
-1.664575088754945420e-01
1.851745347067619840e-01
-7.741647876426943631e-02
8.401012405972929642e-02
-1.425531844919991631e-01
1.743804392042615226e-03
-1.312637132273426072e-02
2.510227563202709761e-02
7.560915063667683622e-03
-4.129671156917467945e-02
-1.454916876079531129e-01
1.390085186026285974e-02
1.110676063379802125e-01
-2.248494760130606562e-02
2.639918818092935535e-02
-3.433764168032063524e-02
-6.780324115050016809e-02
4.209365479449363179e-02
-1.596427560884136621e-01
7.988686302867732680e-03
-3.344542779285049339e-02
-1.269820935263281103e-01
8.276849792487342428e-03
1.861388257076363184e-01
1.035049183808846585e-01
4.285224807996378116e-02
-9.512603398078481320e-02
3.037366835653193542e-02
-3.959651234705615502e-02
1.889511645757865899e-01
-8.375637081242454096e-02
1.928701183650484707e-01
-7.131448034523771295e-02
-6.628817375645124077e-02
2.128172323596113844e-02
4.340526469887148048e-02
-2.355239673570237446e-01
-1.283183530353278201e-02
-8.787680366986468095e-02
7.347528160278435361e-03
6.004780723300512379e-02
-1.233212730863618989e-01
-9.266752174096921923e-02
1.596564843906745079e-01
1.760125112425459659e-01
2.136727555830669756e-01
-1.061165956916762104e-01
5.460972337356900796e-03
3.220328993221527325e-02
2.104154315381845941e-01
1.467482333979491238e-01
8.678327085703672894e-03
1.924948706822627031e-01
-1.451673168274810188e-01
2.528462278172029232e-02
-1.800359094616274525e-02
-1.916760755769420510e-01
-1.058103856445042346e-01
-9.777853783086173922e-02
7.420947628459498291e-02
2.861681698618468994e-01
-1.040274075690784394e-01
6.612426374923768488e-03
-1.284594032393368002e-01
3.667832468435359289e-02
-4.465282819469807221e-03
-1.981140715031442512e-01
-1.684922326256876601e-01
2.199807889033518482e-03
6.091756358275565719e-03
4.197333168331969511e-02
-1.887208454220080933e-01
-6.134908755634160132e-02
1.129772391771224627e-01
-5.501715209413222951e-02
1.247950217935288597e-01
-1.046856586754357776e-01
1.497951301268793944e-01
1.525735144916597619e-01
2.004036660437963635e-01
1.990373615960855935e-01
-9.141857951190221487e-02
-1.402681503130988327e-01
5.998291562823556550e-02
-7.704168849086152904e-02
-1.971655755313201086e-01
-1.383306017684254874e-01
2.249126570746179388e-01
1.432099322758068061e-01
1.806221152003894825e-01
1.245239189647994321e-01
-1.183383307422598563e-01
4.665777916770669220e-02
-2.839990138776513073e-02
-7.517152335091807636e-03
1.092411081412758556e-01
