-2.483920128759342205e+00
2.671432564827376233e+00
3.534828927469235271e+00
-2.721159366457138740e-01
1.196417361087231068e+00
4.612219487203100821e-02
1.830562105332387557e-01
1.625329852500742689e+00
3.826210755921807483e+00
6.218382116986402863e-01
-1.609974477414672922e-01
-2.286911597345402947e-01
-4.731497527895315081e+00
-3.925936599039681507e+00
2.179520049344570332e+00
-1.354468389385807825e-01
-3.174449585151367437e+00
3.260590045939085191e-01
-7.813985752881850988e-02
-2.503557460825715619e+00
2.429521632833335776e+00
1.580569803843560273e+00
-1.210744961161115629e+00
4.447115393730488586e-01
3.729802828772729173e-01
-2.690044675654351125e-01
-2.423286175695342770e+00
-1.455851521611390087e+00
8.359948280077610372e-01
4.624947692744528216e-01
-1.562575621415180693e+00
1.301573062239774203e-01
-4.261408730909685971e-01
8.102304743784556340e-01
2.380076678157004189e+00
2.700806987075382803e+00
-2.428488750101085003e+00
3.486476842163537260e-01
3.381372553143168869e+00
-2.067142722618859896e-01
-1.174345853017715768e+00
8.107656575630833862e-01
2.758647584844631240e-02
5.603748535846094780e-01
6.892931902787978737e-01
1.630993205568662674e+00
-8.936201903966130011e-01
1.319803865381705688e+00
4.148151696205506500e-01
3.027598139393518295e+00
-3.449745522215898585e+00
1.339879475164436951e+00
-3.525002973653790228e-01
1.705105702297084580e+00
2.480733602990354392e+00
-2.076285554003343581e+00
8.110491035222735512e-01
1.257183927610243668e+00
1.399163997647514313e+00
7.400646107167472287e-01
1.390210231730681367e-01
-7.451645477305737231e-01
