2.173228584652468154e+00
6.646732005358405582e-01
7.615703480616166088e-01
2.275581886254648967e-01
-9.753481851497250443e-02
-1.383283446558683627e+00
2.019726134587063182e+00
-3.582985320179227773e-01
-8.749048944441358833e-01
1.496456105051231056e+00
-3.846169578272798373e-01
-1.049771530839860967e+00
1.309135326111747988e+00
-3.769641975103575904e-01
-2.780418752928660586e-01
3.996896441245623155e-01
3.722506335803187349e-01
1.764352445263875913e-01
-1.067151611817182211e+00
1.475243490555587123e+00
-9.886666318983526602e-02
-1.484637562638307706e+00
-1.756715702370455212e-01
2.166697025950301558e+00
-5.686817010407758666e-01
8.816135554353830006e-01
2.466932233682493369e-01
-8.480575777836076856e-01
3.943353289281413820e-01
-7.152126788715655881e-01
6.823228023302065903e-01
-9.925855790632072129e-01
3.584808323419883536e-01
2.860997131209816469e-01
-1.061735057122002779e+00
1.171765483711780576e+00
5.674230073326640422e-01
-2.775995543314476954e+00
-3.833562668086903380e-01
9.199604405174109933e-01
1.182426749967484314e+00
-2.937860337475484140e-01
-3.091318862822763247e+00
4.845881869854007373e-01
-8.449345567770566445e-01
-5.121370602728046728e-02
1.361790445405875079e-02
-2.180164018847789986e+00
-1.462915480327839635e-01
-9.864702860683820240e-02
1.069859968407183892e+00
-6.099650812627566143e-01
1.955931555341379191e-01
-3.444685078408869505e-01
1.853805784593143546e-01
1.243052048226094497e+00
-1.924925004416668528e-01
5.644839712900487916e-01
-1.375838597060872637e+00
-2.039796093063023452e+00
1.402005921665356869e+00
8.543069995135885719e-01
-4.809765466539733247e-01
8.644392594436338673e-01
-1.573705513268176759e+00
5.624665802506242235e-02
-1.101324993408058006e+00
7.928433013683157116e-01
-9.305594697881166555e-01
-9.085288310055917860e-01
-3.624011512386138972e-02
-6.150172064573447006e-01
-1.462127297567348050e+00
-1.623096215271663922e+00
-1.585256887005292437e-01
3.900176091494517161e-02
-5.772319016741453979e-01
7.323930991095295440e-01
-1.692598847017138475e+00
-1.217638379606925003e+00
3.638845173931434807e-01
-6.629302433246797577e-01
1.688165673623253538e+00
-1.068696652275892944e+00
6.609619191514013448e-01
-4.168279310646578750e-01
1.606120067081740155e+00
-2.370458750212627308e+00
-4.962385514243969897e-01
-6.688799216278766835e-01
-1.011642735681611338e+00
-1.608099263988007177e+00
1.465386804937521159e+00
1.594321500669478642e+00
-5.307011773951146871e-01
-7.605768275275730517e-01
7.276812808515641384e-01
-1.010270363273317873e+00
7.037513050125236980e-01
1.044594799628891568e+00
-7.633927166182391533e-01
5.825811779522757083e-01
3.172665733121075027e-01
1.928673035529859525e-01
-1.584102585900717841e+00
1.005792463961596939e+00
7.572115496796616441e-01
2.557993619073833935e-01
8.753929263541254668e-01
9.648361881347896629e-01
-1.582068046768662917e-01
-6.352710554952151201e-01
1.163086063735387699e+00
-1.914762817129541383e-01
1.136552685247723460e+00
2.146699631226093585e-01
9.319075812842969597e-01
3.233470634468262883e-01
8.347708049824640320e-01
6.002055239643293572e-01
1.263226073285205198e+00
-5.135528370278891197e-01
-2.671270521170268086e-01
7.272094123354321260e-01
-1.151046317667132834e+00
8.783616561859487470e-01
2.030708914359413975e-01
6.792627372971346000e-01
1.176440577884461547e+00
4.556570374926244837e-01
1.209400518764788046e+00
6.079110801667635400e-01
1.286187101909869179e+00
-1.548004169176635803e-01
-8.458079561766282950e-01
9.419956933674901167e-01
5.182531708411469706e-01
-1.888310372082655730e+00
-3.136111164462025980e-01
-1.975320234538879283e-01
-1.117051416323591173e+00
3.574665495232434154e-01
-1.084480205238306794e-01
9.574324638387484709e-01
-2.695445234978133264e-01
-5.211567138658966813e-01
4.718004919767442296e-01
-1.079126984356885421e-01
-1.179734078195048719e+00
1.973868654712420234e+00
2.971763696824375689e+00
-1.112024699886049905e+00
-9.981528449467963471e-01
9.917498786525184018e-01
6.170440404389843092e-01
-7.150261000690252278e-01
5.840276098342509631e-03
3.189133280693016159e-01
-8.232642534001798351e-01
-8.410277038708059427e-01
1.492304854381386048e-01
-1.198804834963686616e+00
-4.706327056819126220e-02
2.882037416558415610e-01
1.631105606415161891e+00
1.022211638559782809e+00
1.261864071009631161e+00
-1.964638503152573268e+00
1.279604091295561130e-01
-6.003392856206986039e-01
-6.435607385418143922e-01
2.088036013299840121e+00
1.463230001888782716e+00
-1.847285680996157420e-01
1.773896342199990483e+00
-5.029103629409904519e-01
1.883882416560955786e-02
-8.814425918786695791e-01
3.161260741376899497e-01
3.239396661960085577e-01
4.690685463738711869e-01
-4.176945366387283531e-01
5.918566080058422774e-01
-1.409915506581896683e+00
-6.079753779382028878e-01
2.826120483791447202e-01
1.108349094971062598e+00
-7.749822550968224477e-02
-1.290918014084479482e-01
-1.808517022376060046e+00
-2.263066672752248376e+00
1.275853978842997449e+00
-5.407721235590522424e-01
-6.629064337688164166e-01
1.731619998597793586e+00
8.658653089091156163e-02
1.160377326184293123e+00
-1.061226985838829573e-01
1.687284607347141030e+00
-4.220912779196540066e-01
2.934514109333182796e-01
-2.441240572919631813e+00
4.893311577173870552e-01
-1.042971829995916089e+00
-2.751283718244719734e-01
-3.342076604450776034e-01
4.427228455986412931e-02
-6.910889183607771269e-01
1.026663224083916637e+00
-4.501312837480733187e-01
1.063975533247605298e+00
-5.565389381099514754e-01
4.275189271339871477e-01
1.266829974426120220e+00
-1.001903365105779375e+00
-4.404292906965738830e-01
4.381110400604555921e-01
5.612956658557830547e-01
1.012828258801680592e+00
3.561434480093327304e-01
-5.953700079040383786e-01
-8.244566774474837434e-01
5.961511341618601634e-01
3.517760080966100822e-01
1.257864625024712302e+00
-1.418301562774783697e+00
-4.799918915510190121e-01
-2.704625894051273516e-01
-1.056089043978327841e-01
1.466575800136731056e+00
-3.557595371347724300e-01
-4.297094021902709421e-02
1.148142958508517220e+00
-3.890506527301872963e-01
-8.306519225689627806e-02
-6.839539628747369759e-01
-1.318387252227358530e+00
1.100394727284278895e+00
-7.616455256969968390e-01
6.851011529651379606e-01
4.233825062194713218e-01
-1.402882491534499065e+00
-6.455008667592410099e-01
-4.984652759454811788e-01
1.062628457721645159e+00
-1.090147285430232760e+00
-8.916078491917451831e-01
1.000000000000000000e+00
1.209400518764788046e+00
1.000000000000000000e+00
-3.624011512386138972e-02
1.000000000000000000e+00
-9.981528449467963471e-01
1.000000000000000000e+00
1.606120067081740155e+00
1.218089112321491418e+00
1.000000000000000000e+00
3.584808323419883536e-01
1.000000000000000000e+00
4.233825062194713218e-01
-5.760795214033884726e-01
