-9.316657840836298776e-01
-2.832707806564762065e-01
6.540182394554487910e-01
4.900844261425406634e-01
-2.867234703864434131e+00
3.236880807125586124e-01
2.217581168140808856e+00
1.790579226471066265e+00
5.655933991986824561e-01
-3.739328802233050086e-01
5.389029540209163693e-01
-1.270881782549628664e-02
6.527568442731328524e-01
-2.770985678031293364e+00
4.419445962485811785e-01
-1.081385547408512782e+00
1.803008265227597162e+00
-5.151055011196953304e-01
-8.667645378187616156e-01
-6.784464297727474391e-02
-5.372455778120922565e-01
-1.410838661774129789e-02
-5.527305236379140840e-01
5.572282476418009001e-01
3.813386585815825125e+00
1.547357778778717829e+00
1.030530408973891587e+00
1.493188655546754673e-01
1.984235458718092815e+00
3.910900845993517949e-01
-2.044445482712173301e-01
6.016419492657720802e-01
-4.297691314775751725e-01
5.678898448939122545e-01
-4.629300880967695542e-01
4.414187696176624653e-01
1.520133219292176818e+00
1.613281478576225281e+00
7.513393576295235299e-01
2.302628330102680088e-01
-4.542491963279893796e-01
-1.623728511116132367e+00
-1.666958981687765684e+00
7.523175263137820146e-01
6.298537891389613952e-01
1.851998931773149337e+00
3.909167193248164196e-01
-3.116139045700023688e-02
-2.926740008418790562e-01
-1.471482814135015305e-01
-5.363205492336243774e-01
7.555158772494432462e-01
4.247844717889090460e-01
-9.697425413825083718e-02
2.023741727283852321e-01
8.149420399757594247e-01
-4.134942331105302959e-01
-9.474439900691042915e-01
-5.389849920424907292e-01
-6.232217441001982605e-01
1.144275758179620572e+00
9.034170250380235689e-01
-5.840784274431540801e-01
-1.487747482960958045e+00
-6.225276954795704309e-01
2.485989825996118285e-02
1.196423984336594248e+00
5.928932378089140087e-01
4.783877328999881495e-01
1.069207187737741815e+00
1.098305207906444148e+00
-3.341397536606330321e-01
9.368923558937215512e-01
-9.953858348714609283e-01
-4.237174135319532464e-01
-5.907135698967448389e-01
1.611808745046624081e+00
2.309040707165752160e+00
-2.106714985037622778e+00
-1.207868345638441615e-01
5.871269194902744015e-01
-1.332687913128934643e+00
-1.213419904646906744e+00
2.110501051530982330e+00
4.963009572489376353e-01
1.504673725489869829e-01
-4.856393841991851201e-01
2.354862631536340789e+00
-2.268472532117718821e+00
-6.065872486164980426e-01
1.363004401444873508e-04
1.598834960058567178e+00
-1.501138563793355862e+00
2.001511659996136228e+00
-1.270428116085305703e+00
1.619502171462155138e+00
-2.169858629855007590e-02
3.190688364196706678e-02
-1.157568494694897199e-01
-1.343358853517627960e+00
1.183486399097709141e+00
-1.129503022479325242e-01
2.411884345157667420e-01
-6.855919911735427474e-01
-8.653223625923409656e-01
-1.818954235871755643e+00
3.066485739246627151e-01
8.012221354027021514e-01
1.728895425683583342e+00
2.078516785125552047e-01
-1.217643246137403157e+00
-6.432854379736530070e-01
-1.324129184325469000e+00
-5.808865750485010526e-01
1.060689644608284521e+00
5.510842559170280319e-01
-6.776283564861680375e-01
2.157403451615266810e-01
2.392231583717244203e-01
-7.144975429555007196e-01
-1.349426075047434725e+00
-2.085365320211663657e-03
-1.122563833160029390e+00
-4.828856660709506671e-02
-2.309970127011022001e+00
1.925379865081115402e-02
-4.353789687420817622e-01
4.806344563288139637e-01
-1.613746933541722717e+00
-1.085906304841091075e+00
1.762706396808091588e-02
-1.193085242278010050e+00
1.148084743969571830e+00
1.111276383980550175e+00
-1.066338739644508316e+00
4.635516516373771045e-01
4.115380140341831638e-01
-5.053054232567719684e-01
-6.886737055201895830e-01
-1.425678212854662341e+00
-1.575778840797847469e+00
4.285143675588348744e-01
9.589793734195731778e-01
-1.618832943823461656e+00
-9.776847761118580005e-01
4.065087201958988983e-01
-1.162622517636918040e+00
1.444125054012752596e+00
9.581789090019154909e-02
-1.032660600398660700e+00
1.586679333027421590e+00
4.989901242882069377e-01
1.692090195736235092e+00
-7.778295376277843953e-01
-2.688302816475192647e-01
2.222329720555767107e-01
9.977752456945879755e-01
-2.925206198142601410e-01
1.712960714544122798e-01
3.151276970976261277e-02
-6.557957868440010829e-01
6.989980559955109030e-01
-1.413566666623346790e-01
-9.755758203586945010e-01
1.624841692427740347e-01
1.344542355028578662e+00
-8.692153936652081692e-01
-1.498652987828969385e+00
9.325891485576677242e-01
-6.689850341940891676e-01
-3.682356310609113392e-01
-1.016966444090531052e+00
-7.366619515047548861e-01
1.578378829607762990e+00
8.139104796406895770e-02
7.592966295613029493e-01
-9.016887180113363209e-01
-8.265141814658323316e-01
-7.626783755050407787e-02
4.187655076996840142e-01
1.706669725905604951e+00
8.288187837055713825e-01
-1.126163230102707330e-01
-7.271985592649781172e-01
-1.389695290588931265e+00
-9.297858477830072133e-01
-8.999554283603354576e-02
-1.941633079628409364e+00
1.189512730729261225e+00
-5.688138839195732155e-01
-3.585023896069384208e-01
2.179226643364644556e-01
3.319537521359344212e-01
8.675238409725265498e-01
8.169380507304556394e-03
6.827031831974765819e-01
1.185632068622706869e+00
-2.612736465206785264e-01
-1.535524770580646958e+00
8.908202535212608741e-02
3.968902378208077342e-01
5.268772060590033030e-02
2.426920614587194103e-02
1.317094268399649826e+00
4.244732004109790235e-01
1.073838721007666308e+00
-2.311478446850366630e+00
1.090199347547502473e+00
-1.457752304885667760e+00
-5.066502145565885407e-01
8.595478116736483820e-02
-7.506665156829048779e-01
2.623284159461100051e-01
1.617020611201345881e+00
-1.773937983006490873e-02
1.144867529523293737e+00
1.161636127767471383e+00
-1.489542002288186895e+00
1.414877718303804988e-01
9.610980595180133867e-02
8.911993525997116139e-01
-2.795127655411365208e-01
7.899232071208314165e-01
-1.280905112463629925e+00
1.420791769681925887e+00
-4.923667650814620989e-01
-1.022549008065046922e-01
-1.157543773033970380e+00
-1.640313551920188351e-01
1.477310481944182685e+00
6.143763747406904424e-02
-1.322014273507349513e-01
-1.570777810759096615e+00
1.112152851639147455e+00
2.869576115429083307e-01
-7.517077524881845552e-01
-1.228017190162378869e+00
-1.178996160643054791e+00
-9.781024100316043635e-01
2.225973916625132165e-01
6.446145392419287967e-01
1.594874949633206251e-01
1.512697301364441249e-01
3.485323558220268514e-01
-3.487043913677056461e-01
2.459390978157958985e-01
9.700328970927977190e-01
7.506903853773005952e-02
-6.697721129349114566e-01
2.715140845563197569e-01
6.733694885094577975e-02
-3.181309792154466964e-01
-2.349696252973705768e+00
-1.342329304185943872e+00
-8.228971308014402242e-01
-4.983893304519061984e-01
1.853435675575231256e+00
1.447662807018283093e+00
1.151071571137458394e+00
-7.070647827218121684e-01
1.390764446817593258e+00
3.900968379577733902e-01
8.211365128927975432e-01
1.238023479147332823e-01
1.773143098329144962e+00
-1.783697437587868029e+00
8.854751201078987777e-02
-6.215180071574676335e-01
5.781372554368989780e-01
1.166345671687275987e+00
-7.075287169448334357e-01
-1.628041707784659620e+00
-7.241323000712701630e-01
1.247490680820515951e+00
-9.904409941468689249e-01
