-9.381779556711908885e-01
-5.010846587841499833e-01
5.918522459215354026e-01
1.098331612733773888e-01
8.039338813862522137e-01
-8.331013127960125164e-01
-7.366396627202835834e-01
1.057370492199123380e-01
2.972534974143958841e-01
4.544256819428316163e-01
-6.715153920557450640e-01
-4.050838113474912738e-01
-8.617422101314369254e-01
-7.688656202655377303e-01
6.873001537131284699e-02
-1.476846407085794510e-01
2.606065588095727303e-01
2.440976316933061163e-01
7.659543792527319095e-01
7.931020738433389727e-01
7.320703201956118011e-01
9.352362027941880651e-01
7.903972850408578221e-01
-8.791237050515254836e-01
-4.565158736196313072e-01
1.736957053132837103e-02
-7.431850652562159709e-01
6.107530123808668776e-02
5.081243148564327239e-01
-8.329964877430497960e-01
8.561707084806569057e-01
-9.386229306180686738e-01
-7.035131327005241797e-01
6.256404786158331621e-01
9.642457552519410058e-01
4.422421489077956736e-01
3.482141222668928560e-01
-3.550575194092282505e-01
4.472480977792645529e-01
1.889871765140538340e-01
6.731579429603629094e-02
-6.154691593850580844e-02
7.458406839399343013e-01
-1.172791794077352456e-01
4.926568983506172117e-01
4.578425545582085476e-01
-6.069080232408370357e-01
6.589349066840057834e-01
-3.762764510573279875e-01
7.899766282665279249e-01
7.522962673630491093e-01
6.931886165769738373e-01
-1.088719881111582355e+00
3.376002473407522242e-01
6.734954438692590806e-01
9.069816370107426362e-01
8.520454171028335466e-02
5.360662034680983012e-01
-1.375071579556497170e-02
-1.945396047610505885e-01
3.728644221877073228e-01
-4.540501538268333359e-01
6.725821489005296971e-01
6.398195880570303196e-01
4.527588929050916366e-01
5.467364301327592990e-01
8.692571386409041478e-01
1.022491117334252131e-01
-5.638596970011500176e-01
1.414780346164470348e-01
-8.730749740293336503e-02
-9.710307393667887421e-01
-2.002050376798187870e-01
8.344437501442181215e-01
-2.888166001367118429e-01
2.209108254347237343e-01
-2.357313147549537913e-01
-2.288058825641654526e-01
9.913613760234347705e-01
1.949491871827424561e-02
3.141532241337674503e-01
8.396941435601406045e-01
-2.632036418436543013e-01
8.952441114304536818e-01
5.658841177468643124e-02
4.820574213014336973e-01
6.019379948967682470e-01
-1.965925853995131867e-01
2.363760084472068534e+00
-1.175977823633769237e+00
9.293190014634586937e-01
9.973904128615824760e-01
-4.688667553065040128e-01
-6.887305564211010367e-01
-3.804746189891037300e-01
7.577755601455105072e-01
2.229023945404624563e-01
-2.291051032671661325e+00
9.943334976263292768e-01
-1.813740132560170970e-01
1.674833076372470031e-01
3.142986351582366389e-01
-8.569853445557880089e-01
-2.095901304701008883e-02
4.661941893981058627e-01
-1.959414313579335154e-01
-8.340102454510365249e-01
5.797359403765226515e-01
-4.989245312381185293e-02
-8.932584662937836928e-01
8.991381700099663199e-01
-6.194603395309425942e-01
-1.302685455294034789e-01
-7.770944285922056771e-01
-4.463037274572214663e-01
7.370913116025021861e-01
-1.533901527477565807e-03
-8.015895791458684805e-01
3.409430695806086042e-01
8.137899433035644670e-02
1.181928095797173395e-01
-1.730310571143127696e-01
-1.103073657178648137e-01
3.792552631375746830e-01
-8.946174749748210253e-01
8.993670881021942343e-01
2.727940532237758120e-01
-9.116744486176964202e-01
9.915564062471593498e-01
5.229372239547933621e-01
-4.558401377857492776e-01
-9.466573702276339652e-01
7.774180151312377607e-01
8.360799419701936408e-01
-8.954935948013846847e-01
-6.393807150889256885e-01
4.895979913717699028e-01
-6.252542862425802817e-01
8.783479921466943452e-01
-2.595294446823224188e-01
-8.377067648888392171e-01
-3.529325199808290847e-01
-7.675537456855880958e-01
-3.117265171664347356e-01
1.690877641665533559e-03
-5.153984118581007579e-01
-7.581399487781119717e-01
-8.657934623749996561e-02
-4.495661440246061513e-01
-2.760385925859722978e-01
-7.087690125196484114e-01
4.025280001690538789e-01
-9.969207614723691879e-01
3.526132566115485201e-01
5.439590547327373127e-01
-1.624630482304041390e-01
3.082335145530721299e-01
4.936747860531331966e-02
4.269198589463607529e-01
6.202730398414626478e-01
-7.634658675000867145e-01
-1.883842314213834968e-02
5.309187079168107282e-01
5.135048333176976953e-01
-5.268402147091313381e-01
-2.162058822555013027e-01
3.000096544691117639e-01
9.353851039323368699e-01
9.270419140623966658e-01
8.668927618337338714e-01
-8.860146346321342570e-01
-1.302919745387374206e-01
-9.745115858741224546e-01
5.178633704537989324e-01
9.405410292875509004e-01
9.991265838618113015e-02
8.645225524841209097e-01
-8.326345884730370628e-01
2.335340449642195892e-01
-1.023528403762394845e-01
-5.271149386288964678e-01
-7.880194360246302043e-01
8.565441930128290249e-01
-2.117907022779603743e-01
-2.015485615145280462e-01
3.664085211752645677e-01
4.538183726026783216e-01
-3.633766541172358533e-01
-7.164556231452319235e-01
-9.430081785011656947e-01
-5.991433979883220573e-03
9.019183885256185640e-01
8.974591040066328684e-01
-2.368044367792010441e-01
-3.399802622669569896e-01
5.271012173560607472e-01
6.334131586240323575e-01
1.845867978272974774e-02
4.650046511468863830e-01
-6.663666676492718821e-01
-8.620173557338712822e-01
9.139848063140689760e-01
-7.674482739971821843e-02
6.652425056717112817e-01
7.056345779458330636e-01
-2.663044955614100040e-01
2.143119226781418085e-01
-8.518693892730395678e-01
-6.340529232520775160e-02
-1.131658881946118189e-01
-4.726532890097563389e-01
-3.657374243369408973e-01
7.093799692843605342e-02
8.085913281028769273e-01
-2.324916276015602801e-01
-3.044383850731435803e-01
6.350330364768093094e-01
7.947742714715488876e-01
8.126245132454736897e-01
-3.603927701013529550e-01
-4.845953398754871966e-01
-5.469318389117199253e-01
6.182626693259289929e-01
2.609075894754506741e-01
-6.460038802178249551e-01
-5.069789086672518152e-01
3.008690819578720976e-01
4.450659590874881388e-01
7.018846678536452277e-01
9.111815644820575599e-01
-6.767152887803804528e-01
3.976452068716702648e-01
5.664194424185491350e-01
8.927425172748553184e-01
-9.513519457230985577e-01
8.927152131738602669e-01
6.280971324546493761e-01
3.948653053167610061e-01
8.476026396969957855e-01
-4.463837976270152996e-01
4.511456887555114204e-01
7.171453403422523021e-01
3.820632801664674005e-01
-7.754221715815077243e-01
-7.047942298005187567e-01
-3.130651563794848435e-01
-2.421364094958147195e-01
-8.346767853785443947e-01
4.079949515611003275e-01
-3.112360004515049017e-01
-1.813580418246569792e-01
1.761902626326807830e-01
2.846091334573626064e-01
-3.191302179708259690e-01
-9.780584976730362090e-01
2.773520822148425324e-01
-5.064961540581580657e-02
8.525322894375806371e-01
8.597603210242534821e-01
-2.175766759169066589e-01
6.366212717896715390e-01
-3.144300654493832337e-01
1.329685855437798825e-01
4.071242659624458859e-01
2.282926279780017609e-01
