-1.186057332628749073e-01
-4.076708959385850761e-01
6.388286364265184369e-01
8.162607726318358292e-01
5.362596055195822942e-02
2.231856626882290140e+00
-1.115544343116979809e-01
9.193451665216362256e-02
-1.188071781135133786e+00
2.129090257923036411e+00
-1.372388691243331960e-01
-1.663414951600955982e+00
1.406880242035978945e+00
2.358631071717463834e-01
1.245111518984652443e+00
-4.364900875108158607e-01
-1.728242396143024662e+00
-7.639831505233566356e-01
1.201606395010752948e+00
-3.689181547936799810e-03
2.592852077079106365e-01
1.109213618415054281e+00
-3.469597710888501774e-01
-3.798707896497770520e-01
-2.841271651513938012e-01
-9.508543530084729856e-01
5.707892855296683443e-01
-2.844561444123486993e+00
2.927255281808446075e+00
-2.321106382336273755e-01
2.803829039421260050e-01
-3.895199346396870377e-01
-1.447320103043346462e+00
-8.387431748020511835e-01
1.008885351328891122e+00
-2.066118819028190501e+00
-6.502903589162996045e-01
2.459892865417651064e-01
-3.504943511794859079e-01
-1.233239696520791462e+00
-1.776904128757037959e+00
1.276279481893849432e-02
3.216609880032814672e-01
-1.111105937368321861e-01
-1.216279532689054088e-01
2.290225755308281097e-02
2.081170198871925336e+00
7.589334194636854214e-02
-1.759284499852821204e-01
2.383599181666846700e+00
-7.704414055469919198e-01
1.084958993130008986e+00
-9.286169228676183218e-01
-1.716464908325416316e-01
8.941057510666650110e-01
4.367233756200517014e-03
4.108060306605174627e-01
-1.481364719976495881e+00
1.168937014137056973e+00
-2.224262857093035617e-01
7.879664394004670669e-01
-6.137160004200927776e-01
9.456956483560271520e-01
1.837367722313371088e+00
-2.013944945132263076e+00
9.982146610377714557e-01
-3.281044860965870669e+00
-7.634574263601368038e-04
2.839634783499815351e-01
1.188402698408014491e+00
-7.465868680332690133e-01
1.445030910577921324e+00
4.793864988010372308e-01
-1.015351559409098714e+00
-2.705893272640496616e-01
4.475227032873042354e+00
6.437163038265512061e-01
-1.838910660658488738e-01
-1.880647465742643354e-01
1.136318220540608603e+00
-1.396005251880721332e+00
-1.223927002312134471e+00
7.251990893171683661e-02
1.119107079201461019e+00
7.444496984859065858e-01
-1.683803042243912085e+00
-3.402498311531920727e+00
6.064786527019488949e-02
-1.079880137727972533e+00
-9.539461444207957275e-01
-1.010919605065254245e+00
-2.211106826277181581e-01
-1.975478757746742531e+00
2.834034311149902230e-02
2.555532504519214321e+00
-9.144026569622243361e-01
1.475964516645176916e+00
-5.234196180647091023e-02
-1.317580829594046321e+00
9.400334626647457448e-01
6.629640961864308180e-01
-8.562614532178464133e-01
-6.146157464943663440e-01
2.010830163142269367e+00
4.078112631038036118e-01
-1.266035879400400743e+00
2.074624620681294607e-01
-5.090185387978063414e-01
4.578005467958440877e-01
8.164507329482441067e-01
-6.090171682481018700e-02
-9.220716179631589793e-02
8.526717966741204080e-03
9.298592737712215728e-01
2.069150394390957270e-01
-4.207259761073498527e-01
-1.183202183150733111e+00
-1.178134048884447616e+00
3.589778983729217110e-01
-6.206418431330671392e-01
5.023060234547628289e-01
1.534077557092585309e+00
-1.625414739193861813e+00
7.912042115671924503e-02
2.390922801814688858e-01
1.243105560860933823e+00
-4.976072953563048795e-02
-1.235991424468650735e+00
-4.194551861351032418e-01
-1.820530107779100515e+00
-2.539005547378045069e+00
9.476634547034669120e-01
7.920533390269112184e-01
9.230679711569647061e-01
4.369382380480160144e-01
7.260851294978408754e-01
-1.693721629740974066e-02
-1.604707575723933743e-01
1.229894417965249898e-01
9.742118257331315867e-01
5.212756170020320656e-01
-7.696581528458561472e-01
-8.372822602020204563e-01
1.397146118630662404e+00
-5.641134327982813557e-02
-1.209728146455235631e+00
2.952475436533088526e+00
2.592711725731900341e+00
-6.267077688051869711e-01
-5.855546166212037829e-01
-2.057530642635298612e+00
-2.500939752456910359e+00
-7.380843751510807182e-01
1.391497816560310685e+00
-5.380903503485969797e-01
3.334379870098151399e-01
1.296585546159829461e+00
-1.590162580860608132e+00
8.664303456493072098e-01
-4.900987571457370295e-01
-6.757037100466661839e-01
6.331421657515036161e-01
2.983485078032825921e-01
1.285738296042002293e+00
-1.481442519981725769e-01
3.244176716226444546e-01
1.062826258459562967e-01
-1.342134840153819564e+00
8.300405562886634669e-01
-1.982988790455195272e+00
3.138374648841331105e-01
3.319070875386212816e+00
9.589207245018590564e-01
-1.973501041742939277e+00
1.425791484411685683e+00
1.723649521484617031e+00
2.281554940210023807e-01
-2.094652252749030774e-01
-2.087209550525765955e+00
8.814054410009424245e-01
-1.575434227953120825e+00
7.824415575088068397e-01
-2.972077006761770779e-01
9.958208030229218632e-01
1.402788535719708296e+00
-1.394402602566461979e+00
-8.023487818093737456e-01
1.907009446526944707e+00
-1.837626677164760469e+00
1.428038625593218036e+00
5.783417623046497313e-01
-8.697319164251214874e-01
2.380648345114190767e-01
8.415373572603679353e-01
2.984866272825579259e+00
-1.604260274696214683e+00
-4.685832134714219555e-01
9.411111631565738378e-01
-1.374076334512042363e+00
-7.403469957850282723e-01
-6.475638698701147167e-01
3.098342770214395525e+00
-1.821387028029421096e+00
-1.230004336531650699e-01
5.538383763301486518e-01
1.483129286683993797e+00
7.345489659106331226e-01
1.496227816821556367e+00
2.036358715715713696e+00
-2.052544861262385556e+00
-1.802797425650067176e+00
6.409984645413550064e-01
2.117765951213896880e+00
-1.714491772534716851e+00
1.322798457189947818e+00
-6.585523145274765344e-01
-1.975069437560241781e+00
3.016550909517161205e+00
1.383624841565652241e+00
7.604825708719609167e-01
-1.452226943163175354e+00
1.550501297281223767e-01
1.014374234227552352e+00
5.560695484445700165e-01
2.796770034543588634e-01
2.489488875808730572e+00
1.116547711406534971e+00
2.054862870512232931e+00
-6.243118682293014032e-01
2.847702678026969192e+00
-2.941390246576874201e+00
-5.958480249441312493e-01
2.230376453312042095e-01
1.877503620026458098e+00
-3.014308050586974805e-02
-3.077993423286051744e-02
4.895544824885470492e-01
1.842098204565993935e+00
1.689165141228877731e-01
3.275577134188492057e-01
1.322891144936397811e-01
-1.663386902971541126e+00
-1.428529266642092899e-01
7.046201617801707284e-01
1.222805194557359032e+00
-5.941869867081231993e-01
-2.396338468498041774e+00
6.090264730813694793e-01
-1.464651302640125774e+00
4.713267083684974601e+00
-4.861745431772225956e+00
1.529219150651936143e+00
1.574708408753795474e-01
-5.343105983257797620e-01
2.519502092327833509e+00
2.949476106373769557e-01
8.421529689369544602e-02
2.717021835220540193e+00
1.242915407907154490e+00
3.074100832343737544e+00
-7.136683142900640542e-01
1.208536715532463113e+00
-9.286671487677096160e-01
7.787791707530372642e-01
-1.329283780776487067e-01
