-3.840466925373498541e-01
1.561318743168096157e+00
-4.068725993976334832e-01
-2.840168592356363764e+00
1.361871851287031476e-01
3.164941588978030129e+00
1.434748047822458350e-01
-1.654160750151965509e+00
-1.841598910879632234e+00
-2.449490820853950535e+00
-4.644281014166781740e-01
2.499321843914255936e+00
6.622780885697056030e-01
-1.676455091089016136e+00
1.392994674718169179e+00
-3.199359490183732446e-01
2.132727991170380477e+00
-1.463375695913756491e+00
-5.806838754172795047e-01
1.124357806202201271e+00
5.575492302018433266e-01
-2.195606482756139455e-01
6.923364642916076672e-01
1.755663011276464180e+00
-7.587983587087455961e-02
8.772498898802092437e-01
-5.058316076568242003e+00
3.486457510146140137e+00
-4.001946820258718951e+00
6.982424519201386737e-01
-9.544229472963903227e-01
1.178191966850304223e-01
7.065047254825003176e-01
1.194650535839887562e+00
8.147165396977515961e-01
-1.541868587429935156e+00
-3.501552979679159350e+00
8.766417385219027469e-01
4.396407937750727579e-01
5.367789923567238830e-01
-1.024718083607692787e+00
1.073782624757985360e+00
1.581883989457548267e+00
-2.982829250109667818e+00
1.255358638076869315e+00
1.493726183410719610e-01
-1.709051490290591557e+00
1.008239607369024515e+00
1.746413464482417854e+00
3.545921431044553040e-01
-4.283900981470349922e-01
-6.514559384467530911e-01
-1.332946085735653430e+00
-4.493706860433195338e-01
-6.521859441487994902e-01
1.889504168873226364e+00
-7.663332201887840256e-01
1.006616013362847672e-01
-2.244203071751408096e+00
2.024214196419030110e+00
-7.572113575198260449e-01
3.321120915906994320e+00
1.176387854708772274e+00
1.003830322560611998e+00
-1.081606053428478154e+00
-2.220371849360628924e-01
2.080916166817504021e+00
-5.805003909399027995e-01
9.964307294161974804e-01
9.891865383003287659e-01
-1.507118261087513122e+00
-1.059318434131016007e+00
-1.888720350778921198e+00
-7.492338987830546304e-02
2.699300463659855431e+00
-8.793209122924051657e-01
1.841354847687983964e+00
1.255059883019670863e+00
-1.148808463111850475e+00
-2.985537714266495168e-01
9.847043464015339254e-01
4.487934045975224606e+00
-6.837825853852489422e-01
-1.464388649342506676e+00
2.593228183325237524e+00
-2.513157502538511778e+00
1.280758994708828924e+00
-8.200958122127601779e-01
6.386027172475122748e-01
1.452500308213288571e+00
1.845921641640795530e+00
1.089665894389578032e-01
1.804037771707531324e+00
5.159366719382060262e-01
1.498120899644487913e+00
1.813597637140566654e+00
2.207669275336430481e-01
2.795385962077733488e+00
8.796100466798632000e-01
-2.827270355672135138e-01
-1.169462426959613666e+00
1.691363708985373915e-01
-2.599633257348800131e-01
-1.360550680055727657e+00
1.593759031267842241e+00
1.001200999669067171e+00
-1.868892164563826785e+00
-4.638698881331446700e-01
3.729237157037929240e+00
1.474889508865723453e+00
3.313496885264062275e-01
-2.939941453740233523e+00
-1.155158546518099794e+00
1.962826663220236911e+00
-1.486025653873235708e+00
-9.792270031462901869e-02
-1.199145527548559187e+00
-9.876336187250120968e-01
4.850100250451020445e-01
1.833016982333304234e+00
1.425808927976439211e+00
-1.465658858288790278e-02
-1.150975144728927368e-01
-6.770210842850417077e-01
-2.685900376801325873e+00
1.799357165398482561e+00
1.770258149988619412e+00
9.167397294761037152e-01
-1.290223963125992634e-01
2.614733049234023166e-01
2.853242084081973218e+00
-6.571326291688556198e-01
1.864816509195980965e+00
2.689804187266203073e+00
-2.177616973907829934e+00
-2.640982683935829911e+00
2.214954027778789580e+00
-3.280968213447930104e-01
4.600945068219086664e-02
-1.278294113143324306e+00
1.544328601748579111e-01
4.058919150798648845e-01
-9.365014554098669564e-01
-2.567372037612034585e+00
-3.139942413808798904e-01
-1.535059272626587701e-02
-1.079303020294235527e+00
-5.296143898589344978e-03
-4.586574029995815760e-01
3.915919486635502933e-01
-2.261326335275714250e+00
-7.501139627588051528e-01
-3.154568117169324282e+00
6.743868772115492183e-01
-8.172675645627432983e-01
1.409494143304893532e-01
-7.660878250623948116e-01
5.152098733372185713e-01
-8.653404062981306932e-01
-2.697852951024248824e-01
-3.062993540132487036e-01
1.040371938439775823e+00
3.163194888394978754e+00
-1.622794508503559996e+00
-1.876693623976923631e+00
1.666920673333819325e+00
1.509480003815768967e+00
6.962628971146131440e-02
-2.592261350136944476e+00
4.552886822478995898e-01
2.369219066047693056e-01
1.897999877213618403e+00
4.429828186087200748e-01
-1.195922331048398624e+00
-1.033375645117278196e+00
-2.120624550597002056e+00
2.692897999750766491e+00
7.257996608413707085e-01
4.718614792838079275e+00
-1.382484209286436894e+00
9.940022923732882987e-02
-1.402291289291963228e+00
6.290960237592408966e-01
-1.724904813220794919e+00
3.513433750493324403e+00
-2.695308508031545536e+00
-3.646502203688289923e-01
-3.495601010694502353e-01
8.093285568085799575e-01
-4.386780156198453740e-01
5.532077027498965016e-01
-9.533842019280719393e-01
-1.239843488594362997e+00
2.301460998485000520e+00
-1.342835785351498945e+00
2.050780596735183980e+00
4.335452942387119091e-01
-2.293281070974285130e-01
8.464058519064933117e-01
-9.369833268761922351e-01
1.031405721880436221e+00
-3.016960071101796870e-01
-1.944246859702475794e+00
1.211938487953141852e+00
-1.250409896925898767e+00
-5.107554273513312815e-01
9.880888495951540840e-01
-1.318222436260775732e+00
4.440630810210148383e+00
1.542558988388063046e-01
-1.698837475724497281e+00
2.874397784417720647e+00
-7.884265378723984696e-01
1.079249740042580452e+00
1.646806967434282010e+00
-1.962401201223372471e+00
4.637268297229218406e-01
-1.338992320790318047e+00
1.111779394978460900e+00
2.149821787661734263e-01
4.946303550634386648e-01
2.743542816988704391e-01
3.304438936064745258e-01
-1.807762706590810176e+00
8.707376607637875576e-01
2.602627864664531998e+00
1.425564340665925522e+00
1.799657373043266340e+00
-1.257870407540726099e+00
-1.520070962132161752e+00
1.589166639658058600e+00
-3.995666671734686703e-01
2.857900089677383626e+00
2.961782303336283118e+00
3.841368112925011014e-01
1.350083596334196168e+00
-5.720350393424451507e-01
-4.582555955675259307e-01
1.610392398279855142e+00
5.566237047876088084e-01
-2.186129844160492830e+00
-3.753580082502543380e-01
3.107373362425402075e+00
-1.750757927148670845e+00
-1.135457146306862786e+00
3.409352859002580782e+00
-1.345868439810370853e+00
1.603692050981377015e+00
-2.967591258110436669e+00
1.920855212811026114e+00
-4.580411652968229497e+00
4.499861463957628427e-01
-7.409019672847185767e-01
-3.571325316786292614e+00
-1.190378015932055389e+00
8.735862722009766212e-01
7.356164296191387564e-01
1.883175462923276644e+00
-1.473855313797897360e+00
-1.318768585486088885e+00
-2.411891265496404202e+00
1.225963841996185133e+00
-2.752135158449791064e-01
-6.782471468330718567e-01
-3.597743454817758479e+00
-1.550506837946306060e-01
-1.411482116821654476e+00
1.702512314513779046e+00
-4.332439909631456976e-01
-3.077662068131997497e+00
-1.381506780691010405e+00
1.843652630606169573e-01
4.873156920813134896e+00
-1.223366295905627954e-01
-4.930957177676186243e-01
-1.407577269641329121e+00
-9.350161594002948107e-01
-2.815778114673948451e+00
1.654982680565193931e+00
-2.471523222062922187e+00
2.276806075013399489e-01
-8.760724534104882277e-01
-5.371319865464747600e-01
1.147762556662467182e+00
-3.621286335268149581e-01
-5.308334094941381531e-01
-1.921536330573201612e+00
-2.508585094317826059e+00
-1.340328572878031199e+00
-1.974276176682261852e+00
-1.558123627449155446e+00
1.138810569096494696e+00
-2.472529918983787489e+00
-5.852473446788565292e-01
-4.892732038138167816e+00
-6.746937876362275599e-01
2.620175357967170271e+00
3.478615254901094023e-01
2.714567601612941861e+00
-5.020890586664037425e-01
-1.186391691386109448e+00
1.369509752355304588e+00
2.002847256325370306e+00
-2.378000562574436483e+00
1.505512644024404878e-01
-1.439580264613770644e-01
1.548302855588414850e-01
-1.279684262303809605e+00
1.898084163093923138e+00
-2.028336247920531576e+00
1.104993027056352828e+00
1.769787070901045478e+00
-2.645026709185497094e+00
-1.865938454899655152e+00
3.259364863810857993e-01
-1.593840940323045130e+00
-5.423874805968275092e-01
-1.159262374249774019e-01
6.440324717190460957e-01
-9.280593476379608853e-02
-7.232240475655831169e-01
-1.455758266271074408e+00
-1.980843874375725733e+00
2.761258259344361310e-01
-1.092883141249971990e+00
-2.131335100971461838e+00
2.180167068200002056e+00
-3.054620920056210664e+00
1.283355703510083323e+00
-1.245453082646742704e+00
2.401814260684379532e-01
-1.277917279540476070e+00
6.025876197185594529e-01
4.407899415198833215e-01
6.866741844147363771e-01
1.431846118292148029e+00
-1.488335698372790006e+00
1.777353984859241454e+00
3.319315028503561749e+00
-2.316238727932354635e+00
1.976864952728855651e-01
3.520687545492394932e+00
2.271875924453775841e+00
7.341970236197595812e-01
1.229374444620622508e+00
1.661594292396425754e+00
2.807207182473262286e+00
2.940791504539215673e+00
8.008318060167675112e-01
-1.739432889947714500e+00
-2.764753851769764736e+00
-2.672639332529350931e+00
-1.939625455904252505e+00
-1.001455906699427967e+00
2.146654926137745445e+00
-5.342880003638873498e-01
-1.814339378449917994e+00
1.320994915042261519e+00
1.412794524350174719e+00
2.394279465105892957e-01
5.004856023416514255e+00
2.983637978597075135e-01
-1.081265975466299656e+00
2.875275187448363745e+00
1.859970462144287406e+00
3.222368970748817896e-01
1.802077488045587428e+00
2.016652640859254220e+00
-7.193283209822949331e-01
-1.073822887553395500e+00
2.279171960394139607e+00
-5.971274452257259169e-01
-3.231670518367549150e+00
1.262645451404391106e-01
3.811214041923224105e+00
1.971503614476067812e+00
1.133045708420595155e+00
9.297292256093800944e-01
2.364261611752989545e+00
-1.586300793831747491e-01
1.348602278022939527e-01
-5.730032450034632241e-01
1.468395191143817335e+00
-2.777189573825608271e+00
1.670133099211006167e+00
3.141836097410874995e-01
1.916919907634495157e+00
3.146369558102391828e+00
-2.529445163008354758e-01
2.944184411126260503e+00
-5.524420088883219560e-01
4.076633765985987479e-01
-6.116840163176735512e-01
1.204254018361387457e+00
-6.058840041984057956e-02
-1.254283783171450395e-01
3.023395266475596421e-01
-1.303540694859838922e+00
8.497761330269397728e-01
2.039781072424518005e+00
-6.394739464751585112e-02
2.833678188588522939e+00
-1.335373637179758433e+00
2.093721144366037734e+00
-2.193915053733597187e+00
-1.641918068521324381e+00
-1.570031360872812254e-01
1.280401886630221586e+00
-3.440803574501670514e+00
1.230072883433717790e+00
1.116991853622209430e+00
-2.268311805775400813e+00
-2.249329135543573610e+00
-5.737238080621747116e-01
-2.669533187518721151e-01
-1.792499325438013713e+00
-2.538071292757002162e+00
-1.511005471382983467e-01
-5.912571716867646154e-01
4.013128580855914507e+00
5.950798354375388399e-01
-9.906556986185326430e-01
-9.689386830521020677e-01
5.357262113846765317e+00
2.119231626652826161e+00
-1.995444483794411306e-01
9.939898304766170423e-02
-9.421892811288377079e-01
-2.111079870557011962e+00
-6.390228058842408743e-01
3.214291931082055243e+00
-3.725414531075291968e+00
-1.093278834373853092e-01
-5.402051139313080341e+00
1.350304660347716734e-01
9.675952920606644136e-01
2.403232628057001552e+00
4.079737680379866283e-01
-9.798682246529725193e-01
-1.699609677833233690e+00
-1.307873221030300126e-01
-5.709263984476076192e-02
7.605654679202870083e-01
-1.130938127947435923e-01
4.778021510378165915e-01
2.216993410955075738e+00
-5.973701340271190263e-01
7.069053624361981703e-01
5.281733642778133619e-01
-5.879044827667838646e-01
-1.534040644603773762e+00
2.170661268900569318e+00
2.740791315030516317e-02
2.272305679264068345e-01
-2.147979104633980008e+00
-7.703381006734427716e-01
-7.369159687780335588e-01
-9.432797219690827739e-02
-1.525195374228144995e+00
6.773427792658440749e-01
-8.918328233617800471e-01
-6.451473991247014261e-01
-1.053259704845705969e+00
3.233265811662009437e-01
1.453811612283168131e+00
2.242960995054177897e-01
-3.485848343581433584e-01
-9.478226242864622453e-01
-8.093287428754393220e-01
-9.712792103984934089e-01
3.220628337444762401e+00
-1.981085719447382765e+00
3.404352052809804796e+00
-3.399251203229209373e-01
-1.452564480790724089e+00
1.914882276248786042e+00
2.209323061467935556e+00
-9.743137793940279678e-01
1.618488134900885500e+00
-4.228231034275065081e-01
1.144760300086225646e+00
1.516741471484222004e+00
2.428439237312388421e+00
-1.150369037956549656e+00
1.796625889825624323e-01
-4.048089749160316275e-01
-1.189394691027730433e+00
5.743501798664752966e-01
-2.329068012570119084e+00
-1.096764365197931523e+00
-5.424681855374391404e-02
-8.025314965586483051e-02
6.102351549305243816e-01
9.737622840826352100e-01
3.298599348736571457e+00
-2.230402996342299105e+00
-2.827005820603485375e+00
7.312739532849997781e-01
-4.008036270312935190e-01
-2.124743343706017917e+00
3.189809627810883952e-01
6.082048803297279704e-02
1.427862053288364130e+00
-7.634558607080671466e-01
1.135864364686776096e-01
1.783154624865737281e+00
-1.925657934810036664e+00
-6.187337648158843795e-01
5.516511095614109461e-01
-4.581894041447828747e-01
1.288989139043992704e+00
2.144212339093583441e+00
8.891366203561595905e-01
-1.675735469072243966e-01
2.565518000748444827e+00
-2.515871920019163266e+00
-2.210690241222858787e-01
1.559821555077564037e-01
-2.871644688461397976e+00
2.998700503630518543e+00
-2.054542846217676466e+00
-2.658300154142079208e-02
9.896438466986411386e-01
-5.357279662487345995e+00
-2.211769727085174608e+00
-1.676444381839049536e+00
1.409692536846146149e+00
-1.374247976524692216e+00
2.388473233314467592e+00
-1.920060446723673042e+00
-2.017216934008119189e+00
1.131804709382991936e+00
3.322346895273247114e-01
4.363369579160935041e-01
1.587689273497172149e+00
-1.595013932776888632e-01
2.509633016410038886e-01
1.758724527669646598e+00
4.082865529851104291e+00
2.231619598658954318e-01
5.070728717590822221e-02
-4.196266924957350319e-01
3.716975641773652139e-01
2.171366067165720004e+00
-1.378813727508999554e-01
2.620924086509096806e+00
-3.212127216467699498e-01
6.692647077816399337e-01
2.241733784096672233e-01
-2.166918275782943049e+00
-1.795957498380296391e+00
6.846588673302190786e-01
1.098654511801934408e+00
-1.064205394300737240e+00
-4.100431120362252879e-01
4.025961920900686941e-01
-3.768104273613406274e-01
-2.649568353058791459e+00
-1.371616621174878814e+00
1.555052389529241186e-01
-4.336175820265059100e-01
3.713332812813304185e-01
-7.949294016470460633e-01
2.614685325081127498e+00
-8.811956288092410716e-01
-2.676725100022134818e-01
-1.002042598931300654e+00
8.389510826546338063e-01
-2.315181201348383233e+00
1.302430160969322515e+00
-2.427480483157466118e+00
1.335705574827165343e+00
-1.955643677157386406e+00
-2.372033927944164233e+00
1.885990188254890398e+00
1.195550501441974278e+00
-2.071494652722299268e+00
1.303178499035213100e+00
1.818102002795201066e+00
-3.230558000607679503e+00
-1.871198243684484730e+00
3.325858180457355040e-01
4.849245849678134324e-01
-4.146200671351020217e-01
-1.551321444179981857e+00
2.721213064142898319e-01
-3.363180506139045622e+00
4.080691375992126502e-01
3.755764721368586301e-01
-1.247647604180884606e+00
-1.278954154636528839e+00
1.389850155765983919e+00
-3.326068863011577559e-02
1.261339251767546799e+00
5.296361102049954583e-01
-5.745653097675862409e-02
2.747754892487891176e+00
3.392550012908216450e-01
1.920263393429820331e+00
2.148108888812028550e+00
-7.144174636441953385e-01
1.616059779064565882e-02
4.102593866838309955e-01
1.875893474999599020e+00
2.757341787565096292e-01
8.694845338950619729e-01
1.743543359737294907e+00
2.395634971219659515e-02
-9.181252508341666285e-01
1.424848884074163546e+00
-7.499040218383514755e-01
-3.079943900285482261e-01
1.171363270393056322e+00
1.407364214144150694e+00
8.205680388192660990e-01
-1.123345370451331870e+00
-2.353601444185101643e-01
-2.107322691081056298e+00
5.606592044791283147e-01
2.122050630721720732e-01
9.928840847900934907e-01
-2.833563304266735638e+00
4.938592248541274765e-01
-9.564151771063407192e-01
1.896008175655625738e+00
-8.265117579097021050e-01
9.959831495722356598e-01
1.498605407530445355e+00
-4.019534182227689212e-01
2.532301267860110894e+00
-1.769566787067243352e+00
1.310195198913744363e+00
3.560829223354658457e-01
-2.764558597715118804e-01
-1.305072659263674995e+00
1.452524063593733317e+00
5.175332252348516793e-01
-1.924583831632974418e+00
-9.526031487714287094e-02
-8.236343768971978729e-01
7.145066276382482373e-01
4.895422311831647555e+00
4.373084056644253037e-01
1.585133391089755150e+00
1.486044215004806768e+00
-8.245845418517196990e-01
1.040483682637858953e+00
-3.281167835648985065e+00
-1.117102033055154209e+00
4.893617746374680166e+00
2.606370753648856176e-01
3.326882118094428353e+00
1.583873163707588905e+00
-1.884729141908344952e+00
-1.057705011456498534e+00
-2.790179218417540019e-01
2.605187934239499015e+00
2.205148257600714423e+00
2.727064395735842584e-01
-3.685804891248239956e-02
1.031592087770454857e-01
-4.188654077053867830e+00
1.683096520750829717e+00
-2.062052818781923591e+00
-3.383894467050155286e-01
7.751904515637390025e-01
1.099066940060113629e+00
-9.297086213476384309e-01
-3.155409216754195140e-02
1.417807986984946256e+00
5.026965704654819955e-01
-8.391734523815822522e-01
7.282324148389438534e-01
1.448561693866475597e+00
-5.163399837674302439e+00
-3.906180888282139385e+00
-5.059468146170567060e-01
