-1.801856481211104311e-01
-2.399953550050717976e-02
2.072230907189386018e-01
-9.901176503660180650e-02
-5.916972745339656864e-02
-1.045317409599346437e-01
-2.492966171443763632e-02
4.817012881176636896e-02
1.706420524017489282e-02
2.866280250960769327e-01
-6.543659615215999259e-02
-5.046054586995744017e-03
8.038870718140909977e-02
-1.440368837494246379e-01
-1.412846753524953924e-01
2.151931406377527445e-01
1.337924729226810383e-01
-2.653084235698794369e-01
5.000884813685538277e-02
-2.511998330195384099e-01
3.682789459287556105e-02
1.712374193124679422e-01
5.020212730535393575e-02
9.642535419536195362e-02
2.796166563849856734e-01
-1.732170908181110136e-01
-1.130856657927196973e-01
1.833466897804244544e-01
-3.383090414887971603e-02
1.074487346258871517e-01
2.312468585033373158e-01
-1.154820861568192775e-01
-5.982724126877426996e-02
-6.238976823167707852e-02
-1.679919151366643937e-01
-8.864501443899147626e-02
-9.978861938958585864e-02
9.349142370257970680e-02
1.920336933040574512e-01
2.277161097889429109e-01
1.556742126859744085e-02
1.283711658751398865e-01
-2.604031038719201163e-02
-5.020961493094378003e-02
-1.037303134439864077e-01
-3.632705503540137326e-02
-5.773080539676186257e-02
1.525579661338882231e-01
-2.662979977576072910e-02
-7.805832592350903099e-02
-3.732577838914803714e-02
-5.272200446267165386e-02
-1.286917900148468880e-02
2.536901650898405469e-01
1.127056354850533987e-01
8.707434930997476341e-02
3.792324962399305083e-02
-1.779390338636707702e-01
-1.177164521084387711e-01
-1.109821142519857445e-03
-2.372030858112106899e-01
1.206966912611673326e-01
-2.592785208031176195e-02
-4.969329877285759423e-02
-1.136124502648284962e-01
1.050703823092992081e-02
1.382420561729255648e-01
6.778497566159101539e-02
8.699990608542629289e-02
1.218168428284008981e-01
4.906501977257261143e-02
-2.157514065942904569e-02
-7.254522244043129509e-02
8.218315242955484545e-02
7.973265583842562010e-02
-4.511403781584107098e-03
-1.964668974178813698e-01
1.046764382659016723e-01
-2.248118980325569324e-02
5.008641535331779387e-02
1.083952283167593095e-01
-2.069513387555155515e-01
-1.651267646897500441e-01
-1.487604666721476787e-01
-5.174036669162042357e-02
2.815335153400020385e-01
-1.087590079146022182e-01
1.732629619898488210e-02
1.616367197691454816e-01
1.113338422766997071e-01
4.465362057275747837e-02
-2.044047561965831594e-01
2.870722273619611409e-01
8.944028498672683403e-02
-1.396459543009858154e-02
7.308707826123242435e-02
-9.858820045947910837e-02
-1.377162444772609406e-01
7.816966168831981920e-02
-1.348806574816904247e-01
-3.200515453333457883e-02
1.543024975040469537e-01
-5.814644210936449620e-02
-1.868629779859333206e-01
7.945057287890433528e-02
-5.647293556200808085e-02
-1.687149038714747529e-01
6.189147609497397395e-02
2.277469776068824781e-01
-3.695798164316921319e-02
3.007892363020591570e-02
5.025411927282137647e-02
1.125844203720094278e-01
-1.129270968656833490e-02
3.267330149028407349e-01
-1.130834614157218698e-01
6.908440753625251507e-02
1.361784747427912667e-01
-9.476609347603846822e-02
1.490132995615021105e-01
2.096058184527049839e-02
-2.127513980235229141e-01
-7.585356527269905558e-02
1.091705329102740651e-02
5.101944163785940289e-02
6.927276889453394537e-02
1.595281389864113553e-01
-1.599798207599663069e-01
-9.980450716170431724e-02
-2.307010538263966348e-01
-1.509152755344091434e-01
1.746280483801656569e-01
-1.538530175522915405e-02
1.550716036234779382e-01
4.360036945714355905e-02
-5.816887969536662512e-03
-1.066991860098445016e-01
-1.029253593310822668e-01
1.942831279571108904e-01
2.767300196334052109e-01
-8.676791861104343750e-02
-8.641079833087547679e-02
2.620651317551123682e-01
5.938950076536907152e-02
-8.171064223995747056e-02
3.135686948260943407e-02
-9.885109288394079707e-02
-7.051555202273512846e-02
9.945630654866019493e-02
-1.381841257895725095e-01
-7.671659262590871387e-02
3.365300003243977545e-02
1.750570558969987978e-01
-1.262254377062253519e-01
3.223051164083181042e-01
-7.978708081366331362e-04
-4.210345481853060290e-02
2.125059294782921937e-01
1.846778044550134029e-02
-3.326182379273710799e-02
1.361397668221654422e-01
5.210968263876311624e-02
-7.308274603400308211e-02
2.592624991516546129e-01
-1.847475222430258468e-01
3.801172869957042399e-05
-6.075438673902060910e-02
1.362434332173468599e-01
1.435848008672004072e-02
1.832963120793594178e-02
-1.539617530400839152e-01
7.344744927847884908e-02
1.251155260534199676e-01
2.672594359891580784e-01
-6.127857355712333642e-02
-1.481911866957772439e-01
4.482293527579399306e-02
-2.403616887988169887e-02
2.406086500938758033e-01
9.370507135943936805e-02
1.048738741835936877e-02
1.416822275106524032e-01
-6.595767516070005776e-02
-1.071767586893556945e-01
1.502668392576156919e-01
-1.755113999005312175e-01
-1.482635248433406688e-02
1.979862417690296528e-01
6.659332542574862568e-02
4.874978499016598826e-02
-1.211432531623932440e-01
-5.749737866856866053e-02
-1.032868995586484484e-01
5.922440475471801163e-02
-5.061261484352565926e-02
-9.029544551782224537e-02
-9.801414086800964987e-02
-1.333932024205476130e-01
2.549789637347070759e-01
1.034776870459384185e-01
1.119309009167403918e-01
-1.763929988545649974e-01
1.364983484157508142e-01
-1.813995876319680206e-02
3.928066377229542244e-02
-2.209833428707989184e-02
-1.743036740431962994e-01
-3.785309218269926335e-02
-3.924262244887997270e-02
-3.349461270818923642e-01
-1.524276481154992757e-01
-3.155642648002949802e-01
2.071360744358631267e-01
1.277317378424395466e-01
-1.495885749652712260e-01
-1.082191604084132008e-01
1.865017566359886414e-01
-1.271419364117002127e-01
-7.875865051061492483e-02
-1.853425205506684798e-02
-1.629172080234329162e-02
-7.080841538644859490e-02
-1.500153036235546133e-01
1.534278084624353389e-01
4.637943488779905366e-02
-7.774527456091170907e-02
-7.742295124222099700e-02
3.245155896065078649e-02
-3.433235896033437484e-02
4.549586144493557305e-02
2.098394940524486024e-02
-1.205287079305265852e-01
-2.739793066786279027e-02
-4.793551840994276364e-02
-9.397858263836988968e-02
-1.421543135316576459e-02
-3.187358594259102895e-02
-1.893079720188970416e-01
3.087415658245112882e-01
-2.307747884375961345e-01
-2.505073819515280520e-01
-2.610220701257516263e-01
1.816967538726649289e-01
1.931136301067918337e-01
-3.011341758196258572e-02
1.404502378127936713e-01
-1.290304313294762251e-01
-5.958879217554644003e-02
1.182931484531645483e-01
-2.652693085600917877e-01
-2.094005704796256945e-02
-3.614613089077928221e-03
5.366123771329110725e-02
8.628000029950369520e-02
-1.173019716536697621e-01
-2.556081780151747695e-01
-1.753500226874864509e-01
-4.425117309917867003e-02
8.475729846624904806e-02
-2.168944824805619231e-01
1.428723827575898442e-01
-3.673061078278475056e-02
-2.495921952033023500e-02
3.445322704783543299e-01
-2.261994002792783176e-01
