-1.766538818300920077e-01
-1.904559764846350950e-02
4.902560793747140488e-01
-3.497627983584811195e-02
4.309993054048010253e-01
-1.737117370938856098e+00
4.657267796246042924e-01
2.644417848483117339e+00
1.961986707661286800e-01
3.379598294999742736e-01
-1.076791680900576420e+00
7.335987199132838477e-01
3.242855052802071092e-02
1.294113481294841606e+00
2.826434074801676966e-01
-1.312699326472986927e-01
-3.806969331071635709e-02
1.771457814318279089e-01
9.036351952279151334e-01
2.829765906795660424e-01
4.416443034004033930e-01
2.893617512526147628e-01
-1.546794347570205952e+00
-6.257277465426738239e-01
-1.350349591069227584e+00
-2.394982142215863696e+00
-4.222859742433516250e-01
-2.395657478448457445e-01
3.080749899364577660e-01
-9.778189461338631094e-01
-1.099561457064406111e+00
5.459088678414459883e-01
1.330848227039203024e+00
9.888428613288164915e-01
-1.811845428833100735e+00
-1.513298679357804599e-01
-1.298055313891808837e-01
-5.284673151514834855e-01
1.262639224180250430e+00
-3.471794826524077782e-01
-2.176346817763940233e+00
-2.407277141320817715e-01
-7.134387050422726917e-01
6.673616752287753195e-01
9.022295488477541925e-01
2.260439738552988409e+00
-1.292204495993249269e+00
-6.446718522658627659e-01
-6.428112201172838658e-01
-1.551142998103222093e-01
-1.980741112391055658e+00
-5.583131063125263083e+00
-1.024813746249955582e+00
1.101466044649200615e+00
1.770256236009372763e+00
6.305882316496299600e-01
5.052779725408564904e-01
4.412017808515525941e-01
1.601328568376962913e+00
1.710832681712257219e+00
1.382805461316572337e+00
-3.117152014410690120e-01
-1.276407508430967841e+00
3.414107327927439206e-01
-3.205471669180602612e-02
-3.123142957732633063e-01
-1.830112009029307707e-01
1.317346455828769747e+00
1.141882888790204387e+00
-1.788957960025380212e+00
2.710605010900166700e+00
2.274448459930353383e+00
-5.758645887238587058e-01
-3.702542020172124859e-01
7.258360527715697064e-01
-6.733041907661573289e-01
4.425427810591043842e-01
1.300879607082213729e-01
-5.423234960507076208e-01
8.874184587510880462e-02
2.716098931152504559e+00
2.450513360032676946e+00
-8.777988198331670988e-01
-1.358219588350511042e+00
1.587893425116773560e+00
-5.466667815916310680e-01
-9.184821042335669095e-01
2.085234643115137398e+00
-5.991899529477631159e-01
-1.383940708137086917e+00
1.830779196714596324e+00
-1.770413312618700941e+00
8.290966451531081027e-01
-1.174232626527270229e+00
-1.970364614571820105e+00
-1.098884897142815120e+00
-2.811667602913200170e+00
9.757189063084956704e-01
-4.925339166360342968e-03
-8.210078263480549143e-01
5.138365952149541727e-01
-7.436572568470922739e-02
1.737263877435014647e+00
-2.293435591103043236e-01
7.525707952082176799e-01
-1.445411858699637619e+00
-1.101671121193998903e+00
6.533273145861289155e-01
-1.706751812388689116e+00
3.430316756611076490e-01
9.315310552678336409e-01
-3.814704153194352632e-01
1.434315839012854754e+00
7.864383190645870547e-01
-9.833760407310115914e-02
-1.408425436299166389e+00
3.423040047191167057e-01
-4.045043479579027434e-01
6.909701070238407627e-01
5.836604897947500481e-01
2.321599982421573838e+00
-2.083855029026449035e+00
-1.128239815967180704e+00
2.116391949525446292e-01
1.846319721321969531e+00
1.289115238512945849e+00
-3.011954462357100404e-01
1.311131666391975203e+00
9.216621258048911247e-02
-2.628634207227749098e-01
6.709795524428425750e-01
-1.204951489388236041e+00
-6.856007236218408796e-01
-8.731182181571485179e-01
6.126638251604166197e-01
1.196581637229894024e-01
-7.266625303471142550e-01
3.853596730191132025e+00
-4.949732751606175651e-01
-2.164785385664476536e+00
-6.060339284941614890e-01
-1.218313036243985570e+00
-1.492708454207131163e-01
8.518775475677773379e-01
3.814086260199228695e-01
-1.257005800961312092e+00
-1.302510548182338912e+00
2.231358655090733834e+00
1.969554762684822269e-01
-3.384882350885647373e+00
-2.810537456600462405e-02
-9.033275437111676354e-02
-1.018602471749224803e-01
-1.175774590984601353e+00
2.157637335106308729e+00
4.569457496219140880e-01
1.068126552204687885e+00
9.072523051876294486e-01
-1.455513451288641402e+00
-7.181014119575578336e-01
-7.490223560914951451e-01
-1.013155042147317664e+00
-3.149233792543061905e-01
1.084255141853619264e+00
1.447106267300371840e+00
5.757830394498112403e-01
8.429794358321398562e-01
-2.977491625098793726e-01
-4.320144695598072682e-01
3.500766799217456815e-01
2.845545313027166845e-01
7.557251969639758871e-01
-1.130151840073203129e+00
8.686393459302493847e-01
6.828135103673196316e-01
5.162558970289659044e-01
1.143613088861789473e+00
-2.365475322080204279e+00
-3.611972601700275121e-01
3.539665010155207958e-01
1.839205555305550410e+00
-1.842617358415161721e+00
7.925437069245531152e-01
-1.015161865704729216e+00
-1.015068185615914942e+00
-2.114099764002856485e+00
7.476291381326850560e-01
-7.608174926249624548e-01
8.948639113016362279e-01
-7.582288338128378991e-02
2.666287367681586251e-01
-9.568632756541217699e-01
-2.530709525596857024e-01
-5.662532716186285953e-01
1.050948012416184518e+00
4.122284383852787837e-01
-1.621241760666348730e+00
-1.165706799550956907e+00
-9.796694487463875056e-02
-9.318106149854643583e-01
4.969579034970041387e-01
1.259783825627818210e+00
-1.652450411757779625e+00
1.203299019685155402e+00
-7.348555323755885382e-01
1.477852804819101085e+00
2.084426784820714751e+00
-8.953181278729662740e-01
1.744979669109546716e+00
-1.466285049555876130e+00
-9.192636248291142786e-01
1.750754248050668815e+00
5.832168852890968758e-01
1.489464179781871067e+00
-2.910785842072047269e-01
-2.389002596380678245e+00
-1.392201401804205263e+00
3.981649725217693558e-01
-1.462493289301136867e+00
2.030506890141675846e+00
-1.477877017760293343e+00
-6.486634000175734993e-01
-1.875304217818236641e+00
1.984158730078648403e-01
5.240974544767327270e-01
-1.255797547741087650e-01
3.076686197260886657e-01
8.520698059401712321e-01
1.209547678023348144e-01
-3.376377812972734538e-01
-4.656240174312993307e-01
-1.154036348241677334e+00
-8.927363654648965419e-01
-1.374608142163231683e+00
7.087551499186497406e-01
6.609694247909712050e-01
1.160452297851007897e-01
1.738446718291416226e-01
-1.775063895240812872e+00
-5.255570780137818199e-01
1.704023234510419815e+00
3.251273572629954867e+00
-3.843848736147864598e-01
4.017450456769677380e+00
-6.920474707857118268e-01
-3.803172532384719307e-01
-8.700555112077639208e-01
-4.918830106530188706e-01
-2.467958473063098790e+00
4.654556385954037867e-01
-2.495280956516114923e-01
-2.977170466458601839e-01
1.661092902746428068e+00
-1.978180530330664322e-02
-2.282551843980734629e-02
-1.287925717593487729e+00
1.411352033370917969e+00
-2.837678558745742041e-01
-2.033697013024849731e+00
9.207031659848186056e-01
-1.132056535936942998e+00
-2.011292846349539865e+00
-6.496754897767249570e-01
1.835607575687511483e-01
9.497681590636852800e-01
5.712684583734287669e-01
-5.623514164733163234e-01
6.499720993823275839e-01
2.283931407325955620e-01
-6.387161158829550711e-01
-5.543804842083658313e-01
-1.332486317211236226e+00
7.810711285930553582e-02
1.536324202795935845e+00
7.348410128427524945e-01
-3.210783602765820977e-01
1.823638017436907344e+00
-6.539947600575278130e+00
-5.726053510267840041e-01
5.401223569868468521e-01
5.418002373207153610e-01
2.085678176656613481e-03
-2.590765073902982607e+00
7.616603136518573791e-03
-2.426304704290634717e+00
-1.183997486481535466e+00
-1.102626345190115931e+00
9.865875264998459349e-01
-5.022377681842096209e-01
1.945697257628329568e+00
3.028293539214383934e-01
-2.896427119656422855e-01
-4.868903230010259264e+00
-1.459738571116874439e+00
5.138313667383398453e-01
2.250329785777560154e+00
9.422595585309522237e-01
-1.447326477874358419e+00
-1.159764156805175306e+00
-6.673808580920523870e-01
2.188144913867799524e+00
-3.179107595859890362e-02
9.914534993980268496e-01
6.476393353279278342e-01
5.196905776725924131e-01
-5.516869393923921061e-01
1.210647350116619725e+00
-1.879581749478202113e+00
-9.133809711332370185e-01
-3.904321579206482817e-01
4.458708066245753443e-02
1.214139283768399968e+00
2.009201534749568641e+00
-4.244647568832098927e-01
-1.834632186262241116e-01
-3.862973673540603947e-03
