2.226331385989868128e+00
7.669909369881858785e-01
-1.059030163502514776e+00
-8.658800218997377840e-01
-5.944977054152228435e-01
-7.523142746149422688e-01
-2.221320630315458400e-01
-7.249098811785642527e-01
-8.372678754038144211e-01
7.145622872657837465e-01
1.061083517698314216e+00
-4.790723234825489674e-01
1.085584198576351245e+00
8.573441416171830864e-01
2.249655140765145500e-01
6.248880806868296611e-01
-7.832099497576927583e-01
9.602883261506659496e-01
-2.232697297874367548e-01
-1.152790937040017338e+00
6.049359530401620527e-02
-6.018906809327677632e-01
3.754803833757200948e-01
-5.398386543071922450e-01
-3.621239051798518238e-01
-3.147031061278656172e-01
9.505764766764329687e-01
-1.916288090065505767e-01
1.144996400676691894e-01
8.267235370845073261e-02
4.825077863209354390e-01
1.617288319269937213e+00
-1.920685929202255116e+00
-2.203602210731760547e+00
2.631964192963507920e-01
1.512594679644751139e+00
3.829936223738709677e-01
-1.931907703374613039e+00
3.752297501890348719e-01
2.239900895053996144e-01
-1.041785509639156837e+00
-1.247318511241784611e+00
-2.623522494061632848e+00
4.330336526617622472e-01
5.469210515500136927e-01
-7.038396577513442720e-01
-1.978665914151922223e-01
-5.354716031174382440e-01
-7.395787948597480899e-01
-2.223664480739319382e-01
6.644276641168830322e-01
3.504884608518294975e-01
-1.699194235681712684e+00
-8.614644424377635445e-01
-2.167104555589562664e-01
6.801553872737277073e-01
-2.461251852645850169e-01
-1.540657824156352156e-02
1.694855342718714908e-01
1.871543894742848213e+00
-4.104916113328646587e-01
5.116666345903396751e-01
1.228039130382016619e+00
-3.231736837699542009e-01
1.723668302283010156e+00
2.453190924887335811e+00
8.010684688467886172e-01
-3.046312784241292926e-01
2.002790109930737139e-01
6.762173918496797720e-01
3.230550523127123097e-01
9.219274006873818816e-01
3.056067428910803560e-02
-6.182586429836354203e-01
-1.690753793722207687e+00
-6.006105723039432132e-01
-4.304761814481380955e-02
2.673396624907776742e-01
-7.783629738297100920e-01
-6.440582578838883743e-01
2.131965938672300442e+00
7.689463608933455596e-01
-1.076184214816466422e+00
5.882004763188460883e-01
-7.143900968066226043e-02
4.423541678788017739e-01
7.527846534622794072e-01
2.777689600780337553e-01
2.265546982107307539e+00
2.538499439125743717e-01
4.652706780143948673e-01
8.080654267854511796e-02
1.692156247483875164e+00
9.777347728274796701e-01
-1.500116365033456578e+00
5.075350653154385716e-01
2.607558302198097255e+00
9.349819702369810415e-02
-1.405783430717200355e+00
8.610177535680672012e-01
-6.230862873027489535e-01
-6.135697032207356738e-01
2.316459384256981835e+00
1.107277873078128527e+00
-8.601284241971592914e-01
-1.395565221448021198e+00
3.650913922636186970e-01
-4.989997004697205307e-01
7.964939154636078156e-01
-3.550269527961370519e-01
1.712416964959278393e-02
7.999000226526650215e-01
-3.137697724174079994e-01
-1.314926010576156212e-01
-1.088706831896400828e+00
4.882689855940251511e-01
1.159874860860609536e+00
2.079315609030610190e+00
-9.146976303455711665e-01
-3.897105506608135039e-01
6.902671935800231973e-01
-4.951839505918248507e-01
8.590823858468039642e-01
2.233943176932755847e-01
-4.953127392955022218e-02
-6.055708752441998910e-02
1.563311119414597661e+00
-1.226773075430879656e+00
-1.119852681689997631e+00
-3.752020956223880988e-01
-4.580559094650182295e-01
8.117221500891826091e-02
9.290327088867481597e-01
-9.900056456580760278e-01
3.781428471140527714e-01
-1.198589981740171728e+00
1.471178508320749367e+00
2.488881369666628540e+00
3.779873042966211960e-01
8.311201488775976642e-01
1.319904832793208360e+00
8.079451949569075309e-01
1.477064238946941277e+00
1.872873687790661767e+00
-6.569908856869050018e-01
3.526983219920102886e-01
4.329655450787282533e-01
-5.126386742689199583e-01
1.174656910154387557e+00
-9.470446008772669400e-01
1.443020706965387312e+00
-1.272304000855802031e-02
-7.248125619154892341e-02
-1.316104670974991064e+00
-2.559603019058920848e-01
-9.564938991365308507e-02
2.107919235190250651e-01
1.167970842577768509e-01
3.477342733830663529e-02
5.106965845325173170e-01
1.981151625514115500e+00
7.705349626974450361e-01
5.180406023724688502e-01
-1.375551774161865914e+00
2.128552209389508731e-01
5.327841799791566135e-02
-4.120212618334986310e-01
-1.297154508207507551e+00
8.063944208328429619e-01
-5.398681384297820962e-01
1.790765967378773249e+00
5.373615016490080887e-01
-1.289159185411073771e+00
3.038365451337648460e-01
-2.033520107217074546e+00
1.021794637133896844e+00
-4.382938294794804790e-01
7.246301732575540777e-01
-9.180670496514357071e-01
-7.908119947105497483e-01
-1.187392608532388927e+00
5.135167571997602959e-02
7.229274818887110321e-01
-6.123256237250971346e-01
-5.692148896795887758e-01
1.296282564878228794e+00
-5.763979168101368566e-02
9.894243652700122071e-01
-6.296388093177113232e-02
1.837520414058552987e-01
-1.411586191350877040e-01
9.763987479624740562e-01
1.221512614506097716e+00
-6.474014289210707762e-01
5.430613478164434405e-01
3.554932625170790228e-01
-3.218341461748159826e-01
-5.506031116445272433e-01
-6.477510694705502781e-01
1.410028527694964451e+00
2.291016454771043209e-01
-9.590860922873516436e-01
1.398487984376415083e+00
-1.158546376453487570e+00
-5.879211672073909600e-01
-1.372420067952934142e+00
2.406714457506151927e-01
1.071347475642812519e+00
-5.494035828723045078e-01
-2.203736038976889855e+00
-9.698838193310886646e-02
-4.649637189969870188e-01
4.111224912789918640e-01
8.608696681928863503e-01
-3.223079472458633687e-01
1.597445754803537898e+00
-3.498011269394625256e-01
1.965831104244581518e+00
-8.841430674269226131e-01
-5.630437938575394430e-01
4.805555056522560764e-01
-9.432057137446432371e-01
1.788025140050076567e-01
8.433256031559814847e-01
1.133221069776317869e+00
7.427624943339782293e-01
-5.223130461729400542e-01
-1.441860983883116454e+00
5.751014809734700250e-01
-4.010328935159391262e-01
-9.755519723411123501e-01
-1.874458847412313611e+00
1.584546855932462917e+00
-2.550022113851701522e-01
1.842117392496492201e+00
1.119552890220093522e+00
1.264026829313365796e-01
3.895583170364144698e-01
-2.658872100932517801e-01
1.065114818448336331e+00
5.694055538412874373e-01
8.996999685763453769e-01
8.623254005920595322e-01
-2.442081359485530179e+00
-4.035953569397917606e-01
-4.567782776016059421e-01
-8.413677223079319978e-01
5.145690077326701140e-01
1.903697315201275941e-01
-4.954943779051753094e-01
