-1.445171533381808038e+00
2.472511005385380489e-02
-2.698066535609362937e+00
8.497090808809530937e-01
-4.431741095144856035e-01
9.843040061592807088e-01
1.376898802871012739e+00
5.380268192981697561e-01
4.136242888395834649e-01
-5.685980780434403137e-01
-5.400846472971677636e-01
5.967771427737166706e-02
1.050637856119832403e+00
2.691907450273704150e+00
9.058744517874924851e-01
-2.219582571933541859e-01
-1.525255046002592429e+00
-2.252058294526355642e+00
-4.600760525588961647e-01
3.119205976823976809e-02
1.195249534551500181e-01
-9.045615397977866401e-01
1.216551249901781477e-02
3.480867287693889534e-02
-8.257089099246340824e-01
8.138430756594305926e-01
-1.467312139280011030e+00
-8.148408622182615746e-01
3.724940225266447413e+00
1.342056567820581359e+00
1.704326473089174288e+00
7.345849182336539052e-01
-6.525455984389149089e-01
5.066139413583590212e-01
2.041465518867318085e+00
2.245523360157189174e-01
3.761159941437273169e-01
-1.886965343888909186e-01
-1.185452052719550897e+00
9.238336177984445285e-01
-2.524162645424384288e-01
2.023562802502798519e+00
-2.000266088985848401e-01
1.665595980662939457e+00
-7.127240213730611229e-01
-4.652151284690339006e-01
-9.270724079589623967e-01
5.197760360372337685e-01
4.557474083210703020e-01
-4.864015998278914399e-02
4.608381969807004985e-01
-7.986291792798326794e-01
-1.484964222495355646e+00
-2.780153266366423570e-01
2.903377773283866592e+00
-4.599444693746065127e+00
-1.631400112871683072e+00
1.127453317424439438e+00
2.397158467613607957e+00
9.152914153190520041e-01
1.571326178661300865e-01
3.753898033878824148e-01
4.107150261048588824e-01
2.924841650969974838e-01
1.150134555143847104e+00
-4.212900695995295264e-01
-4.929700888116170798e-01
-2.881341496989253681e-01
-1.461056713174172739e+00
-4.713692080323595435e-01
-1.551661803281851437e+00
-2.834420557535673457e-01
-2.092050720017445631e+00
1.493215020578784413e+00
-1.685410854057272978e+00
-7.663653988858087907e-02
1.455096032741644008e+00
7.219162372289390506e-01
-8.763665679812638887e-01
-1.111254780863330183e+00
-2.692077748455489861e+00
1.424872361743059868e+00
-1.480147778533006386e+00
-2.383914206409951664e+00
4.353992379349558739e+00
-1.395405762732346289e-01
-4.798745918141750777e-01
1.955707601987729527e+00
2.646374147017498957e-01
-2.552447011315885028e+00
-3.762176658840592214e-02
-8.171217829027667134e-01
8.340119606193998614e-01
3.388575052393036913e-01
-1.216234633468503468e+00
1.500480422248750001e-01
-1.026738566846413070e+00
-1.618337141955273228e+00
1.582463647322124300e+00
1.705494933503787669e+00
-1.535284909554729182e+00
1.337886155840267044e+00
6.440235005357937137e-01
-9.136514831415447624e-01
-9.916062844540577403e-01
2.246847759522889287e+00
3.204846985915071889e-02
1.380656704459688022e+00
-1.381644324202790930e+00
-3.968295428146520476e-02
-3.795650338487192021e-01
3.543368351619130552e-01
-1.087892969707172641e-01
-3.489018144940781441e-01
1.081314304960367734e+00
-8.459233729364978860e-01
-1.827407272623983392e+00
8.963809367461750277e-01
7.420275907287048334e-01
-2.189032727630933484e-01
2.241190816042550882e+00
7.798916638376235388e-01
4.852735921479676140e-01
-2.525169409952811694e+00
-1.388609103094609887e-01
5.790981734156321892e-01
2.149723785314508362e+00
2.559543999906156442e-01
7.180387950229936977e-02
1.854815215222742619e-01
1.673150478926031415e+00
1.172425686927094507e-01
1.130713050027805089e+00
8.975416865381070641e-01
-7.296926604836170283e-01
-1.029387157435934341e+00
9.147162477120765467e-02
-4.297257830385469157e-01
4.934439900759426956e-01
-6.359175888237369456e-01
7.874381431558696853e-02
1.033762429541682071e+00
7.064488662600840740e-01
2.134379886370544099e+00
1.304417421304814972e+00
2.138487044878587096e+00
-2.975243976241538135e+00
5.275790451297681649e-01
1.526629896786120266e+00
8.830903879361202691e-01
-5.298617730841865381e+00
-6.520729308813536518e-01
2.388585869694143771e+00
-1.301939124258844060e-02
-5.144990494498711264e-01
-1.187134500317132746e+00
-8.053137978998002877e-01
-6.730027842223611501e-01
1.629286897621735841e+00
-3.077100539716033367e-01
-2.149804235439136679e+00
1.069826251105686854e+00
1.098042267110749703e+00
-4.257143977258768253e+00
-8.507032828424263560e-01
-2.117408741183988141e+00
-1.462346392064074907e+00
-1.459034722565157427e+00
7.339134178438645462e-01
2.174892259775998760e+00
-8.663919074016951383e-02
6.657716502876565023e-01
2.689904678597190291e-01
5.217573125064203232e-01
1.401261587806888365e+00
6.626981962043594354e-01
-1.263657083425645533e-01
-8.675198504970027535e-02
-9.211804901822799596e-02
-3.413612475236127430e-01
-9.663265491574080102e-02
1.485586958216738029e+00
1.759085560246509417e+00
4.851091869712462201e-01
-2.338674399016302363e+00
-6.659079575314950095e-01
8.363025051232555462e-01
1.849469018354220895e-01
-1.946813808403963453e+00
2.078145583236609806e+00
1.110320810296582694e+00
-9.898602060277894577e-01
-5.559038801377046424e-01
4.735467132174684401e-01
4.106752044506357668e-01
2.029362235877957832e-01
2.663552567771356294e+00
1.080822275334686333e-01
-2.460490233134144944e-01
1.401674708832962857e+00
8.294545858788737736e-02
-1.216642610189983209e+00
2.196400095677411901e+00
-1.528653631512614242e-01
-1.119052017971877921e+00
2.380433111052095541e+00
-9.238422735550860798e-02
-4.207277007805160229e-02
9.345087480357823218e-01
-4.243080748505740907e+00
2.639040983000342511e-01
-9.006679017504108931e-01
7.286157298576777519e-01
9.777665599193104962e-01
-4.785549059897920565e-01
-1.617643196780881309e-01
1.085545228535175211e-01
-8.837227080154658188e-01
-5.627749533551071326e-02
1.005912159161934882e+00
-6.320050969203542257e-01
2.838677853896819925e-01
1.578071100515793912e+00
1.389316723631811579e+00
6.792539174140213021e-01
5.656447676602085473e-01
1.696516121130879462e+00
1.097575005018415650e+00
1.250425872454025145e+00
1.036590793782182551e+00
8.330437334998619381e-02
2.191630709643035857e+00
1.205813756921231938e+00
7.495001543134438560e-02
2.563323305497201554e-01
1.465036372233700535e+00
3.321568661534726741e-01
-1.036103462701102984e+00
2.560577601215431875e-01
3.747369935398481289e-01
2.035423880141427055e-01
4.499221529898778105e-02
4.160588564194431238e-01
7.174709335299840340e-01
-3.045369536159979740e-01
-9.633076262551258651e-02
3.419234032162153936e-01
4.255352617752962141e-01
2.055955047790822832e+00
4.144153496791297409e-01
1.332391174615993767e+00
1.610423998403928803e+00
-7.076088272863384487e-01
-2.933505066419904939e+00
-5.149987915628229107e-02
-5.885751873941682394e-02
1.083677677346842838e+00
-1.977221688817849987e+00
2.428291383859916941e+00
2.156578213392208898e+00
2.412172909182574987e-01
-2.200827231239377568e-01
3.516457142937536862e-01
1.101104481089492992e+00
-1.370955041922750084e+00
-3.642726530878028779e-01
2.185869221825327280e+00
3.995857587326913096e-01
7.717972241340273598e+00
-8.260752033761041557e-02
-3.589121029956004350e+00
-3.916513959029144232e-05
1.785443721026430453e+00
3.589033753900976176e-02
6.001758985641278965e-01
-1.266116023606376428e+00
1.946030190508382107e-01
-2.967527746020063861e-01
-3.019304678788472973e+00
-1.010226423767695003e+00
2.612078182609808952e+00
1.048598464013306586e+00
-1.877989378932205078e+00
-1.551716677309795456e+00
1.465021910570339481e+00
-7.248438059450458271e-01
-6.669766002429379226e-01
1.101247392513181600e+00
-1.953635472399665840e+00
1.452243016596179159e-01
-2.055257643078453267e+00
4.995412740121980139e-02
6.729513770328752198e-01
-5.916639643289631767e-01
2.382268007512449992e-01
1.241365091717913094e+00
-1.515987240051780205e+00
-4.388018313625649536e-01
-2.361248777215301797e-01
1.065015003994829401e+00
1.675373774962260365e+00
8.751166650679437220e-02
3.938074613511154398e-01
6.729814526376107775e-01
-3.273424064320444860e-01
1.091178965128196676e+00
1.026937028336901481e+00
1.026851979576932861e+00
-2.118030430326530045e+00
-1.059023862620721568e-01
-3.713464424923986762e-01
7.554174888265324794e-01
-2.040934982983055868e+00
8.018012819758590926e-01
-6.641342270412060600e-01
-1.124514442971842332e+00
1.679659372720021304e+00
2.287176663847693692e-01
-7.945060625786040109e-01
-2.633070633653174508e-01
-3.395320823000931298e+00
6.616235191144703709e-01
-6.879671318664253299e-01
5.283523085956782772e-01
-1.817991174746967920e-01
1.817394080933860234e+00
1.025089190189438337e+00
-6.759524862530649214e-01
-1.168151073324887879e+00
7.561228943889957144e-01
-2.128027459778667196e-01
1.560538051000174287e+00
1.398040230225957803e+00
-4.645428169013734454e-01
1.832470424879731885e+00
-1.354972563161387367e+00
6.856194092079106461e-01
4.062110131564068638e+00
-1.231138566434295950e-01
-4.695831024513061891e-01
1.145715924159925958e+00
-2.142912925479609765e-01
-1.460938223832641381e+00
1.096715673769126820e+00
-1.133381946688049702e+00
1.381976235101108230e+00
1.848002329764976581e+00
1.048269034808430700e+00
-2.068447809320745012e+00
-1.282013787425282825e+00
-1.701714803935455933e+00
-2.237740909238253029e-01
2.863812997432706453e-01
-1.469178109376237495e+00
4.194515155011547813e-01
