-1.349020908010547526e+00
4.735732497345357395e-02
2.628586399794784478e-01
7.642217572384157886e-01
-2.253144139897452991e+00
5.228894258470284662e-01
3.497887792821636754e-01
6.540649364683135403e-01
9.420648643971007985e-02
1.199164148020352982e-01
-8.728436614580248332e-01
-8.104134563038252193e-01
7.610621464855056306e-01
-1.432041382858459500e+00
-1.469067641793935231e-01
-6.965595354039515463e-01
1.482707958189837250e-01
-4.999194660791883571e-01
-9.957341546697269230e-01
-2.477954200802010565e-01
1.638147722074843049e-01
-3.169392109690618575e-01
5.470601937091033040e-01
6.535705752550857728e-01
-6.928594446009019858e-01
-3.843851332289549561e-01
-2.452662819914297465e-01
3.435586002342159162e-01
-7.305025390252037898e-01
-7.116816404283712316e-01
9.417797929315485650e-01
-5.463019632357308808e-01
3.845539698794304684e-01
4.713422888623381990e-01
-8.304876066188524586e-01
3.464570993616642447e-01
9.051304074858252946e-01
-6.523411880176257505e-01
-9.354010067923423932e-02
-2.292451781116628950e-01
8.188221331335350239e-01
2.189826007169548561e-01
-9.930589972450032388e-01
4.308755243186854766e-01
-4.433907888884298654e-01
9.518046290311501512e-01
-9.019688826847789276e-01
2.765157156224179458e-01
2.276264025886365339e-01
5.916329500281234388e-01
-2.084233545025560019e-01
4.657276062572520692e-01
1.064061029552598736e-01
-2.788224701020378671e-01
4.719759464408601057e-01
-4.271293678597023469e-01
6.201389704808990544e-01
-3.693616068360006111e-02
8.874143800498341950e-01
1.391746594175748974e-01
2.164718166272496802e-01
-1.796284379168660683e+00
-4.066940533090170895e-01
-7.286405079560873688e-01
3.940347171512750268e-01
8.667841613036878501e-01
2.630762744279491194e-02
1.142481656726412886e-02
9.141667606737506890e-01
-2.087917401498733394e-01
3.656518206023668949e-01
-9.274225943314453602e-01
4.554581873205784670e-02
-9.390441320610309894e-01
8.973707412861982036e-01
-2.741478011951035132e-01
1.198524302731719615e+00
4.570915765888238225e-01
7.970526466385894349e-01
-9.159631760684536772e-01
7.553514838208763571e-01
4.117404184240582854e-01
8.254178904635289804e-01
2.993124259592420344e+00
-7.045374584104517890e-01
4.494897281571561543e-01
6.676232702051714263e-01
-1.887654026254642070e-01
-3.574262633917528742e-01
-4.426122204647637837e-01
-9.611776716705902057e-01
-1.143628699743101107e+00
-1.978747922044135965e+00
4.006431897012698862e-01
-2.053250031222939587e-01
-3.985240598561130554e-01
3.636600247394654595e-01
-1.571562677558000498e+00
6.517324669712241114e-01
-6.490414547731493400e-02
7.759080004890162030e-01
-7.186183926951044132e-01
-2.363567505130765856e-01
-1.109867888594883611e+00
-6.475286938529276615e-01
4.835090267780328688e-01
-9.816968497762474932e-01
8.370839104420824128e-02
6.805955412956350425e-01
-5.981709747488588302e-01
-6.829949659871672463e-01
7.547169602605596772e-02
9.575708911397138312e-01
-6.147248545258093833e-01
5.330739013506815560e-01
-4.443578346951471136e-01
6.233798902941833919e-01
1.601724770806259635e+00
5.764796277566848204e-01
-3.601871465943966566e-01
5.231612400460554646e-01
-5.042928249369389437e-01
-6.155504136194567266e-02
-1.115275978361399023e+00
2.718023814850027975e-01
-7.286111223886488908e-01
-3.965978132926961663e-02
-9.139475085348520711e-01
-5.553114045440121771e-03
-8.228159349851182913e-01
-4.342661650093583292e-01
-6.809156113370751218e-01
-9.756754610278475237e-01
9.513959067209869502e-01
-2.034298305700510401e-01
-6.578419621489786095e-01
-7.610111730869824065e-01
-5.927197138266913079e-01
-2.810739487038680373e-01
-1.437852689843472920e-01
2.885691671497214728e-03
1.592490984990649450e+00
-8.802793306176703858e-01
-4.524298459841167297e-01
-6.907489785753595513e-01
2.415942104120143430e-01
2.078967309635828542e-01
-3.203136834259301402e-01
-1.178450211368062273e-01
-5.099202876463773126e-01
9.833495094188551278e-01
-1.790484104368368357e-01
6.987520128972344313e-01
9.726143059318999029e-01
2.855322903291601655e-03
4.557444022562203712e-01
1.612354048779416349e-01
2.661694214988263862e-01
3.590413364516955586e-01
8.889946134385451337e-02
-1.247691943833318384e-01
5.531412202279948342e-01
-1.500274626731490368e-01
6.528701925580531196e-01
5.171087690174938079e-01
2.712569908648525541e-01
-7.514286773834695232e-01
-2.254291840283163317e+00
-5.754539937623337487e-02
-1.709009560642133607e+00
-3.474875003003936591e-01
4.221642946519259532e-01
1.231819307196768021e+00
9.523469322267281711e-01
1.265346654919555336e+00
-7.400351958862414481e-01
7.926020477724387003e-01
7.994911541292060164e-03
-2.974251956706597255e-02
-3.455040963785873664e-01
1.514595198246957874e+00
-3.147448821981275735e-01
-7.799967488837828977e-01
-1.763967670536974452e-01
-4.360862540841947688e-01
1.152372476721554850e-01
2.475166850289061138e-01
-1.850034467863582943e+00
-9.475024601467375573e-01
-4.979647437550474010e-01
6.486656282623610714e-01
-6.831447593597983481e-01
-4.797689676823388982e-01
-6.810765161350127439e-01
7.768379819651936025e-01
-9.852772092284578509e-01
1.649115187451086761e-01
3.807165740057918413e-01
-5.443151723557579924e-01
-5.174532638981432786e-01
-4.403809401965823600e-01
3.610258035615065975e-02
2.163756757460906233e+00
-8.289250456114460874e-01
-5.579442984162037433e-01
1.248420995435273184e-02
-2.827653030115020449e-01
1.148553100111709968e+00
5.535591290474279891e-01
-8.642003794405495043e-03
-9.925469351653248840e-01
6.849039917848878112e-01
-9.701776118909568591e-01
8.504794324440521081e-01
-7.974180338934151457e-01
-8.846642326984621718e-02
-2.142114257192662130e-02
3.726822400874054697e-01
-3.734731700505813379e-01
5.387706813079138346e-01
-1.439036461957403645e-01
1.822760988460024878e+00
-7.191334202070116532e-01
-9.340155585803189275e-02
-5.499162616329495989e-01
-6.990580076104351281e-01
7.999200124382277455e-01
-3.203420492522801588e-01
1.808972947226381578e-01
-6.924890357897428572e-01
-1.664185478310182820e-01
-1.481456685839360077e+00
-5.552526077369401847e-01
-8.422167228665200511e-02
1.590489795475473755e-01
-2.840064004195099745e-01
1.669341655332114982e-01
-8.772952259810897768e-01
-9.085787753531009425e-01
3.128476299691853590e-01
1.488299396719203749e-01
3.788184231333529550e-01
-6.230256921371941647e-01
-6.064254719938093618e-01
4.985814686984979538e-02
-4.905266261462906119e-01
-6.563430335053466180e-03
9.922189521215938335e-01
1.288729680028157798e-01
9.987139988716702277e-01
8.441361665422930649e-01
9.205661162993818980e-01
-4.954722317312065805e-01
7.433828095884171816e-01
-8.523087495337333674e-01
4.916902422312554588e-01
-8.015727862083736888e-01
1.425260612616639389e+00
5.513140963274663076e-01
-1.144330248465497135e-02
6.209840306193554760e-01
3.012572316369921399e-01
5.782883719229556796e-01
1.497543650932211534e-01
7.148547672167542277e-01
