6.303037399753186332e-01
1.743684833533163392e-01
-1.969704150450324320e-02
-9.347035975680753062e-01
5.895991665331286047e-01
1.897743626931065464e-01
-6.706875006891742652e-01
-1.638631501459490991e-01
9.471302834351098543e-01
4.391073760524233371e-01
-7.201364296342949167e-02
8.714097792107984297e-01
1.836253732177640874e+00
-1.337195715723947798e+00
1.811685260131947750e-01
5.783650076881190483e-01
-4.106097858975914505e-01
1.863155143308421469e-01
6.405082836279252234e-01
1.504081289977958757e-01
7.680158943855690534e-01
2.631141742798077665e-01
1.662228378493433301e-01
-7.360801379277925882e-01
-4.689007856887437153e-01
-2.751379156080013821e-01
1.626180585889474006e-01
-1.043332529365568861e+00
-8.372060873925888380e-01
-4.989627458503755886e-01
-3.329417848918764911e+00
6.283938187782298623e-01
2.053945055096764172e-01
-6.295447032277471378e-01
-1.778556298804207625e+00
4.783632067876288918e-01
3.351851902568878661e-01
9.734233224289583486e-01
2.107600929215683649e+00
2.472055587559560674e-01
-8.418246152011390482e-01
-5.887065321690796438e-01
-1.804623050726215649e-01
1.587405837841135980e-01
2.122947438288272703e+00
8.840604023237552678e-01
-2.010302247059094327e+00
1.853244365937023463e-01
-7.203195108526960766e-01
-4.575816142761732763e-01
6.789243807121696506e-01
-1.270542008697202574e+00
-1.966538554787402582e+00
-4.493072989356114988e-01
9.082378597744076298e-01
-7.274261780437036862e-01
3.029806016638749711e-01
1.390716453070640624e+00
5.414204207093888943e-01
8.652353084521273718e-01
-2.817566361210890324e-01
2.932530277036567989e-01
7.106855008734069834e-02
9.538409327896628653e-01
1.165834510450849404e-01
2.056875618879432654e-01
-1.593519366967799389e-01
-3.985383002498190663e-01
3.650047834347355247e-01
-2.760136746372391592e+00
7.387899081925437539e-01
-1.969840971880227887e-01
-5.039534439910819952e-01
-6.884389285438148320e-01
4.278219374888643234e-01
-3.806125770898960425e-02
-5.124587766155199731e-01
-1.614705899814151691e-01
4.709527026305695419e-01
2.243113052961914988e+00
9.717812399972236559e-01
-4.396426750746071921e-01
4.093942308403948349e-01
-6.404344296102209011e-01
8.588994869251713737e-01
-1.739939437057991256e-01
5.533902409215480933e-01
5.197347809169389210e-01
-1.737364196563364604e+00
-4.248847973939910982e-01
-2.718213711451225478e+00
4.091205738760723687e-01
4.727467163702772091e-01
6.531622281746121139e-01
1.853454616723862136e+00
2.422452786399141633e+00
1.534585147005880668e+00
-8.652963145117342769e-01
-6.999290547800804951e-01
8.934279685927659642e-02
-1.698528470170759808e-01
4.562060335559119384e-01
6.973278339510899926e-01
9.287325244685595838e-01
6.231786454037864242e-01
-5.239021215044896707e-01
1.002422096420400699e+00
1.513446083871007763e+00
2.857479723796680915e-01
3.900780709354969567e-01
1.319645889901146951e+00
2.434424350598562548e+00
-1.203271476968355014e-01
8.569543687928204978e-01
2.351066720323352843e+00
-2.992076231016088661e-01
9.307951072797713277e-01
-3.051044237145308369e-01
2.884577519961779579e-01
1.987501725247618811e+00
-3.247529513192157768e-01
1.829857620811530805e-01
-2.612346572119963461e-01
8.496951015795002338e-01
-1.643593622104214225e+00
5.130528034993420139e-01
-1.977151097287170423e+00
8.775586787195444050e-01
3.614384769728149482e-01
-1.622513570595985444e+00
-9.508908000811360228e-01
1.055312539178020259e+00
-8.558079763318118260e-01
-2.353717590232931922e+00
2.082633879535577215e+00
1.136044669520649864e+00
-9.417108739777431126e-01
6.598430607876097920e-01
4.556899579469897432e-02
9.957157583768431186e-01
-3.495137792156881584e-01
-9.296930374637946137e-02
8.872909102723758323e-03
-1.840583783876523771e-01
-2.527779261334983651e-01
1.513688006239033212e+00
1.601184355540626658e+00
5.133703702715447514e-01
-2.866117437513721056e-01
6.707041837495502090e-01
5.153713168846718595e-01
-2.418234600882911423e-01
1.365737700846021418e-01
-2.162028392787323394e+00
1.046446096974293472e+00
2.208443352230031742e-01
-1.098165210718151208e+00
3.315921030423418792e-02
1.210326389250324208e+00
5.210455776980071896e-02
4.982677725023310078e-01
-8.503562924219703056e-01
-3.623838748418648503e-01
7.797535991226467456e-01
3.460700541199372982e-01
3.338408425305885441e-01
-1.160685877327471305e+00
-4.574521205347463759e-01
1.551512026197611194e+00
-9.983032011836678876e-01
-8.631316112694689124e-01
-1.803929183750021537e-01
-1.113462034948675017e+00
-6.278773858917392481e-01
-2.045516912103523932e+00
-3.895120995793810437e-01
-3.342350697356097911e-01
9.679363604202622096e-01
-3.390794958370990653e-01
9.930030397230884542e-01
-9.527373844030548877e-01
-8.610594379227376471e-02
-1.448819673893402271e-01
6.570479800411485050e-01
-6.499041746520555218e-01
-7.968916282582707566e-01
-1.812377466246492652e+00
-6.006508581367422384e-01
7.679360944497091168e-01
-9.529134236220657694e-01
1.564953501742079034e+00
1.622328147038794022e-01
1.496457026279839564e+00
1.571654391627778313e+00
3.537342563517142935e-01
8.022227277602222983e-02
1.595977290372151192e+00
-9.745087226455002583e-01
9.319974936905981444e-01
3.104085360906944091e-01
-3.911156041405908779e-01
7.818806181965243240e-01
1.127960184072805294e+00
-9.019605884238459659e-01
6.523823677900852935e-01
1.287425203795706796e+00
-6.165198550576089787e-02
-2.648826620257325182e-01
-6.400421472361510489e-01
-2.763132307354987938e-01
7.518644325304923992e-02
-1.218148780831278533e-01
-8.116117041764077111e-01
2.669786044710915185e+00
1.059866342037030673e+00
6.123004512263703347e-01
3.971011594295801306e-01
2.378645347818549638e+00
-8.580566451080863244e-01
2.281645608459899055e-01
-7.014281685230661090e-01
7.984532766047891528e-02
1.082951186196750015e-01
-3.394820947574838099e-01
-7.507343631474276968e-01
4.197372638266962941e-01
4.587942847976960170e-01
3.266718308325637921e-01
-1.967627486034789541e+00
1.667597025344542239e+00
1.255998960211611948e+00
7.808399983505254216e-01
7.971939963494389936e-02
2.608581277544002042e-01
7.215760717129771074e-01
6.610783743765646925e-02
1.302788280645846175e+00
2.240467111718918325e+00
-1.183286794770959771e+00
3.951569432752867761e-01
-2.147641934451007817e-01
7.797280489463167541e-01
4.168829613841307236e-01
1.214355597285538962e-01
4.036722383731831343e+00
-2.897069236974647577e-01
1.771347616315824380e+00
1.740140269044109678e+00
-1.159167079387713573e+00
-1.757976893114292505e-01
-5.265921679289102819e-01
-2.241208872815781739e+00
-9.491246632050678311e-01
2.983436723825232395e-01
-9.532034179256543283e-01
-4.413550318037851028e-02
6.102915421121291040e-01
-3.981719266862084883e-01
6.530647865078796910e-01
-3.263724002355946618e-01
-3.740909980540153001e-01
1.529101556543663420e+00
-9.917552693575558687e-01
9.269172909103238212e-01
-1.021343371032771508e+00
