-8.271695112482665979e-02
2.504036171184413018e+00
-2.834669320537734349e-01
-7.493501509048077214e-01
-4.192825692489022260e-01
-2.343218752352030254e+00
-9.797939007510834131e-01
2.796307944245434232e-02
-5.366788223352031428e-01
-2.335626203677669266e-01
4.261237482144702993e-01
2.108572071885828902e-01
-5.797419140758995615e-02
-2.138956315324957724e-01
-9.900523277716806458e-02
6.037165156478618844e-01
1.366344942120643946e+00
8.320368221718066337e-01
1.453187380639910931e+00
-4.855367047211715525e-01
5.204157844045385938e-04
-7.389087998317425687e-02
-1.777742881478261150e-01
2.516100835709402239e-01
1.014139712854481790e+00
1.201209010006447420e+00
4.224065700390464695e-01
-8.560364266194249172e-01
2.324692330957390807e-01
8.906447535040032948e-01
-4.607547390571527512e-01
4.608316886847820260e-01
-7.109515824579774046e-01
1.188324118377703797e+00
-1.736689682805844237e+00
1.109044610389145147e+00
-3.474637484228463302e-01
1.001737076218603084e+00
2.329052998197336688e+00
5.712496146760965843e-01
9.429361479710478555e-01
1.196988113664800846e-01
-7.180766637383201312e-01
6.106075152653753779e-01
1.510042645936468864e+00
8.878354240321293389e-01
-9.297193320741827804e-01
-1.250232088419874987e+00
-8.679594947820699069e-01
2.113065628684238917e-01
6.713111440495996840e-01
1.500789308269682820e+00
7.961715118774710387e-01
7.474872411018166352e-01
-9.352932474329642698e-01
3.003320938161319620e-01
1.529650533874453266e+00
1.902252131685790548e+00
6.695081711458888973e-01
1.290901269426538489e+00
-7.405875489069675410e-01
6.603946672855860733e-02
-2.572824286969317420e-01
3.023129195256655799e-01
-1.818346186034292655e+00
-2.595285125413330229e-01
-1.252962632999370607e+00
5.429234117010391936e-01
9.101471866896408969e-01
3.518780809626682049e-01
6.887637689683823172e-01
-9.603944503345179795e-01
-8.733036060693941116e-02
1.558323450745856986e+00
1.371277736285595905e+00
-1.667877780146441724e-01
2.576834638943721889e-01
2.301152892269826833e-01
-2.747149162518359167e-01
2.666330986713913997e+00
-9.655685357030774352e-01
-1.226699619539169950e+00
-1.217898812092659933e+00
-1.343586223913274091e+00
-1.361778189624798241e+00
-5.424750446573874813e-02
5.124133335238092446e-01
-9.899543295409444221e-01
6.791672339902994349e-01
-5.522104321553970019e-01
-1.759170557231376053e+00
2.552774571485920685e-01
3.862148658008913993e-02
-8.760516392548563236e-02
1.018855115688495072e+00
1.680910453686715322e-01
-1.281743213903356882e+00
9.644656696247622119e-01
-1.024121623745858356e+00
5.810959920409263235e-01
1.125779608937427678e+00
-2.115141838334677615e+00
-5.846676753167285856e-01
-6.153208522311162110e-01
-1.399804121996256034e+00
1.208202558289767775e-01
1.299614873616931066e+00
-4.651961610404031777e-01
-4.050137785794566958e-01
9.077356746444962265e-01
-1.244244137232116687e+00
-2.083505909509544729e+00
-3.556088302519814781e-01
9.999428265939466765e-02
2.089673756288401130e+00
8.633503963664346248e-01
1.862223569693431946e+00
-1.258687102889232357e+00
1.021680161945892756e-01
1.026456181297772247e-01
8.415703226830258954e-01
-1.419206541035543001e+00
2.914940611199616782e-01
-1.325766389703689763e+00
1.537625027230652142e-01
-1.170746829236990694e+00
-8.304202521420349647e-01
1.836307389660844391e+00
-3.922829739510017011e-01
8.928984079358791570e-01
1.380443434833980243e+00
2.017398725952319616e-01
-1.421168748906423307e+00
-9.166950453783716535e-01
5.725291718854992329e-01
2.766651883623287289e-01
2.036406697606440719e-01
3.007430398924513804e-01
1.184819117106171715e+00
4.461158291700624279e-01
3.526785926080190925e-01
9.719729805482766327e-01
9.290186337708361553e-01
9.851715539435036417e-01
-5.859270178500231019e-01
-7.844434899094419530e-03
-2.278841187223877018e-01
-3.064959919048431125e-01
5.138517124311283713e-01
1.473222939012646115e+00
4.901678250285076421e-01
-1.330930052178692646e+00
-1.926279950832949627e-03
-1.100457303058379521e+00
1.503825896561026054e+00
7.852548320588831343e-02
5.466497596118097269e-01
-2.012039070303611066e+00
-1.388888897573927195e-01
-4.557103732829459464e-01
-9.812999900733164471e-02
9.060944555949101975e-01
-6.600235221399944896e-01
-3.210373132279659147e-02
3.284601761044834145e-01
-1.610161685921860819e+00
-1.589263371780926803e+00
5.873930425337925421e-01
-1.340591432928639248e+00
6.889956710522537886e-01
7.674886664241948875e-01
1.479338595619258845e+00
2.861958183345873485e-01
9.149411475293871554e-01
4.033057828640712050e-01
-1.807315236820440152e+00
-3.111192801513277817e-01
-1.622855541899087983e+00
2.095226765051458440e+00
9.053056418914585679e-01
7.823043933722569898e-01
3.503162368312260910e-01
1.215050854442371264e+00
-3.185597205689277844e-01
7.204579605227123817e-01
-3.676564347218101020e-02
-3.625875429582384873e-02
5.338249609234632098e-01
6.611399296488469357e-01
-4.026256746126048447e-01
1.008720489388453379e+00
6.087977459798494806e-01
-1.658529480294010261e+00
-1.363951402391848200e+00
-5.018228284112068449e-01
7.292248243121226547e-01
-2.124257042700338882e+00
1.383931842517108546e+00
-2.117331249575230279e-01
9.386890340626806717e-01
1.729088088079494545e+00
5.255069485012806713e-02
4.981287156286929307e-01
-1.531943876559031414e+00
-6.725222554199776770e-01
4.287427823631561052e-01
-7.450279257336938077e-01
6.018900110224265632e-01
8.238607660198515870e-01
-7.255662552334529725e-01
-1.705809206234669695e+00
1.182793454150487644e+00
-4.484540344414786883e-01
1.812081678407227447e-01
-1.795723465792478102e+00
-3.240516006702713336e-01
-4.279450208580456994e-01
4.723451606583571882e-01
2.025476428630948789e+00
1.421887108464888749e-01
-8.916473777720093086e-01
-3.323310195221485519e-01
1.807951297763139120e+00
-1.332231137096947793e-01
3.145025558612699168e+00
-1.592832260414182910e+00
-5.972608722225896116e-01
5.382788624943690703e-01
-5.927545776704661318e-01
-6.172292535916864553e-01
-6.651440966073821626e-01
1.377655751809722551e+00
-5.440238874776991418e-01
9.794768373785466276e-01
-3.425005307712742364e-01
-4.499700931732451004e-01
-4.282347554610489992e-01
4.960509599167242656e-01
1.208047602337475102e+00
4.136326444260881585e-01
-5.504107359190234527e-01
-3.415765240713908857e-01
-4.702548289646904522e-01
6.312943506424232298e-01
-1.551813849451651128e+00
1.280380544238653773e+00
1.230214559692100335e-01
-7.992428153219665043e-01
-4.908860590636941468e-01
-1.644821857818675293e+00
-3.929173372226434785e-02
1.588509134416405955e+00
-1.164641891278415997e+00
-7.497730894172032201e-01
-1.259012967573415631e+00
-1.202134327786398005e-01
2.372739642541798477e-01
1.876691601029463474e-01
-1.572972638854019944e+00
3.219481650154314978e-01
-4.984616625656451694e-01
-3.291206931258603419e-01
-2.872169989188189110e-01
6.201403644814996730e-01
1.729873738563286523e+00
8.148860691875198237e-01
-1.143666820836511278e+00
-2.371863427285634818e-01
9.751794997569184220e-01
-7.562576873011590539e-01
9.402825433083761286e-01
1.841594327359479533e-01
8.269985668257661127e-01
1.173017092686500673e+00
-8.875892032809604704e-01
-3.611423292483142977e-01
2.660783356240300712e+00
1.678976255435238985e+00
-2.357842839469642127e-01
-1.667513157774701105e+00
-4.151836569178483094e-01
1.558288496016373870e+00
-3.062030282104153955e-01
1.277305373312664916e+00
5.689416646932257127e-01
1.693364538299699129e+00
-1.724548661514925252e+00
1.570267359920746730e-01
-2.224033470900068643e-01
7.960488204460712813e-01
2.990959023701847963e-01
-6.705691299149043605e-01
2.912384714105503147e-01
7.469365884261237598e-01
-1.096338846680606355e-01
-1.660178738450141411e+00
5.185449957383388986e-01
-8.322469811419911379e-01
-6.705420428701106550e-01
4.791605450158775703e-02
7.055477502542195634e-01
-9.408682421154711539e-01
-8.955271946646480297e-01
-1.370638389222998965e+00
-1.913571472905522264e-01
4.833075272005691314e-01
3.356070110653599503e-01
4.917737458882178170e-01
7.490471528865227935e-02
9.149021329333609787e-01
-1.490420426034323897e+00
-1.456421302997075395e+00
2.009085831403467193e+00
2.402207914383422960e+00
-6.913914199645510017e-01
1.000000000000000000e+00
1.729873738563286523e+00
-4.492184773446150081e-01
1.043986470402414657e+00
-2.780065706151249039e-01
-5.712137430667111326e-01
1.000000000000000000e+00
2.372739642541798477e-01
1.000000000000000000e+00
1.008720489388453379e+00
7.273281366690297345e-01
-1.230762989155054665e+00
1.000000000000000000e+00
-9.352932474329642698e-01
-7.015705826972993275e-01
