-2.075004198337333960e+00
1.350962333392835557e+00
3.859014096288305495e+00
-3.958727174270227689e+00
-1.328066704523207520e+00
-2.532854065973211277e+00
-1.313434034719517696e+00
6.682775984531603708e-01
1.913706415545784578e+00
3.317058715213526021e+00
1.126988249736499137e+00
-1.775272784453012065e+00
-3.301345603118225114e+00
-4.397636458249053470e-01
1.556165077898133964e-01
-3.799146338365776643e+00
-1.760022998793778548e+00
3.525013808028216289e+00
9.257102309729245970e-01
-1.437912700126078969e+00
1.982935201852101814e-01
-2.851983642367228455e+00
-4.766994957459612658e-01
-1.379881062515472490e+00
-4.349735273304109473e-01
2.852808767072192442e-01
3.173852057885274025e+00
1.447261106036919487e-01
-4.411181063021881066e+00
-1.125305927234519832e+00
1.434470348762100667e+00
-2.056784966289065597e+00
-2.084556875449002256e+00
2.429752495739419538e-01
6.393678289656596903e-01
-2.734431602672068973e+00
2.283586470179101990e+00
-1.958240247879342366e+00
-4.302117957483583055e+00
2.722788551897461939e+00
-3.669974640683982825e-01
-9.184183869803375089e-02
-3.081896834053817091e+00
1.642901582948994577e+00
-3.175475134183287196e+00
-1.434338916117248619e+00
1.479243547171121387e+00
-8.646639321098126274e-02
-3.031992327509459351e+00
-2.926986679235424660e+00
-1.344917263176453437e+00
1.364628311133296634e+00
-1.430162461700537069e+00
1.243975905777350954e+00
-9.323099026300427639e-01
2.333212482694873913e+00
-9.926011561540964978e-01
9.932679143595173343e-01
-6.433842933440598877e-01
-1.176560532880122079e+00
-4.081753902878111795e+00
1.228403090918212814e-01
2.175360590815953454e+00
2.557996518683882226e+00
-1.197510829250343800e+00
2.054635260747836423e+00
-1.106729938105170064e+00
2.825557872488424493e-01
-3.369683167368676457e+00
2.592696884506663579e+00
-1.160902081235292815e+00
1.085863439477595227e+00
2.227180596854934080e+00
-7.609318447457646961e-01
-5.964389704411243720e-01
-1.009216328341804969e+00
4.094225126673403103e-01
-2.264946429094005786e+00
-8.492743177635881935e-01
1.047970095230951193e+00
2.972311601479080689e-01
1.007584397029281487e+00
-1.321970650277275450e-01
-1.830610654846971830e+00
-2.665158898441640112e+00
1.497285553504560385e+00
-6.313425426782011129e-01
1.500826072570013547e+00
-9.146950439058262328e-01
-1.146223262386061759e+00
-6.600367456003174427e-01
2.172893066836406040e-01
6.700773340741713602e-01
1.051028918673065027e+00
3.076745061696574135e-01
-3.076006290939130583e+00
-8.739639967750240102e-01
-1.484601726775478303e+00
-2.710410332043274195e+00
3.893232890926546563e+00
1.207405132851126828e+00
1.842753506554353438e+00
2.136239938554302942e+00
-9.074108644707259419e-01
-6.797672767770455149e-01
1.305741257983035419e+00
-3.884372812113609519e-01
-9.499808027750429318e-01
1.948530017188626839e+00
-6.007362052643125949e-01
3.169937794699429379e+00
3.304745559923035980e+00
2.509555862042271990e-01
-3.192225289557654833e+00
-2.675462492654010482e+00
-1.587537677965400462e-02
-9.179159349743999385e-01
1.493849936547144930e+00
-1.695019136321712416e+00
9.860452000779365012e-01
-2.575560883906045651e-01
2.900079918150165526e+00
-2.644514167936907079e+00
1.506535998666215459e+00
-2.154064866347390472e-01
-8.036499785143236263e-01
2.855787299640065502e+00
6.974235888884376955e-01
1.104632741265336282e+00
-9.388304181867910270e-01
-2.182964628887310354e+00
-1.702403811789609200e+00
-1.479385227696464300e+00
-2.563393728174171993e-01
-1.488271931127806535e+00
-2.595142879136533409e+00
9.076232342118990548e-01
2.321085592701039868e+00
2.551774726025575646e+00
1.916467308080475052e-01
-3.295917494547110138e+00
-9.622476470986880415e-01
-1.723030668749255812e-01
-3.035794195470629120e-01
2.650051232049237537e-01
-1.995786372735329550e+00
6.603438950135198660e-02
4.194792371083624793e+00
1.474564715710890095e+00
5.067470753838211328e-01
-4.621474755711020843e-01
1.017238308716552631e-01
-1.180060972373467854e-01
-1.927669125045135212e+00
2.043607062816001463e+00
-9.854542869725758658e-01
-2.856169948960041172e-02
-1.650436781948557918e+00
-1.052484077417432218e+00
-2.981091559172249994e+00
-2.350584637893030404e+00
-2.507812899578019117e+00
-8.939517328408685959e-01
-2.428071533903681356e+00
-2.014155127759852171e+00
-1.008776487274035683e-01
-5.715833364600690913e-01
-1.149617759096789094e+00
-1.930931490146985952e-01
-2.636680399294842214e+00
-2.786160560543702314e+00
-2.834395017463986477e-02
-5.551315425518986713e-01
4.694235567484195570e+00
2.032177295517388238e+00
4.500821170248697101e+00
3.463496163870426692e+00
-2.330591276492286479e-01
2.188908609565498153e+00
-3.325787482038831566e+00
-1.525366872233923088e-01
9.518316175562783199e-01
2.703981567948005260e+00
1.597936577106162659e-02
-6.160125820372470695e-01
-2.735164299605714167e+00
-2.725931612040959351e-01
2.969318198908183604e+00
2.046177186444567697e-01
-6.812328933978840650e-01
-6.275222340873864990e-02
-1.738802341459857237e+00
-1.290560185520363445e+00
6.412016851572210907e-01
8.034513614280669458e-01
3.090427143234795171e-01
4.678259496430825504e-01
-1.623604947178882263e+00
-1.094618426699246694e+00
-2.753397038219676407e+00
-6.056211818113437229e-01
-9.183358227974267596e-01
-1.105653638879640521e+00
-1.796791701080647563e+00
8.148179924215821046e+00
1.657325256095727450e+00
-9.315115420378885513e-01
5.878414862606387015e-01
-1.888380799390721343e+00
-2.254085797309941963e+00
-3.781778219362063265e+00
-1.964501710319594974e+00
5.074857124620355542e-01
3.401048985367131738e+00
-2.743649550688856964e-01
2.485934025364440192e-01
-8.196201283563036011e-01
-6.694317062081905911e-01
7.392439619818340635e-01
-1.197017565857905641e+00
-4.462751353621356110e+00
-5.733840533493943514e-01
-3.185796140802700238e-01
-1.524732111075129959e+00
-2.562571893114725885e+00
-1.487724072689398103e+00
-1.177732395484778927e+00
5.737186139869566048e+00
-2.995587441677282636e-01
-4.111371806683306040e+00
2.655191799209034587e-01
-2.568133629314996558e+00
4.196690166111873843e-01
-3.286657099636035029e-01
2.418722715990312189e+00
-6.005620286287279619e+00
-2.538929543297014035e+00
-1.339876945832553456e+00
5.001623316713777356e+00
3.185596535282121167e+00
-2.887727395462782454e+00
-7.494983770558063529e-01
5.185011026678717494e-01
-1.134873906188241577e+00
-8.378093177678979098e-01
9.967749832363592688e-02
2.669071331775163536e-02
-2.046404414450389564e-01
1.248119887016992946e+00
2.167136237192422765e+00
-2.988973417427530643e-01
-2.761543809846930486e+00
-1.180734419145303304e+00
1.774210546404726196e+00
-1.381533410916563787e+00
8.219223818332921372e-02
-1.469219011194496938e+00
8.995775901320625101e-01
7.277784002372459371e-01
2.837221539635446543e+00
-1.647944038756070206e+00
-6.286146570426538460e-01
5.919533791604081330e-01
7.436137402249809458e-01
-2.280866567743667694e+00
