-4.384390074799620063e-01
1.182201245563871961e-01
-8.936953193889085600e-01
1.071418548584207597e+00
-4.081126599366807772e-01
-1.532372338973704062e+00
-2.202503546003407031e+00
9.424877777617219898e-01
-2.025500003326826892e+00
1.258484719017269882e-01
-5.476299855848195675e-01
3.297159824448867016e-01
4.466419047781909901e-01
9.541271734724796616e-01
2.260383504602511417e-01
-2.497904740998336537e-01
-9.902306725630178885e-01
2.102045960129841351e-01
-2.798149132719467969e-01
-9.586297149462924549e-01
1.030871659640836713e+00
-1.304264902675936311e+00
-8.058621994907892994e-01
5.878995560789392893e-01
-4.820128571807881790e-01
-7.908367781437825039e-01
9.366251444006095106e-01
-8.903897251615615627e-01
-5.901735547545903238e-01
5.643187077816833597e-01
-3.080036616444106670e-03
-1.660676414000746393e+00
2.505612792362038377e+00
1.391924604898238327e+00
-1.086387152985606175e+00
4.593229466268611283e-01
-5.346738051629829069e-01
8.201782965085228083e-01
5.830028123348341973e-01
1.021300799557300687e+00
-2.388375177544573624e+00
3.399838537531142957e-01
1.577301866852673373e-01
2.429632919866395180e-01
3.738805233124803951e-01
1.649600739849862163e-01
-2.425565392190209835e-01
-2.030601112610389697e-02
-1.935245485907053087e-01
1.276214950774326340e+00
-2.790816952327654921e+00
5.105915160345264603e-01
1.712567906366894377e+00
4.035423007436711451e-01
1.976018942969227865e+00
7.298268672644647737e-01
7.812872534753156906e-01
-6.047339467467177654e-01
-8.727169071147939938e-01
7.635590775533689367e-01
1.716963114223955533e-01
1.026805829362618550e+00
-1.562527666883755550e+00
-1.116135044650128361e+00
1.061983759389467874e+00
2.401721646471501881e-01
-4.019215244335697101e-01
-5.441158462014891173e-01
-1.035566857414030872e+00
-9.853701463304683772e-01
-6.874370317396487004e-03
2.925761856887548751e-01
5.022570992120548583e-01
2.085871942050062433e+00
-8.795432952253201542e-02
9.155034221473491440e-01
8.935687326148094023e-01
1.217857568083742237e+00
-8.390482002759256375e-01
-1.359563721396301883e+00
-6.205982600065873545e-01
1.730903922264996897e-01
6.947074346449819693e-01
-1.520535455009691117e-01
-1.534472833888987919e-01
3.471940015160099313e-02
1.216506092495717173e-01
-6.123573201773125918e-01
-1.356902949106824519e+00
-4.894864894187955784e-01
1.023663524546801096e+00
-2.523518345970968135e-01
-7.257300149003518275e-01
2.061335824032744790e-01
-2.581964319434618016e+00
2.323499558559412592e-01
-2.088433949073918772e+00
9.497699137821966620e-01
1.938090579151223958e+00
7.280899736819383961e-01
-1.310885341815526406e+00
-1.731028214098710438e-01
-5.359833801873187253e-01
1.347711558956013800e+00
-3.252140225561662157e-01
-1.230063578210863096e+00
3.797236672893872789e-01
-2.970757265519092805e-01
7.120777975942513827e-01
-4.966869011625413832e-01
-6.201966188167429284e-01
4.919429939906289628e-01
-9.092977705836750024e-01
2.533547185812176639e-01
6.150515223927746078e-01
-6.268757590321885620e-02
1.221217305703924172e+00
-2.055556402622988443e+00
-6.020515688149995215e-02
-4.293211294580208115e-01
-4.247126339034946185e-01
6.538865203503567702e-01
2.385277179737326225e-01
-7.301206614373088044e-01
-2.875676513122740752e-01
9.922657509928376474e-01
1.319648593687362981e+00
1.317786210878469255e+00
1.076025377232222802e+00
1.875202258586810278e-01
-1.773163827487604705e+00
-1.270748590399685130e-01
-4.113653757988674498e-01
1.257138113811496538e+00
1.347938071775720781e+00
-1.528663252367725267e+00
3.956886828124664413e-01
2.613044231409819562e-01
3.608895441751878291e-02
5.683381949992714066e-01
1.080698931179538747e+00
-5.007576244467991655e-01
1.032320645632916367e+00
5.883787855161604075e-02
1.642797919156110620e+00
-9.365789085542408632e-01
7.471212301909138098e-01
3.027697421342180117e+00
2.735377564668560191e-01
-2.574257558449454031e+00
-6.229520381966092701e-01
-6.788260971474109340e-01
1.735261004937825646e+00
-2.952613569298893625e-01
3.358803010366690489e-01
-1.296699922630648212e-02
-1.702059428198583468e-01
2.179391534676572428e-01
8.734697731372803586e-01
-2.089608279176009553e+00
1.454205566311066011e+00
1.720633938782927808e-01
-1.637791152577329212e+00
-9.211485662305742839e-01
3.805435247377250696e-01
-1.790279762300262423e+00
8.905439288890113492e-01
-3.307112057341864975e-01
-3.222683520638985888e-01
8.313630854131974154e-03
-3.485467192326622277e-01
2.682893234943884986e-01
1.690790899093785882e-02
1.329705131925259298e+00
5.246967954969128378e-01
-1.316702420978043797e+00
6.142755131227428667e-01
9.691422226045881549e-01
2.571846565602586288e-01
-6.616416922897256914e-01
-2.419822569601577822e+00
-4.650249710450478358e-02
-2.544777696837198233e-01
-8.284142498748847672e-02
9.530499528346247917e-02
6.293363466807174733e-01
-6.675407277276604323e-02
-9.830262996623778671e-01
3.247337301506529328e-01
-6.381322984227976169e-01
-4.913607176086586814e-01
2.190672978318249087e-01
-5.968425154254696219e-01
9.727398919930657639e-01
1.889877002173587783e+00
3.358660069288162964e-01
5.253443065513170307e-01
-8.727878137194140518e-01
8.885939469870379748e-01
1.582974712177593890e+00
-2.727902282586347482e-03
-2.017199359752273047e+00
4.337795223727223815e-01
-9.328310323074217036e-01
-9.068037904546579764e-01
3.116451408142602575e-01
-2.617787752615183816e-01
-7.496460332251867476e-01
-6.925524792983113187e-01
-1.130580132668255189e+00
-2.575256186867490582e-01
5.300756597834694883e-01
1.400799214404025161e-01
6.393059943913015353e-01
-1.904226608325259029e-01
-4.455701232260735889e-01
3.266679469736913921e-01
-3.334878231498100698e-01
1.711959833599433212e-01
9.827802832602922090e-01
-1.294473936166389727e+00
-3.407420739667334497e-01
-7.662484082992989665e-01
-1.453814569766546938e-01
-2.115979398639412867e+00
1.356639160849421710e+00
-3.647034327245467500e-01
9.680424722066435228e-01
-5.691153034959759438e-01
8.362988490260412355e-01
5.680466991912712649e-01
3.109243269391198661e-01
9.201763340303871844e-03
8.967010998260678267e-01
-6.137689191410555800e-01
-6.125979754119919019e-01
-2.467827227746559604e-01
-1.073870165949008193e+00
-2.224878524157793969e-01
-6.373919385955330030e-01
-7.924919104026054706e-01
1.095172588292081112e-01
-1.295595887702558180e+00
2.126249561376784669e+00
-1.149476093623728268e+00
1.811022035293801125e+00
9.569700185563647654e-01
1.652799147149786485e+00
-1.551556676141803148e+00
7.331748676681764110e-01
1.747429559577946989e+00
