7.594964985935215296e-01
1.127749508216560059e+00
3.843706638365858019e-01
6.121570452504404569e-01
-6.757253707372835594e-01
-1.245118311955483725e-01
8.425246975620107603e-01
-1.177624683840230668e+00
-4.612382357328919102e-01
-9.075452119852294164e-01
1.089564773339067427e+00
8.506631644563649175e-01
1.045337757674060564e+00
7.919486026562314596e-01
-7.224220113625267059e-01
2.220386651512770981e-01
-9.612651035495897167e-01
8.790198041291856779e-01
-7.976639539068123286e-01
-8.292866774672524866e-01
-7.004099595978583448e-01
3.707634266624513231e-01
1.206108167351346960e+00
1.383441531693737403e+00
-1.359591194805451320e+00
4.608545395413085055e-01
-1.408669365300297960e-01
4.438466322029427924e-01
-7.037076058918599886e-01
-8.717408897641304444e-01
-1.537761185476234749e+00
-1.297312951867334752e+00
-3.515727427699865126e-01
-1.062668740098170472e+00
-4.137400567613120361e-01
1.607237639510346594e-01
-2.346098499270777293e-01
-1.384615965297459672e+00
3.968529225217488632e-01
-1.349342525477774002e+00
-6.287508874001361825e-01
-9.972981927322822626e-01
-2.760105829422597745e-01
-1.894986783915853179e+00
1.541151188386258086e+00
1.164349977827524141e+00
-1.269159652986182607e+00
7.055253501705807118e-01
-2.332399360018310164e-01
-1.670407610416587918e+00
-4.463709742562485538e-01
-3.105218144164490282e-02
1.393012219806254726e-01
2.279470354166519830e-01
-1.053356051228221624e+00
-4.470287436400666725e-01
2.872360850450911274e-01
7.523628776049849642e-02
-7.894003579017911942e-01
-1.636338465417589427e+00
8.015981287518154641e-01
1.486354748278645888e+00
-6.510054893509467089e-01
-6.876267229550446780e-01
-1.022121937520513502e+00
1.441952428649490026e-01
2.582933016350725364e+00
2.052773841006546363e+00
3.419460063221088086e-01
-8.931388824218067235e-01
6.332267978972555555e-01
-3.637789142662397612e-01
-5.558437810838051663e-01
1.677234468486926700e+00
2.919748241757822577e-02
-1.113800786278597688e+00
1.223833039012443002e+00
-7.031860019030047315e-01
2.175737267382308882e-01
-8.449917403179810771e-01
-3.675936570296833850e-01
1.411188489034364890e+00
5.337947401364500077e-01
2.985733654531299436e-02
8.009692240513243133e-01
8.890486338828972324e-01
-1.002768864211184940e+00
-1.804704682271790483e+00
-1.251597928165331108e+00
-7.804484480796551604e-02
2.754008603972807556e+00
8.110119713436897415e-01
-1.085672762965002702e+00
-3.916075292944384834e-01
1.825419289622262964e+00
-4.342847733157120804e-01
2.070412805743797324e-01
1.335950263977189412e+00
-1.538427845416416861e+00
1.060165933657035153e-01
1.541045491774068132e+00
-2.151200005594879894e+00
2.357637549540639310e-01
-4.664262082026924272e-01
5.232660226362305655e-01
-5.225199386146357483e-01
-7.942190103497522857e-01
5.785459724026381645e-01
6.097710242078533543e-02
1.110812488467297188e+00
-1.772593030959640048e+00
9.980644569464754978e-01
1.474395955322062857e-01
-7.590461053191928376e-02
-5.559247461669218904e-01
-5.112759926368024566e-01
-5.452248130055422637e-01
-4.951545438780621256e-01
-3.253359928787771249e-01
2.676446382443861349e+00
2.975958424809161274e-03
1.451713488428887089e-01
-1.029853805307065162e+00
-1.764148491665734897e-01
-9.658058125175175146e-01
1.068202054939832585e-01
-3.787713207993945730e-01
1.213495833503745347e+00
2.312935461490565614e-01
2.242361184445146538e+00
1.897338976299567381e-01
-1.154094621198981541e+00
2.129188725211727196e+00
5.715293283560510251e-02
1.138026620844813097e+00
-1.238799078282900590e+00
7.878230966770867205e-01
-8.226184505824934989e-01
-8.327647788044396648e-01
9.777932677734629818e-01
-6.409870660502717254e-02
1.962378934360967886e+00
1.581124308802537015e-01
-3.566912317719628245e-01
6.392867379475103418e-01
5.460154887689236403e-03
-6.025274314966072575e-01
-1.361327328559617245e-01
4.155565020148309641e-01
-9.194348647488203019e-01
5.108628901323932769e-01
-7.342155033867480141e-01
-1.591048121933366088e+00
1.543106490379689610e+00
1.104264417244817498e+00
1.104599144605647787e+00
-3.581520425441503952e-01
7.858986293510064614e-02
9.217827526728019638e-01
-7.513896296721499501e-01
1.058550255681703356e-01
1.711996683120415641e+00
-6.361840454403812073e-01
1.500491931623728313e-02
1.070366058468127823e+00
3.770401343352768331e-01
2.323514112301781953e+00
-5.607287763793468161e-01
-9.469586818208420853e-01
1.873612676293347823e+00
-2.453455865789691270e-01
-2.071655168397331881e+00
-1.408791792484488381e+00
6.836661117557202294e-01
-1.505371221079266908e-01
4.113986154124906758e-01
2.797160586971973451e-01
-1.518269657256995142e+00
-1.030402610326752871e-01
1.854320563119101484e-01
3.898102974409985433e-01
8.969396675417193876e-01
-6.449892992735732911e-01
7.368995681568863976e-01
2.742429402000668981e-01
1.273179016175609801e+00
-3.832834904641369000e-01
-2.607875748146407435e+00
6.486269672258036800e-02
9.813594436081551908e-01
-6.609876432604679941e-01
5.695844580885068426e-02
7.612468356782078338e-01
5.486753098531913508e-01
1.676524192659323287e+00
-2.397155290018423424e-01
-2.481760448383845130e+00
-1.708390636812792684e-01
1.146259147539737233e+00
-1.333339479725213828e+00
-2.153567068701425780e-01
-1.970461914921769919e+00
-1.026938964768276286e+00
-1.977941445677507737e+00
1.453602668846538881e+00
1.464143601065474032e-01
8.125033020034276576e-02
-3.207740054548955388e-01
6.230369997005575922e-01
-2.269411431322966077e+00
6.349714662206785987e-02
8.780423818911816669e-01
-8.519740338312732364e-01
1.170904014473284294e+00
-9.407940764935068811e-01
-1.008376816412530630e+00
7.547917845271040482e-01
-1.064555725486009186e+00
1.322857528487292322e+00
1.954973095272549255e+00
3.359291942153349586e-01
4.092167708036951734e-01
-9.457504617171290651e-01
-3.424494785972215238e-01
-3.782273840398141934e-02
-3.424298120133666412e-01
1.549653231060207137e+00
1.812292274968438921e-01
-1.616992027544752020e+00
1.052639774280450302e+00
-5.655796950513857224e-01
3.927987074379622745e-02
7.341086282246369610e-01
-7.721855543389204435e-01
2.387133473484376878e-01
-4.662822024265838028e-01
6.910437169591713280e-01
-1.751491960965014250e-01
3.307565424215960781e-02
-2.130663619906620621e-01
-3.710362453684787343e-02
-3.043838688540055237e+00
-7.329249521612150042e-01
-1.087267262137023155e-01
-1.027077497346227525e-01
4.886982201363492262e-01
-4.959552312743144564e-01
5.246021043054097666e-01
1.597561610502126861e+00
-5.699997018947543514e-01
-1.248492496172861843e+00
1.035063932240330553e+00
-1.146036438877405361e+00
-1.454890443119831067e+00
1.108444022220905767e+00
-5.090967953814438951e-02
-7.361099955852522525e-01
1.414877429023105648e+00
1.062430883694151507e-01
7.630336343720730552e-01
-4.677864319065935250e-01
1.596232939072790735e+00
8.563739877999769767e-01
-9.196022845835143400e-01
-5.389007979035695950e-01
4.721369902026492094e-01
-1.205588761380382401e+00
1.046425030655816268e+00
-2.389115848974908418e-01
2.440766846842870597e-01
-1.413451596078218464e-01
7.385076655916551491e-01
-8.783696978654984555e-01
4.846033574695831625e-01
9.668692008578131381e-01
-9.275506685779046911e-01
-4.283499750133754058e-01
3.343736529223345633e-01
-3.014649236547751743e-01
-1.846200530931111361e+00
-1.644770643845342439e+00
1.773709338002903979e-01
-3.556063059735031784e-01
-4.981607521064115862e-01
5.356954969447424997e-01
-1.661041527000000073e+00
1.033465703774049116e-01
1.243410544654172528e-01
-6.184805185055356480e-01
-2.369887097599527037e-01
6.380163884330319890e-01
2.415584790139868043e-01
4.199835185735901200e-01
-1.094361180457802118e-01
4.738673310787063775e-01
4.750118893744431081e-01
1.080077597181138938e+00
3.217251921268390324e-01
1.927563396319820654e+00
4.026355476908177744e-01
3.002599735098759187e-02
2.213992439981363081e+00
2.961864154411639749e-01
8.223499372334408530e-02
1.004143171956433656e-01
1.517788098699780930e+00
-4.044465274856180736e-02
-5.164683566956616012e-01
2.401767832937218017e-01
-6.041767811611474803e-01
1.248274955458297253e+00
-2.228968310903640671e+00
8.917209134104013835e-01
-2.440857484727879112e-01
-3.696612321830338721e-01
1.657449986856918800e+00
6.052413412275479132e-01
1.823870433547234882e+00
5.062735201878438840e-01
1.704792050534843062e+00
-3.080478120078786186e-01
-3.192549077020521153e-01
-5.028035341996398566e-01
-2.792932427761360414e-01
-2.570358579723409642e-01
-2.799917236263911591e-02
-1.266056395089362407e+00
-8.708529257581730798e-01
1.743857440627988586e-01
-7.200620055464719282e-01
7.824357015190654963e-01
-4.620152778969914276e-01
5.020416900017321549e-01
-1.642066335859516668e+00
-7.254041170892171486e-01
5.700262323453569868e-01
5.634783676866549351e-01
1.113663601407339360e-02
-8.479363008247273736e-01
5.521851546823652868e-01
5.994418440638328294e-01
-7.191745796268492752e-01
1.972672477622142706e-01
-1.383867882922565906e+00
-1.896170325018113612e-01
-2.051768918464395020e-01
-5.429033337119446023e-02
5.116126248233046070e-01
-9.456940668392964655e-01
4.629168268048177099e-04
-1.391047758547738544e+00
1.374487755265390299e-01
-9.154111764244785010e-03
1.067266675694913625e+00
-9.403200510382718758e-01
-1.596404827123351522e+00
-1.241293741691926300e+00
1.374118967401505020e-01
-1.070026276385352748e+00
1.464376995949521865e+00
8.850546812838253619e-01
1.656588150674476623e+00
-3.831129124964377519e-01
2.431868602358218112e+00
5.336929458536138898e-02
4.471165438180020324e-01
4.697317586921141430e-01
1.624247584348671669e+00
2.553671373223849739e-01
4.954314176359624899e-01
9.506814712647136956e-01
8.021849739219355513e-02
1.615255771825056808e-01
8.946008534427134506e-01
-4.526962419157032347e-02
-8.030095071116317706e-01
-2.432476376985219346e+00
-5.246596283333312960e-02
1.048956671373957317e+00
-1.577104776034883749e+00
4.327524776851545685e-01
1.001029418440930963e+00
-1.897385451435880555e+00
-4.902576032902103420e-01
-1.267772437411969655e+00
3.107142064253883840e-01
3.287678311340411913e-02
8.208004847982428576e-01
-1.157952714905240571e-01
-1.844388898298887858e+00
-1.226575098776900713e-01
-1.559415756076569792e+00
1.251304696951079487e+00
9.184627916266615566e-01
7.095525689187030804e-02
5.107162236824241974e-01
-1.826923821009665216e+00
-3.934993286460511941e-01
2.725105326317798782e-01
1.065939711327618111e+00
-2.804268360174566599e-01
9.397806825056289615e-01
4.087819222161375721e-01
3.641979568090438768e-01
-4.406864184854040745e-01
7.510712455441608260e-01
-5.353310067779011305e-01
-8.709301693021158641e-01
-7.110829016390800561e-01
-2.630668549713327010e-03
-1.444231650769816522e+00
6.336117282208798551e-01
5.519665243942006860e-01
-8.487799533227496918e-02
-9.708510579132126894e-01
1.003094735579883379e+00
-2.648186864672520402e-01
6.651209675788846143e-01
2.954290660241828959e-01
-1.243047871689967110e+00
1.051593452104559567e+00
1.427428538097909927e+00
3.696895002207726266e-01
5.134446938321146625e-01
1.310414342645994878e+00
-2.065967415088210135e-01
1.682182766134984631e+00
-4.229657481730217383e-01
-8.356709803194297681e-01
-1.027554663966165016e+00
-6.217925181039195975e-02
-8.591190040872435096e-01
3.910869973102214514e-01
2.114416266966554492e+00
7.151844532950044075e-02
2.748974343644818852e-01
-1.782400655729559080e+00
8.750229334990761165e-02
5.840960001300471438e-01
6.007985479196957801e-01
2.800246620127262442e+00
3.345564329496962808e-01
4.028501187386467342e-01
-8.047806441239825359e-01
-1.692867987920070039e-01
6.520606033009426206e-01
7.895999912994511316e-01
1.553111647482096624e-01
-6.424197714973444162e-01
4.555047653074706382e-02
-1.113726907638405567e-01
6.165165501832672312e-01
-4.387635550692370878e-01
6.279469491931680691e-01
1.427937066840023972e+00
9.382118208737760812e-02
3.593458510354274882e-01
7.844741301781300580e-01
1.687938648761119653e+00
-3.271352507242059615e-01
3.710900530840671729e-01
1.537993732399469682e-01
-3.356317049922931828e-03
9.476689417252077974e-02
-1.997947206427667100e+00
-3.228656840662523231e-01
-8.451768801358733318e-01
1.645874770396278663e-01
-4.767790982031395730e-01
-2.197327139241151972e+00
1.290679622079347499e+00
-9.202106784652727134e-01
-1.966817046808421732e-01
-1.147079143016878744e+00
-1.441776123476299132e+00
4.435243382230066346e-03
4.297829286304311047e-01
-2.714064927393940785e+00
5.952314422310186481e-01
2.606470104566880774e+00
-7.498148517194250795e-01
6.503984837624671167e-01
-2.888192944114018612e-01
2.054417812165028945e+00
2.022301189325855120e+00
-4.379751458944643461e-01
1.404945152531040797e-01
5.785123328008273669e-01
1.417238044705360522e+00
8.597031919842631487e-01
3.295699889649735814e-01
2.278140395717563327e-01
4.239286225428477994e-01
9.160619918340744405e-01
-6.547476600399595448e-01
-4.536057715335982121e-01
3.168596627771823049e-01
-2.060850123431123837e+00
1.314919769282394846e+00
3.777870589911883070e-01
-1.398694711194752027e-01
9.773260672512207314e-01
-4.508457020118234460e-01
-1.131778082594131041e+00
-1.792560383582696870e+00
1.576200385083551980e+00
-1.746081502449736422e-01
1.017565320237918458e+00
-6.329566189122889375e-01
1.235693827744965612e+00
1.049113938710258154e+00
-4.897129508764767603e-01
-7.209203452512370491e-01
7.402746189554837430e-01
-3.597581233299263825e+00
9.009012625356528359e-01
-1.571523489888766001e+00
3.419526145963845298e+00
-2.391333651688150042e-01
6.636448337029391409e-01
-1.448663345954930848e-01
1.978579987910440430e-01
-1.504377933015639268e+00
5.292195544764484172e-01
-2.098851423770938252e-01
5.866920124784650303e-01
-9.886864278194829048e-01
1.561423690487311999e+00
6.836292305761183519e-01
-8.952167199528066055e-01
1.156869215422807601e-01
-3.628299406239935965e-01
1.629742698639435217e+00
6.033437242885730106e-02
9.260044449900844965e-01
-1.427819019318840865e-01
-8.572942882500022010e-01
-2.703186459960337795e-01
1.688018997019365974e+00
-6.885833249215786989e-01
-3.660517011569878187e-01
6.680034700708584738e-01
-5.366456765418449182e-01
2.026777245705107866e+00
-3.729526011035787930e-02
8.773024812062103495e-01
-9.333613843591636039e-01
1.043497322305354524e+00
-5.988290875997303031e-01
-4.674087372444581945e-01
-4.706137300980176574e-01
1.074256355698520071e+00
-7.650473609458541269e-01
-3.223066431132270981e-01
1.271534873348443062e+00
1.423451033413570155e+00
-1.180177950094422057e+00
1.192973362530635351e+00
-6.083875732015958659e-01
1.040639055725080864e+00
1.261796703812996689e+00
-7.268101763388221670e-01
5.882771672376924110e-01
-6.393757009859010187e-01
2.616534150645123957e-01
-7.655758419098420697e-01
4.389396311157204300e-01
6.864741947904344777e-01
-1.485062970419803063e+00
-6.374231876733496005e-01
-1.695316727064974049e+00
-2.073677470905693765e-01
1.037110093349767670e+00
1.476402186478749767e+00
-6.052761067766958547e-01
-1.326531437299583338e+00
4.577430788600656553e-01
4.372498830480782694e-01
1.186013175945979770e+00
9.287095842426713599e-01
2.007559228142179020e+00
-1.328566990763680566e+00
-4.584203185968702687e-01
6.674733519469243370e-02
1.305733761956133776e+00
1.253328852404141047e+00
-8.250747554137055628e-01
9.764249920442764630e-01
7.922517182542722358e-02
-1.180024364251606173e+00
-1.148173230226348540e+00
1.610556275885260957e-01
-1.019973492662006098e+00
-3.712091922508189978e-02
1.616821112988426346e-01
3.779354101663842669e-01
1.131599623505450847e+00
-4.747011912095790986e-01
-9.972685113330711504e-01
-3.989366445548502282e-01
-3.965033655483573005e-01
-4.077423999228066420e-02
4.463780766325217142e-01
-6.593859977759221058e-01
-4.526483648193547205e-01
-1.155004855335354463e+00
-1.253593508008441271e+00
-6.284570432096774351e-01
2.308480987563724107e-01
1.745171401409523870e+00
1.110834252216558848e+00
-5.643887718662526920e-02
-1.402696733829835063e+00
4.971392198097027704e-01
-1.446500975281542756e+00
8.775164122574726777e-01
-9.208836125380164273e-01
9.065389710147225832e-01
2.846278608236655350e-01
7.879472985682240971e-01
2.331418630084785004e+00
7.650531826663333756e-01
9.531749782842235952e-02
-9.242579198218510150e-01
-9.869165780610705818e-01
1.160769449300294465e+00
1.104025326382857830e-01
-1.007655401678698048e+00
-1.401935746297594265e-01
-1.347344248270263001e-01
7.993118169140354112e-01
-8.645585995297159210e-01
-2.859378261421061107e-01
-2.391577303453202019e-01
-1.836002667904046204e+00
1.026128799869529873e+00
2.036191055434558306e-01
4.007877697770391712e-01
-1.957761078165429103e+00
8.809924363298995420e-01
1.621415249379159595e+00
9.818623973466553689e-01
-1.055751145579078981e-01
1.000000000000000000e+00
8.015981287518154641e-01
1.000000000000000000e+00
-1.002768864211184940e+00
-5.994190550729109335e-01
-5.802017862511518187e-01
7.489533080763944861e-01
-9.991511072257982518e-01
-2.714707831726103637e-01
2.682497672907436237e-01
