5.652542027800971924e-01
4.730307095292953790e-01
-4.815573280501774800e-01
-3.973399016504429171e-01
1.993376145347276474e+00
1.420728880830342211e+00
-1.097132516327610663e+00
7.988488579918812116e-01
-1.860546606663606717e+00
-2.643334812667392786e+00
2.000077867235743045e-01
1.038659289726617585e+00
2.146149784087447721e-01
-1.533362187997672432e+00
-3.387014555466559829e-01
2.015000049895021128e+00
-2.186741978267148667e+00
3.191873437904449773e+00
-1.634995932294674104e+00
1.246453837414571053e+00
2.406684065463288391e+00
7.002949802319219375e-01
3.249513220299078409e+00
1.380549432407205401e+00
7.930310219399341332e-01
-5.144094604892022193e-01
7.169670752954386828e-01
-4.308333938928308182e-01
-4.235509122637249879e-01
-8.821551365906044051e-01
-6.205439460561326670e-02
3.627306268609848949e-01
-3.145544293312428685e+00
3.144574659356949020e+00
-2.333003503250213218e+00
-1.094905842256989947e+00
2.686844951167221218e+00
-2.589044125956715181e+00
-1.344438870492132398e+00
3.567338676533558406e+00
2.431221188309377279e+00
3.907766664430698089e+00
6.834315749572519305e-01
-2.746178391342126268e+00
-2.756363000579566958e+00
-1.696644987219350531e+00
-1.204556204904764449e+00
-1.792967189603515532e+00
1.203885043710819058e+00
-3.542087129704619919e+00
3.442247626804267879e-01
5.684177975616311329e-01
4.612309248463894562e+00
1.775081629577510978e-01
1.288385469127824479e+00
-1.047149503907696122e+00
1.851881960837181484e+00
-1.775881213289724758e-01
6.582091765671468364e-01
1.324499090881651853e+00
-1.930219883022297189e+00
-7.896052658299663740e-01
6.841384412963145145e-01
-6.445056167213979448e-01
4.745264504236533232e-01
8.284318608747029966e-01
-3.770012200797594915e+00
-1.504990210519160820e+00
3.157870679359835897e+00
3.449340143907396516e+00
1.250651535130647529e+00
9.522128769795257242e-02
1.336668697848066190e+00
3.447336716479080909e+00
-6.116691412787375048e-01
5.825456508142013989e-01
-1.053618383489219212e+00
9.506875005395438727e-01
-1.626997434950150367e+00
-7.019182899755782579e-02
8.221585124285269996e-01
-1.863706964507503283e-01
-2.749439325546848778e+00
-9.729724896361960917e-01
3.572825341710633040e+00
3.611214635438244613e-01
2.797155019675338306e+00
9.127219949853934144e-01
4.491019819049764106e-01
-3.026659417680729880e-02
3.185468321769173272e+00
2.960203365322962465e+00
-3.187098655201360042e+00
-1.292086283766858967e+00
1.570267421647449924e-01
-1.616131913205146375e+00
-1.288140015792246906e+00
2.850921859010372650e+00
2.321535772075711712e+00
-1.673457168055247357e-01
1.427605338192883488e+00
-5.395493225121883452e-01
-5.253172786677849926e-01
-7.429229930991436692e-01
2.095639519975072584e+00
1.798024315179274524e+00
-2.506808604381906003e-01
1.113228381769789666e-01
1.653036245813334748e+00
6.317832909607823400e-02
-6.416304446700658026e-01
2.024619761597713730e+00
2.728629162698794186e+00
-6.910172362258182321e-01
-9.255950468218527849e-01
-3.246771349364167669e+00
1.270758379966812512e+00
-1.784776067189778104e+00
-1.844933893300334304e+00
-1.647238235670702267e+00
-2.204561412134053155e-01
1.373469981855063748e+00
1.462101591468392803e+00
-3.445258731483916925e+00
3.567402410706708160e+00
8.405492052563361405e-01
2.121784546535230742e+00
2.561348119920706878e+00
-1.765237248012435423e+00
-4.054172687174465994e-01
-1.045509823140128081e+00
-8.207722137402873042e-01
2.619139550183164911e-01
-2.372995831456444549e+00
2.248234011554958833e+00
5.627279859953635111e+00
8.153757393557690136e-01
-1.417848014722720817e+00
-3.316944719808309294e+00
-1.494028562888499723e+00
1.841267977619171381e+00
-1.591869325405357305e+00
-7.068422226891289961e-01
-2.561450316484625400e+00
5.538617421357738824e-01
-6.979778540315560997e-01
2.847036203659492615e-01
-8.247627760689664189e-01
-1.834046309393828178e+00
-5.480529526286646025e-01
-5.290049986871145915e-01
8.787644211394658456e-01
3.376434649983217628e-02
3.190831637375013408e-02
2.989753167762161379e-01
-1.916009517368806536e+00
1.633776411743808499e+00
-1.493155612735611593e+00
-1.098727051671422039e-01
-1.221022742674328532e+00
1.030798652522664893e+00
-4.342426819985793496e-01
-3.660960218882667316e+00
-3.311893774057638407e+00
9.798431567016357979e-01
2.329317552331906960e+00
-4.307553160550510185e-01
1.440247367037303383e-01
1.496272083036990441e+00
1.337715371884635740e+00
1.360866120945143809e+00
-5.105558698151055896e-01
-6.019744894799335944e-01
5.265294373341918854e-01
-4.286613284148698355e+00
-5.864254152949843757e-01
-8.501448819394291645e-01
-7.091014686134680112e-01
6.146606618884835616e-01
-2.153938534395418714e+00
-4.539130057793627770e-01
-3.610756240736627376e+00
-1.054557927318731103e-01
2.439423959309613199e+00
4.142560132135855722e-01
-3.857596375555329971e-01
-3.324775703524256443e+00
-2.468470467069725061e+00
-3.120950288590364607e+00
5.136658639768287848e-01
-7.915361497676913771e-01
1.403610181286264691e+00
1.999067679751726612e+00
-2.101978781103156724e+00
7.205808317803480412e-01
-4.547441524084555597e-01
-6.489098819925809281e-02
3.157535309805391543e-01
1.521794390655628160e+00
7.000180946666079151e-01
8.258350631476294446e-01
-2.478638063800711056e-01
8.055761700312391582e-01
-3.584450393477108143e+00
-2.112121303212799450e-02
2.176493666197847343e+00
-1.235315003643015164e+00
-6.655856561271511485e-02
2.174526248884069091e+00
-3.894749869864024272e-01
-1.800176056264723989e-01
-3.690787313777573964e+00
2.654073159142075422e+00
7.637128288194590109e-01
-9.860582374814266249e-01
1.001439827062337917e+00
-4.967645627237391448e-01
1.304559801099884897e+00
1.719673989344184362e+00
7.123976675082893673e-01
-3.312997388523351017e+00
-4.240079268516139255e-02
4.094359567661805532e-01
2.616936350706464687e+00
1.986396039273209180e+00
-1.381525793738648533e-01
-1.096874684266046174e+00
-3.145794339697047803e-01
-3.383008788873689276e-01
1.799631981828530014e+00
1.367204199838669698e+00
2.537259089728787220e-01
5.008274041442745128e-01
-2.709410518100119347e-01
4.773494593389733809e-01
-1.993871791787193981e+00
2.088369145700279539e+00
8.714643844391458671e-01
2.504584628899728660e+00
-3.752093678269828203e+00
-1.426180761141189191e+00
5.756973706234786992e-01
1.190315585450947511e+00
-4.428501407516438615e-01
1.367671647149979020e+00
5.393360283429047275e-01
-9.510057311156315807e-01
-2.732521626235154599e+00
3.614730812874731747e+00
7.027091687283830712e-01
-9.785309404250996934e-02
4.421132044823474772e-01
-4.571186393424375716e-02
2.669274117762248100e+00
-1.245040066254312849e+00
-2.600646547157230426e+00
-8.551861018502439071e-01
2.423520838739157135e+00
-1.894910030981207250e-01
-8.408344272433705413e+00
-2.328768154825289649e+00
1.318179226719688124e+00
5.347028726518480157e-01
-7.804966372103956385e-01
-3.775831285509585022e+00
