-3.531525885057118508e-01
7.205140202541686634e-01
-6.880571388095058083e-03
-5.940473904466216926e-01
-6.916870447349654505e-01
-5.761100807982622030e-01
-1.902567045810432678e-01
-8.259890117368784423e-02
2.296809996896771455e-01
-7.521989631564869327e-01
-1.882745634119520339e-02
4.262676352043743844e-01
-1.001880351735056074e-01
-1.310999468912079635e-01
-2.114139244391721739e-01
6.327300276100853438e-01
3.190686592549440981e-02
-8.575851053734646623e-01
-8.455737256546036473e-01
1.255983236572153494e-01
-6.728235676345624139e-01
-8.645679776475769795e-01
3.586373422741659933e-01
1.699418729783008786e-01
-4.253858204880089922e-02
-7.668377609339205314e-01
1.654793757455226277e-01
-4.580211150513524565e-01
-9.045684793568387061e-01
2.632320990963126217e-01
-1.355305331591289963e-01
9.675039052512159898e-01
5.249906163228534872e-02
1.532876778528213801e-01
5.846319111459894469e-01
-2.741485089695079314e-01
8.439486433870981852e-01
-6.457454505683624113e-01
-9.663566626808992588e-01
6.543389130787362618e-01
-1.120528226091221935e-01
-3.379231756770042505e-01
1.730546628702731571e-01
5.572041048423237442e-02
3.230127117811014692e-01
1.307716054202219258e-01
-4.491419188189116340e-02
2.362329342924147646e-01
7.099066050016737961e-01
-6.869378462209065894e-01
7.621509337747478519e-01
-2.040524007542527940e-01
2.259964636921472092e-01
1.505701724744406000e-01
5.586383896733246868e-01
9.317672554290210574e-01
1.085475825004591499e-01
8.364566117411758039e-01
6.524611874438528414e-01
9.004979418620997489e-01
6.387992449981059195e-01
5.670712654389968854e-01
1.520466701632816608e-02
8.627377169578411831e-01
8.094193117103467561e-01
9.682121267542027621e-01
8.670983325269214781e-01
4.036417615494785061e-01
5.145364313824349889e-01
3.715575546621099345e-01
-6.880814540563957582e-01
-4.102902787177622468e-01
-9.008097894295021835e-01
-5.563604068093974675e-01
-3.183041440749958539e-01
5.591443728441247707e-01
-7.986740940414120971e-01
7.939951971096528283e-01
6.607353671001450213e-01
-3.876215107148432981e-01
7.141733708516362356e-01
-3.156830771590042328e-01
-3.054170812099736843e-01
6.723368913829448346e-01
7.539005649619028304e-01
5.440598858805520965e-01
3.886109641741999354e-01
7.498442000195102430e-01
2.127081504583636651e-01
-5.130235345656970480e-01
5.013198212547020916e-01
-3.381657317510657901e-01
8.816688348528334274e-02
9.989027283643987509e-01
1.601124168653336177e-01
6.019640093586930973e-01
5.630935081073287218e-01
-8.035479077210723187e-01
-4.294103651212681783e-01
9.222026603575959047e-01
6.354741951447619996e-01
5.102329865674077869e-01
-9.879643595108151821e-01
-1.937382972677674786e-01
6.220892414202303655e-01
-5.307669727124952885e-02
4.413336912595757777e-01
6.552213762083649584e-01
-2.236856061740553070e-01
6.559352742961355176e-01
5.582100024597940191e-01
3.901953674506712932e-01
2.556282078354190634e-01
8.592638519477844294e-01
-3.235030389415620711e-01
6.031091197347973054e-01
5.884420931032567914e-01
-6.684495078779773003e-01
3.172106006926360688e-01
7.183962414722426804e-01
8.024984412412652368e-01
-4.552844260967532364e-01
9.934617199600541682e-01
-4.102128034233949450e-01
1.505460202009107906e-01
-7.885187648396509985e-01
-6.997331647873661353e-02
-5.991637255777877424e-01
-6.551422693207864523e-01
5.506968685109758788e-02
6.397569743074948967e-01
-3.632491306985452528e-01
-4.533339605007353779e-01
-8.847452966982254363e-01
5.184569919571559993e-01
-2.130414641754412308e-01
9.980839235109437713e-01
-8.749321508166023609e-01
5.529305210150403660e-02
4.441365495287872278e-01
4.675834021117477590e-01
-1.676242601887771855e-01
2.774404289839407234e-01
9.747483751345649150e-01
6.176960974862404363e-01
5.335679205684962234e-01
-5.870549051965341381e-01
2.984948326150875797e-01
2.559136069401355407e-01
1.810832115524301233e-01
-1.167899815317998691e-01
3.053993173420956886e-01
7.197008975881269421e-03
5.802372002619555769e-01
-1.408017857092993541e-01
-8.407730475261800951e-01
-1.538450836530271815e-01
-3.022182611063792823e-01
8.871025083381014475e-01
-8.398041999097365373e-01
3.937725720836153798e-01
2.234333550713076821e-01
3.837620987956893437e-01
-5.359147667016459504e-01
2.001184446922232851e-01
1.764830702732034240e-03
9.434726239203772291e-01
2.707561513428429212e-01
4.484359243220277236e-01
-7.036189417603191387e-01
-8.843422984579374369e-01
-3.995498512582655870e-01
5.300679606058364968e-01
-9.077528763383468924e-01
-9.066319419955788383e-01
-8.220173488691566721e-01
-9.718247095647789546e-01
9.091615310316765175e-01
-8.619526759269298122e-01
-1.391858120898259443e-02
9.308440988633748248e-02
-6.040256835660673396e-01
-4.682223502056910291e-01
-3.092773528171035569e-01
-1.683169418515626514e-01
7.225917734286602112e-02
6.160440861929199485e-01
-8.858285099077267688e-03
5.760148673698037847e-01
-4.403888399344135784e-01
-2.844079720118175558e-01
3.412937374641711319e-01
-9.701195576234167284e-02
-9.010266136689992766e-01
-5.696660453177180283e-01
-2.187457491472299953e-01
5.625372049270027652e-01
-9.700386367666644638e-01
2.050460048007560765e-01
5.557942392977299750e-01
6.147935661904790905e-01
-9.914423903880376088e-01
3.475507570154623416e-01
-6.956737713924145972e-01
8.807929247733004008e-01
9.693877392027050455e-01
7.536985077021238766e-01
-1.974763467244899928e-01
-6.721613100692147569e-02
8.122319230012655655e-01
8.949288723742943041e-02
7.391377432718102547e-01
1.014610923956629218e-01
2.925034781639872516e-01
-3.653784773389578966e-02
-4.803194854288785898e-01
5.925947974188090495e-01
6.896955091328873522e-01
-9.120181252424466312e-01
7.451308246568189020e-01
9.747307119551242849e-01
-1.660910084732147851e-01
-7.790646725351908497e-01
1.624212598691798792e-01
-7.129004788455597375e-01
-4.392010257248497584e-01
5.611162724960956361e-01
1.619363313781354563e-01
7.593662486475418749e-01
-2.420117477224748015e-01
5.717509315615751930e-01
8.022930493244229133e-01
7.622384328927080954e-01
-2.907574123179976766e-01
7.612280232662080870e-01
-7.109367614031083527e-01
2.679759458093431412e-01
2.429563725056966828e-01
2.877473337256595265e-01
-4.740196543173564869e-01
9.596472563736835326e-01
-5.756337405051634715e-01
-7.397948960017841635e-02
5.518496049293011296e-01
7.239346747857433595e-01
-2.394145714536706215e-01
1.797566179969241063e-01
3.008172457263840194e-01
5.196145511119647509e-01
-2.673080180871307832e-01
8.387171780127868903e-01
3.694544507881851736e-01
2.264499573925309317e-01
-8.811116058721510935e-01
-6.527878144136605165e-01
-3.450708132694388919e-01
4.165262796927853284e-01
-7.843746207113813096e-01
-9.930205928805249105e-01
1.126739908081242358e-01
-4.375146632073392272e-01
-7.876665788039372007e-01
4.266937625999835948e-01
7.471329501458043865e-01
1.545856765842990033e-01
