-2.159220867647282827e+00
6.574563785843513530e-01
-7.090584206239634035e-01
1.050082695002513833e-01
-3.041193442683748915e-01
5.711092182887046453e-01
2.357611260206188830e-01
-3.031416440219112940e-01
2.542736433358059323e+00
-9.340112866976921779e-01
-2.947767255867035918e-01
1.838772207829190708e-01
-4.558005842426775950e-02
-6.179135615359203637e-01
1.613909837271879644e+00
8.771970958514352379e-02
7.156128099058192138e-01
-4.083466121338236166e-01
3.932521236312348512e-01
-1.577037553032439865e-01
-1.403306957677499689e+00
9.523788878908399091e-01
-5.963220804802038533e-01
6.743748441858130604e-01
-2.172467109384398576e+00
8.873324446831242218e-01
-3.203210431479417419e-01
-7.341339854589047365e-01
-1.100895767671106196e+00
-8.642932016968062348e-01
-1.672741922569419337e+00
8.116169169234105363e-02
-6.391430277259615989e-02
-1.040132288036311303e+00
1.746905618187629905e+00
2.083800013108424998e-02
-4.899735456283398349e-01
9.330625199782786039e-01
-8.148743084745667664e-01
-1.033503010359223317e+00
1.804153853694366316e-01
-1.097976366656101765e+00
5.433265925505301741e-01
1.152631636375945345e-01
-9.813033727742407342e-01
7.548641063684404795e-01
1.057552938040897450e+00
-1.232029502276936528e+00
1.439290553618309598e+00
-1.908646685422010769e-02
-2.767537733709611869e-01
-1.706876115778089620e+00
5.978235906006206246e-01
-8.009075789693733682e-01
3.134884999715314979e-02
-1.211989744941566416e+00
7.318865602828563688e-01
-8.261315369345523241e-02
1.675884269374034563e+00
2.461770469679877671e+00
7.985546272665361434e-02
-1.725650450808476899e-01
-2.332991089850379840e+00
1.757918710400513618e+00
-7.476146189041255052e-01
-1.934441017682183128e+00
-1.576675045855502777e+00
-6.951613498166961946e-01
-3.704667721195851748e-01
4.834395519709114297e-01
1.381565374231052523e+00
1.211790171456326615e+00
1.795427841704704264e-01
3.363489913781180229e-01
5.750209126150296335e-01
4.953474622460017907e-01
-8.209220625452593456e-01
7.435524199651348809e-01
3.209671411451840761e+00
1.086615242486830502e+00
-4.989364043953434941e-02
3.826600265767368114e-01
-1.939008571111580093e+00
1.977188516738478619e+00
-3.315440102634745756e-01
2.794666435457600073e-01
2.488514459435921256e-01
-3.332142516013529288e-01
-6.765536035529945424e-02
-9.917332000492018462e-01
-3.051364249233070591e-01
-8.512965260473158713e-01
5.296187514185326517e-01
7.732503152097530696e-01
1.734761280377602022e+00
-7.372964514331110664e-01
1.787168379118621919e+00
-4.490315269606597326e-01
-1.841886611426520659e+00
3.638713325369229423e-01
1.424518342491716827e-01
-6.816495574725429663e-01
9.651588324792346185e-01
-8.905832536854129122e-01
-8.072299320524304322e-01
9.705707822149602926e-01
-4.571397036102970990e-01
-4.257351329354727154e-01
-1.053004606166585200e+00
-5.026658167095923169e-01
-6.884940954177093397e-02
-1.669624592655477580e+00
-8.620225491964891296e-01
-8.426193004392427133e-01
-1.225898533089877951e+00
-9.421227426837144314e-01
2.251872234736681744e+00
-6.895786755180711713e-01
-1.119522686777914278e-01
-3.715412961465501818e-01
7.977037281073886543e-01
-1.981911174145842836e-01
-9.531603407452446941e-01
6.820247913135255580e-01
-5.722221341819418994e-01
-2.713712709175105431e+00
1.680710915038787556e+00
2.417607102177032896e-01
7.265970615895706031e-01
1.782450840674043357e+00
-4.091579610758568908e-01
1.340103167292221453e+00
8.001536312189625466e-01
1.287085883551805532e+00
1.429154943520702048e+00
1.301545390260450130e-03
1.204447407433794304e+00
-6.106138866473204141e-02
-7.822480436813711302e-02
5.006462923677421628e-01
-5.431835106298006366e-01
3.327683272603463305e-01
6.272274053401633020e-01
-8.301007716490699240e-01
8.107488191857844528e-01
-6.728111717614594367e-01
1.548330930481217838e+00
-1.112296885387854539e+00
-1.444469865393748220e-01
-3.297343802501193633e-01
1.369224103464369069e+00
-1.700874942268201684e+00
9.587914905666117260e-02
-1.062009170749419917e+00
-1.677488653837766019e+00
-6.206822493941421826e-01
-2.313359832010627171e-01
-1.024987675445004021e+00
2.705569840190819586e-01
5.653876496176399868e-01
-5.329277010590005581e-01
-6.025822404674809896e-01
5.081905782429390062e-01
4.621241795990539969e-01
-5.053700739193967006e-01
-1.055184256186434189e+00
1.468378649861872942e+00
-5.178382920385803112e-02
-4.161023015401213998e-01
1.229131881799007120e-01
-6.161445281829396325e-01
1.396088610223316762e+00
5.288624768182500491e-01
-8.829589842921266030e-01
2.387239817381700546e-01
-7.427473266146560338e-01
-2.488650974366206914e-01
4.075351403066951317e-01
1.149616185840393934e+00
9.034063974523244278e-01
-1.947105358455081536e-01
-4.762582371279328597e-01
-3.703318851189246752e-01
-6.143080936805931369e-01
-8.023113327498336833e-01
-1.531620765844502907e+00
-5.779590679860657776e-01
-2.137611839090726162e-01
-7.807494181094621899e-01
3.336754603625058935e-01
-9.604980121087414169e-02
1.946016844001841051e-02
-1.481236370985161255e+00
5.609381645920962223e-01
4.731347361306907362e-01
3.031758326177593221e-01
-4.445430416431714882e-01
-1.193979417598614035e+00
-1.958011308805800876e+00
-6.298570495420519055e-02
-1.258866148074530567e-01
9.212656551302866870e-01
8.633521956044537538e-02
-1.481715024709532535e+00
-1.913322952635777785e+00
-3.262279477116131199e-01
-8.162720322901829695e-01
1.421511874342768156e+00
-5.566110972388644829e-01
2.212251634618540574e-01
-1.772659076992431082e-01
6.526732011611106055e-01
5.411683406839107313e-02
1.385110932466770750e+00
3.456464911338728019e-01
3.885825076750323293e-01
-1.835400170700088207e+00
1.677459051294976355e-01
1.179797305025375387e+00
-6.533191972641491096e-01
-5.605095993360175166e-01
7.544873802314957523e-01
-2.163753428411494539e-01
-6.152375747026330721e-01
5.762310676060018455e-01
-1.906732508936767267e+00
8.454862424368119189e-01
-1.497405043087312482e+00
2.373379640402350610e+00
1.836152313499331612e+00
-1.505591959323722584e+00
-3.310504051484827182e-01
1.711749119761477367e+00
-2.977786321332794861e-01
-8.022366739023167881e-01
-2.569782897991962578e+00
-1.537969983292956533e+00
2.572921869693901353e+00
1.547667454233653483e+00
-8.578408664027910024e-01
-8.833831511707814776e-01
-9.253088646068019507e-01
5.061526895893693201e-01
-1.503059657283147832e+00
2.284149091282237976e+00
-2.192500130724072349e+00
-1.633448955678804548e-01
-1.528772446879125724e+00
6.779693200962823019e-01
-2.054142910068577077e-01
1.623318122948069764e+00
-1.529322274747403565e+00
7.433473895589794989e-01
4.943809145412881301e-01
4.307922399919209000e-01
-1.141488806288760927e+00
-6.470007643088719895e-01
1.702057341429435766e+00
-1.548177892930097110e+00
1.599353034384235261e+00
-2.117199587243892012e+00
-3.128508368556821018e-01
2.399944332346447551e-01
-6.685630892032157213e-02
8.994375597690047464e-01
