6.654021854041047845e-01
5.093704401306029528e-01
9.605746088647642011e-01
9.718383997404025365e-01
7.770941347314752612e-02
3.221498382599745636e-01
1.403789390300067552e-01
6.186150623214989874e-01
-9.826001820840675194e-01
-4.176117362743660411e-01
-4.928190405917676209e-01
5.499839604389260561e-01
8.494340189956839371e-01
-8.487226458081176261e-02
-4.230907023519359100e-03
2.192560588388570153e-02
4.287981660048495458e-01
8.277482589831742787e-01
-2.345752891007313323e-01
7.470102042129722619e-01
7.835952203721137099e-01
1.603438393215228519e-01
1.574074374134628584e-01
2.346004581427618696e-02
9.838763245347370567e-01
-3.433248423045343056e-01
6.577397294009554862e-01
-7.766680837453803221e-01
8.825116889383699537e-01
1.726382107505020080e-01
4.787198155465499649e-01
5.258044621966759813e-01
-8.007653426687846299e-01
-7.411830833010779607e-01
-1.374743063790917486e-01
3.002297389730244070e-01
-9.039008567339630318e-01
1.599867252812261054e+00
2.837523474872620799e-01
1.102513716279978073e-01
-3.941334590251248660e-01
1.481473151464776095e-01
-8.910710865751056975e-01
8.258662980272437615e-01
7.914920827682001558e-01
7.409456519754453740e-01
4.465019120776432260e-01
1.480355042038097313e-01
-2.687933683911571947e+00
-1.121484382407232694e+00
4.218151192066903477e-01
-2.239214001659949993e+00
5.058998256924546189e-01
2.427952644535242843e+00
1.747852861796754809e-01
6.904926926827327227e-01
-3.729257531811434045e-01
8.510687471178182140e-01
1.135434674150131551e+00
-1.280206898830086981e+00
-7.895662906913969437e-01
-1.454359606717799736e+00
-2.899943935184722044e+00
9.389844383551877449e-01
3.867324643866865141e-02
-5.632069585711032556e-01
6.796756448370027126e-01
-6.777434699630175974e-01
-2.388507941790329880e-02
6.881818643138457592e-01
9.200803895577553959e-01
6.184545055148529258e-01
1.238811805230490615e+00
5.885852301918576002e-01
-1.187102715901340311e-01
-7.830511312478840580e-01
5.651465035289573446e-01
3.179562258766281957e-01
-5.162108721528957389e-02
4.854500589845600622e-01
2.708604696802663359e-01
1.727947822565479186e+00
1.109866212011307862e-01
-1.896779820192780353e+00
3.373034834495052259e-01
-5.733425814920485308e-01
1.909958608180863937e-01
-8.348104064611288067e-01
-4.264956250148856931e-01
6.908356782336049218e-01
5.755207479898343248e-01
1.244987127140737559e-01
-5.399963858534921890e-01
1.194551193045236825e+00
4.423965477063880325e-01
9.665758818721734702e-01
-9.500479279830644774e-01
3.069951313126797476e-01
1.430256797525935042e-01
-3.643572872484834857e-01
-2.774626860968492092e-01
-9.158346748450307828e-02
-8.091807376949511355e-02
-8.816914789569665345e-01
7.679227256381802036e-01
1.989262030549968863e+00
1.593546937770082828e-01
2.771574283904438829e-01
5.714900867659893358e-01
7.634282867256665384e-01
2.731636410458748720e-01
-5.925483576712127221e-01
-8.201261696813539892e-01
-5.459226631206441915e-01
3.999707936250107565e-01
6.060131092773222150e-01
8.611518126964992081e-01
4.263938203987589493e-01
-9.264687251362346831e-02
1.298461799390047688e-01
-9.125681332627855191e-02
-2.714358047032285892e-01
-3.199189553273560360e-01
-8.107417825545517598e-01
-6.350384521131935411e-01
-4.109027571392487310e-02
7.061629110852569724e-01
5.597622277359102227e-01
-5.816936314772014338e-01
-9.709422407531269616e-01
-9.852147827888320109e-01
2.690917977287545781e-01
-5.483615829407384457e-01
3.584599643660100199e-01
5.312577766092863030e-01
3.720526151269485382e-01
-8.581043572078693726e-01
-2.414159190515020592e-01
9.572587068974083291e-01
1.749503920010902602e+00
-3.634220829556995547e-01
-1.261609395649996745e+00
-1.658901892326668071e+00
-2.086841650765827172e-01
-9.534749127396353607e-01
-5.882194802919418208e-01
-9.435212711117937356e-01
4.745296784936332557e-01
-1.533007002924896778e+00
3.654420786979633018e-01
7.805476949054539482e-01
-6.944962881845715419e-01
-4.297972220332313409e-01
6.501774975932972378e-01
-5.046537695613912966e-01
-2.676256947069932668e-01
-8.517011494904045410e-01
3.059517176154107343e-01
-6.169797813371107331e-01
6.836163960523538030e-01
-9.864009375347269071e-01
2.691901486370872343e-01
-1.452423305837750700e+00
-2.794480907427071004e-01
4.792839148759114876e-01
-8.404900025120063400e-01
-1.913612002855480387e-01
-6.069923239033597762e-01
-2.937093764066149859e-01
7.498200778909103192e-02
-7.580262450007304587e-01
1.039272969304496641e-01
-7.749207572193801408e-01
5.397646323870389923e-02
7.630834248585565138e-01
-7.097269828523140589e-01
-1.786735116274972057e+00
-1.823560742229304088e+00
-1.266797911080896899e-01
-1.541652022831523361e-01
6.147524924928734480e-01
-1.326146510811087698e+00
-4.577968059168444626e-01
7.510104092040890134e-01
5.335127448930805372e-01
-3.286246029143200520e-01
6.687514372849936439e-01
9.806120544582308529e-01
-1.102131149150349376e-01
9.667366875255063441e-01
5.327203158572362263e-01
8.077784144222128759e-01
-8.187641595010386464e-01
-5.114801914743263289e-01
9.718801235979469544e-01
2.170334465429696102e+00
-2.290916758262795394e-01
-1.329448742490845881e+00
-7.325276628494179487e-01
-2.200911100584745927e-01
-7.609628980431650813e-01
9.692259013466886231e-02
-8.170437053828938367e-01
-3.616795242811123856e-01
-5.463614356056047949e-01
-1.570939855061814328e+00
-1.499060253123840614e+00
-5.954631365345038896e-01
8.822479552437794137e-01
7.539484949926213986e-01
-6.159138310182308285e-01
1.936284863175521398e-01
3.542831714206171601e-01
2.329354374064609434e-01
-5.055688368627746510e-01
-7.225625420584332881e-01
5.853558854851164117e-01
-6.245245756187955966e-02
7.593502407417331845e-01
1.701779537490418548e+00
-7.480122598279246304e-01
-5.632185864831900091e-01
-1.727358714834759112e-03
-8.833108879579854023e-01
3.363791077116660144e-01
8.392547077165286584e-01
-2.175776285540509392e-02
7.463043316490596268e-01
-2.098539218764740699e+00
3.501330636558430687e-01
-3.008642685464825162e-01
3.403670930503157610e-01
4.001961395447954928e-01
-5.421221728356471203e-01
-1.035461121821175112e-01
1.518613163535459609e+00
2.987813334154807432e-01
2.884052385478069080e+00
-9.332974462501575363e-02
-4.886812922497365541e-01
-3.849189846966765138e-01
1.403133728724660134e+00
-2.234698446316898401e-01
7.318287842389876729e-01
-4.714238234209189304e-01
2.653961493918317038e-01
-8.680756217760179361e-01
6.627195892146671152e-01
8.837271977087879371e-01
1.945262880913582570e+00
-7.608006912413550760e-01
5.679661858446189981e-01
-3.405372214441466650e-01
2.870297629972717868e-01
4.717732020173974750e-01
-5.574500698117778041e-01
-6.235583057308458077e-01
-7.649682987219308394e-01
6.407360257785210678e-03
5.368193137030665696e-01
2.538251425214519408e-01
5.247097533704527805e-01
-5.266358459975826189e-01
-5.377968529985697188e-01
3.385833782085103660e-01
