7.623209686106520167e-01
1.981879017451569469e+00
1.124371278262801921e+00
-9.429412140744327653e-01
8.662211694811596807e-01
-4.308776319851985726e-01
-1.338881339094751821e+00
3.350717403203103961e-01
-6.691811577527257970e-01
-1.585906287276133697e-01
-1.434817880232328369e+00
2.199631480003005901e+00
1.869727186375873540e-01
1.144661003325814663e+00
1.717075326759763598e+00
-8.590538938892329224e-01
1.735130950881267786e+00
8.476889820343269655e-01
4.586947219902943185e-01
9.328647587403759989e-01
-1.144320482975210940e+00
-5.837273418850330575e-01
-1.312000723861835860e-01
1.584734823527858882e+00
-2.125210057477745274e+00
-1.081149161593515817e+00
1.284302625349680538e+00
-2.099998307471724779e+00
-3.294338327942892275e-01
9.279590590087244406e-01
2.234801113974993925e+00
1.515423326833647444e+00
-8.075337786484515501e-01
1.167115319133583462e+00
1.282854115032953768e+00
-6.849595675567878850e-01
1.893030561446724658e-01
-5.858093303424947162e-01
5.802506244921515899e-01
1.587370969431577183e+00
-1.299609396941394657e+00
7.219221073803762379e-02
5.781706806305837443e-01
-4.027400972767818943e-01
1.842147485645709404e+00
2.129813347058132411e+00
-1.989571491722849916e-01
1.250377918919961751e+00
1.013522047949524163e+00
8.092272632865931126e-01
1.630585271391893909e-01
-1.100335474848454786e-01
1.862914530920899647e+00
-1.136126802885136788e+00
6.826283124132959124e-01
1.991449386895780105e+00
-7.873934957735275741e-01
-2.054054190122752033e+00
1.276866060719786367e+00
-6.104091552357424622e-01
5.873889358321610077e-01
1.585109566116351010e+00
-7.130286454094127979e-01
1.340460064965858233e-01
6.121896898594971770e-01
1.899466674763031104e+00
4.861486039923946789e-01
4.739173701251035986e-01
1.260731267097786823e+00
-1.883399888176462866e+00
5.072450860674733164e-01
-1.984325550448855946e+00
1.999081010937377167e-01
-8.043614957269797916e-01
1.015520486413673124e-01
-1.409572297887096148e-01
1.292999916616313083e+00
-9.789381193609029141e-01
1.724860412992746950e-01
1.080723053699219172e+00
-1.728061717093650973e+00
-3.079501278119119334e+00
-1.816090933516555150e+00
-1.482212641052796487e+00
2.376422954871340032e-01
-7.105128653525361049e-01
1.013676568411645967e-01
6.571357285930703451e-01
1.636860316385363445e+00
-1.063142703643194409e+00
-2.264210998473564107e+00
-1.043351566796272722e+00
3.238167665512494686e+00
9.998873608203802110e-01
-7.144148308768982769e-02
-9.799475799895342176e-02
-1.101356713269479926e+00
3.420204535686782177e-01
-6.627003277764856315e-02
-1.751181019270711348e+00
-4.842642227756396300e-01
-1.581132329325196650e+00
-2.282030947846414026e-02
5.914012510930510835e-01
1.625661948043294336e-01
-6.472618311301205907e-01
2.147248140320335286e-01
-4.981061416706130673e-01
-3.067072616035095844e-01
1.758274016987186217e+00
3.212318743536831001e+00
6.564528733113150771e-01
-4.171683115184066093e-01
3.110765143858499893e-01
-2.401225087375839617e+00
-5.056756115343077340e-01
5.814888420641475264e-01
-2.450698593064850606e-01
7.519060459492988846e-01
-1.305244590031804819e+00
5.960766131162059667e-01
4.580997632140776377e-02
2.729002878814901223e-01
-4.265625094208242984e-01
-1.818591628994111975e+00
1.857980714858629367e+00
1.697846223831225743e+00
-8.013954569670321826e-01
-1.091478298563293148e+00
-2.289483076301155606e-01
1.994484230595223728e+00
-1.875007427940901472e+00
-7.606300975385346108e-01
1.026996293963516660e+00
2.320028786657292841e+00
-2.520465704334487800e+00
2.311904967436427816e-01
-2.037673491125341574e+00
1.684517430874247657e+00
-2.714320349793915010e-01
-1.260292503788453811e+00
1.342824499440291031e-01
6.343675646966333570e-01
-2.573333851891951296e-01
-8.813773107200925105e-01
8.012483835400311394e-01
4.150687091322791122e-01
1.575025395364546554e-01
-2.934492601522546540e+00
4.024210557212863471e+00
-1.792091264372941195e+00
3.350833405698975809e-01
-6.981110665592573650e-01
-1.372628980903942253e+00
4.103280062082649282e-01
8.950388004602349845e-01
1.945496213232878469e-01
-2.904610136496593942e+00
-7.292769878348002166e-01
-6.237646238273314436e-02
9.844468985930557858e-01
-7.810300492748766255e-01
2.962288709957231703e+00
-8.573588355488410695e-01
1.859702939684126921e-04
1.168599939490348794e+00
2.050944042093712838e+00
2.815303335906437776e-01
-9.294097297205831110e-01
-3.531930544614050316e+00
3.533352549924537733e-01
-1.945763095653221697e+00
1.678876612077512265e+00
2.147731612938995061e-01
-1.907201549776627036e-01
-1.917132011443111850e+00
1.334598225377459979e+00
6.990948735376355527e-01
4.763945814059090955e-02
1.111582983679083592e-01
-1.332046033365658910e-01
1.599337061763124845e+00
-1.656449945567042559e-01
9.418289781418562878e-01
1.386290618820521292e+00
9.612081802742262759e-01
-1.534600949445834139e+00
2.000287048874993534e+00
-5.563994711614630995e-02
-1.264100758405894087e+00
1.179069944842467965e+00
8.754416787052043958e-01
-2.861692407120776771e+00
8.068984771322322835e-01
-5.678330703327282292e-01
-6.255116625685440690e-01
5.295083833451484923e-01
8.241616470174530917e-01
-1.052453576532508928e+00
-4.844542937600390120e-01
1.151860859718179420e+00
-8.688635302036598063e-01
-1.900186993797245982e+00
-1.842886687069242857e+00
1.880074762543710643e+00
1.258301056673666984e+00
3.133706990252131952e-01
7.621916551897336412e-01
1.464491972538407794e+00
-6.733292363631362409e-01
-2.123092621658141610e+00
1.671872190180498263e+00
-5.193430506480032349e-01
-5.586885670493178108e-02
-2.092970712956340462e-01
-5.109826730352009516e-01
1.301407326958843313e+00
1.174496752272802036e+00
-3.371683315612342136e-01
2.555507572978450992e-01
4.226123046421892959e-01
5.701928215116376375e-01
2.520049490661530722e+00
-3.842279950264942956e-01
1.197798791619328895e+00
-4.034225584150862298e-01
-2.016850162764756427e-01
-7.762315206865434414e-01
3.072082578825821919e+00
-3.952308701495416132e-01
-6.252910623792684586e-02
2.337265031083454403e+00
1.489719800130113736e-01
-7.255868834585487148e-01
1.738607723990836185e+00
8.936800548351753193e-01
5.832133028681476539e-01
-4.961781951100927013e-01
-1.874193815215384085e+00
1.440523616808099483e+00
3.168196055122728949e-01
1.045294242644492222e-01
-4.982250083706281085e-01
-6.885574434344602368e-01
4.224267953913362628e-01
1.580757308626930202e+00
1.856772057129540743e+00
-9.093094492494648851e-01
1.449837148923758479e+00
