-5.050153468134892520e-01
7.853941852507118071e-02
2.331793768810148215e+00
2.058669017301628656e-01
-3.921348393678880662e-02
2.529045260156101982e-01
1.676497553346085079e+00
-8.714460170785920390e-01
-3.375872498501850671e-01
7.883642116486251350e-01
7.722095784058826684e-01
8.580105082252837967e-01
8.081742132857459016e-01
2.412646828753577388e+00
-3.480668035256579973e-01
-9.530342388653316732e-01
-9.740021530276088413e-03
-7.637788421191329391e-01
2.007778036252845233e-01
9.513485405357982039e-01
-2.641138066888691904e-01
2.785887767965447015e-01
-6.000722463596239731e-01
-3.524640242118759481e-01
-5.640817118914926986e-01
5.103168369328352494e-01
2.017910833240891044e+00
-5.158687916324014022e-01
6.041381493421842386e-01
4.317690261249491623e-01
-7.074790666554178209e-01
-1.489331494094435993e+00
-4.258725968158119102e-01
3.273992827168852315e-01
7.285589614335545861e-01
-6.582652794439567412e-01
5.542376058787399362e-01
-8.793780998547990890e-01
1.628996932931832120e-01
1.290173900830680065e-01
-9.333878042002787812e-01
8.603243162181364312e-01
2.641593909825443731e-01
5.222385264437627850e-01
-1.731801545125934982e-01
8.960570014676674244e-01
-8.621946634850032876e-01
-6.589303710530305391e-01
4.950644797143022302e-03
-5.187685131766679447e-01
2.478572533412348733e-01
9.902221199006299157e-01
1.202071420429045023e-01
7.588560003825242095e-01
-1.400367808253091262e-01
-5.537136081436360158e-01
8.129778138256721354e-02
6.616939945225861486e-01
5.799391674530696150e-03
-7.528891100344081710e-01
-2.148142467722764515e-01
2.069276723330384371e-01
-5.656260431309627634e-01
9.680444029187418309e-01
-8.042192066725839528e-01
7.615776090324957170e-01
4.264061278883752859e-01
2.212300937990940852e-02
8.176915728426337182e-01
-9.242664432750542503e-01
-4.640972155221454454e-01
1.979176385950318084e-01
-7.633219418782895005e-01
-2.741068133108990335e-01
4.736801147996239081e-03
-1.307298029667448791e+00
-4.491940048310514300e-01
-9.553913393297190915e-01
2.805053179993122647e+00
3.376170783904446360e-01
-8.449693150170227707e-01
5.928320207001545050e-01
7.004269994046548042e-01
-2.037933071867170653e-03
4.951310031118796307e-01
7.389620132085861215e-02
1.468787699996635387e-01
-6.294764859621488906e-01
1.051723532426855900e-01
-2.411608527373894084e-01
-7.070825311937460889e-01
-7.128548225465751731e-01
4.764538507117606070e-01
-9.602690122881687440e-01
3.091717148201043042e-01
8.641952577028360061e-01
3.633391801882011052e-01
5.630953773407951779e-01
-3.052023678927484607e-01
-4.576051847369555503e-01
5.355428592815101307e-01
8.129728735108436855e-01
-3.256427150510388113e-01
-2.156843218495845260e-01
2.520466468832107676e-01
1.578966011464128183e+00
-5.418420318817019909e-01
-8.165947841748768532e-01
-1.249662323318501134e-01
-2.082444512048136076e-01
2.422940372235895534e-01
2.885741095849654325e-01
-8.547452434242317487e-01
-6.615472431416513643e-02
-1.884213176521565281e-01
9.528789184067869567e-01
-2.441721928341595849e-01
9.275616046059491637e-01
-4.104197818552242083e-01
7.286865983792816248e-01
6.472646483294210995e-01
1.850382841493777297e-01
2.947468264799231186e-01
-5.281117913016697418e-01
-3.660745986757756310e-01
9.064521930014317608e-01
9.196456168099335082e-01
6.563641452830974998e-01
1.191690176411981383e+00
-2.874009164899637980e-01
-1.051919525485951468e-01
5.113278366419150567e-01
3.908188494666162693e-01
5.440179911449252170e-01
9.176602778766176360e-01
7.533292853569324432e-01
-4.408002801429222739e-01
-2.269393887255246600e-01
-7.109831140372167013e-01
7.220741557478089767e-01
4.712984110246631886e-02
-9.283176837741966558e-01
6.960522653920947489e-01
1.696266507417574232e-01
-6.814257974950579388e-01
1.498006042744105537e+00
7.011946354324760655e-01
2.742115544946972516e-01
-4.087887000889230960e-01
-6.125358803148213127e-01
-8.066121171256777078e-01
-5.578883487445764899e-01
-1.542591703462659058e-01
-1.865172646744812646e-01
-6.287972491808893061e-01
-8.900977397478528896e-01
-7.709180091090075404e-01
8.803788749756757959e-02
-4.120280481220386370e-01
-9.583348667452185055e-01
5.543942954509391008e-01
5.361509112540829847e-01
5.102071168842969850e-01
2.485750820226846347e-01
1.650562038709939561e-01
-5.155215757440749780e-01
2.079509824375689320e-01
-1.210355791439769457e-01
5.999216179817317141e-01
-4.253649102410237415e-01
-1.712249820580780124e-01
-8.207185376747960781e-01
-1.835489852106673148e-01
-6.845263870205793300e-01
-4.134940278977825567e-01
8.495999028891483285e-01
5.318161209903822240e-01
-1.727698500756484901e-01
1.040754493640631884e+00
-8.100247180479032139e-01
2.506738767969969306e-01
5.661561537893822216e-01
2.986292130769241382e-02
7.687211069710908617e-01
5.274990206856187136e-01
-3.930640598877324088e-01
-6.616939054012949128e-02
-7.810015495757778314e-01
-6.077376952725510595e-01
8.699260345853088161e-02
-5.377869547808089568e-01
6.942358243886999070e-01
6.063189117899472347e-01
7.108794077391074051e-01
4.707570667578877543e-01
3.428902277136081089e-01
7.663607229800588616e-01
-4.568812469779923724e-01
-6.191818977514331745e-01
-4.865381563517252594e-01
-1.915747916336665302e-01
8.292773968344215874e-01
5.878293239912837365e-01
-3.604335130656413089e-01
-2.949204695735567761e-01
-9.746788424805183926e-01
-5.544214665531950192e-01
4.465020841681432984e-02
2.409131608375325584e-01
1.801802308045426182e+00
-6.536641862523870916e-01
5.356703760742551612e-01
8.533615596420944804e-01
9.918832349529083103e-01
-5.957836865114853886e-01
9.342114351297154951e-01
-8.729905803969286726e-01
2.156973752105657560e-01
9.151755883452306062e-01
1.946287509912070224e-01
-9.945105214974891972e-02
9.195707458834390113e-01
3.078252746926868344e-01
7.115992815961889040e-01
-5.491772194191155698e-01
-2.292041333047394325e-01
6.396866105804344116e-01
-2.906534078923497244e-01
1.994075829167076819e-01
1.544562891824921014e+00
5.289734263525533997e-01
-7.212127797911578320e-01
-5.225490815129991695e-01
5.883239405495339636e-01
-9.659644716271247322e-01
-7.499282951669734576e-01
-9.508384787987766984e-02
-3.357969777818143875e-01
4.906242305867423159e-01
-9.711804671005008771e-01
-2.894408320113297517e-01
9.699534252052228744e-01
-2.124177244220293304e-02
5.414770490545832704e-01
3.264791403989466545e-01
9.858746201103292250e-01
-6.224486385783269959e-01
-4.396826651973002598e-01
9.844288484377801129e-01
-9.560607385800290459e-02
3.141662021284670203e-01
-9.052596245562234412e-01
-6.277032984529444803e-01
5.457687428925110940e-01
1.350078467048381858e+00
-3.547000015729374622e-01
-1.484837572309369857e-01
4.861929217166405248e-01
-3.746507810424286600e-01
2.596956143514819182e-01
1.941984627804012042e-01
-5.095303525150263191e-01
4.378050727080100568e-01
-1.143919211115179690e+00
1.131136684340144472e+00
