1.966713770863837585e+00
4.886726149819484721e-01
-2.576340453583262358e-01
-6.036497202940376283e-01
2.322345386327747674e-01
-6.661903447977568504e-01
7.121188258271676785e-01
-3.886102996072693938e-01
1.399487173533682460e+00
-7.429711379307664121e-01
-4.163471049980769223e-01
-1.911708380856328438e+00
-3.600881562899514443e-01
3.448181680817817285e-01
-6.438841929848913015e-01
3.576363366259505128e-01
-2.353307509600899572e-01
-8.463256865970167908e-01
1.070644904545152043e+00
9.850676550313801627e-01
-1.347037466009656681e+00
-2.746537369011427601e-02
1.154790545641922295e+00
8.683694676364822618e-01
-6.983915249585584961e-01
1.459180669428661037e-01
-3.389874368353555378e-01
-1.147166866621931680e+00
-2.274161818092306664e+00
-3.651371830359888271e-02
-9.387808554304273301e-01
7.479944522605003199e-01
5.460984671181728922e-01
9.004333641942620370e-02
5.037310643150548772e-01
6.325841395081230889e-01
-1.174963437363939711e+00
1.860722284519196190e-01
-3.963982288252029251e-01
1.332043306126295512e+00
-1.209453024742317195e+00
1.280516036657921575e+00
4.507971270004567099e-01
-4.971777947904033046e-01
2.578962581138460539e-02
1.055784129178277242e+00
7.267901505679655871e-01
-1.141210536720962954e-01
-3.045750257026813013e-01
-1.834860496438466715e+00
-3.350424764821463564e-01
6.126759204406907466e-01
9.223903419201306964e-01
1.010658835984706849e+00
-6.019442463126686294e-01
-1.165027016243967539e+00
-4.670390516218530519e-01
6.262676018957130664e-01
-4.218038291236847481e-01
9.389413941312836354e-01
-1.674348539303964323e+00
-8.432335425215330416e-01
4.651984463643944467e-01
-2.173617350149263661e-01
1.034155955514758807e+00
-1.792138755440052078e+00
6.591875312266437525e-01
5.925916048528172553e-01
-2.232697606968253590e-01
2.885414031178462624e-01
-3.786624713450562063e-01
-5.490041280540813862e-02
5.092358090831511364e-01
-2.863299575505825256e+00
-6.654060127148052617e-01
9.309790894881030399e-01
-9.701742195356812815e-01
-9.241999541802405904e-01
-3.885933118964913224e-01
-3.624474769819781284e-02
2.328332977954901573e+00
1.981255793525271702e+00
7.612341193387409666e-01
-1.888690743287302354e+00
-1.446224575224752007e+00
-3.387529536906780936e-01
-6.552504447632929718e-01
6.583261494391059454e-01
-1.216513855572081582e+00
-2.399448113082113476e+00
-8.707031439254700467e-02
-1.332736690825705006e+00
6.265732055202649642e-01
5.602594689970682822e-03
-8.588871240788996664e-01
1.600949473044828986e-01
4.419251362623595747e-01
9.575151994660709986e-01
-9.335052609553186054e-01
-5.101988850903024231e-01
-1.894499928100862318e+00
-1.783139757046589224e+00
-1.213462022927971340e-01
-1.051271817166087086e+00
-1.529320384298165747e+00
1.517578229963919334e+00
3.107631903841333032e-01
-1.276536372629897498e+00
6.821265551886654954e-01
2.222360236702577985e-01
-1.706549950205799304e-01
1.744375859587927291e+00
-2.865971352909433278e-01
-3.564582929325276761e-01
3.243444780263181615e-01
1.847460286162798393e-01
-9.904405224010323083e-01
1.472793491935037169e+00
-8.643443719763514999e-01
1.189535513372003361e+00
-1.319531254943406173e+00
-4.075503813439869116e-01
3.160984399619425900e-01
-5.995649902190490488e-02
-2.287384820169460764e-01
-4.344343233778591995e-01
1.008669565238969890e+00
-1.133488731051706777e+00
1.246433204089000935e+00
-2.082497703424490698e+00
-8.447048125450247191e-01
-9.690170143872453012e-01
1.255231068865906741e+00
-1.176533475256100303e+00
-8.951283023723997090e-01
-3.075792403888484294e-01
-1.182178457101484170e+00
8.303224874577527226e-01
-7.814861777965248502e-01
-1.556673025553844569e+00
-1.084691887212204442e+00
-1.144355766775815297e-01
-1.051744302624073146e+00
-5.369799065508991109e-01
-8.026497235101119898e-01
1.230719984582763438e+00
-3.746915394955283030e-01
-3.695133419459568080e-01
-1.553481861950213420e-02
6.834466679394082256e-01
6.433397368696743834e-01
-7.748955497524875335e-01
-3.304258307292892716e-01
-1.208500795975649300e+00
2.070863535478554840e-01
-2.279210237487263313e-01
-6.719790402345029445e-01
-1.558129278609806212e+00
-1.431253788172730079e+00
-1.238864456177263956e-02
-7.034110883246116330e-01
6.062503975229850406e-01
-5.947169038082372738e-01
1.030089053922591535e+00
-5.774793092809178685e-02
-6.593608577084987266e-01
5.611179521665337067e-01
3.687642415328672985e-01
1.016339608489149615e-01
8.854725011150947900e-01
-9.410620877539374041e-01
1.409840319322440694e+00
1.796833085415137310e+00
1.218715815199757468e+00
1.592414627752588296e-01
7.164919059234966525e-01
1.304140307344404226e+00
-7.583545298390166334e-01
9.034069990679979845e-02
6.982630020225728540e-01
1.321365606219279787e+00
-7.624626471547243378e-01
-1.191444448415557994e-01
-1.084533701492504720e+00
-6.817299762811118713e-01
2.969203687434154304e-01
-1.138282021109811915e+00
4.237961852678830410e-01
-1.374732403168484218e+00
2.244098323046004040e-01
-1.605503706277754405e+00
-8.336204007985694719e-01
-3.335496661086015946e-01
1.018510700886924081e+00
-1.609663997631645804e+00
3.943103773938460566e-01
-4.574906202616909057e-01
-3.909955385132304340e-01
-1.350665859024832161e+00
-3.281640876608760693e-01
3.626290635424286868e-01
8.457094227406972142e-02
4.354099788902341950e-01
7.663535057147181639e-01
1.477993185787969399e-01
2.795675159141673971e-01
1.150139391681682888e+00
-6.634991546323911749e-01
7.154955490988680437e-03
-1.266072789884305827e+00
1.628921680938109351e-01
1.623884526884908919e+00
5.956932266956287414e-01
7.768322298848174823e-01
-6.253949158544185316e-01
-7.985494426562502746e-01
1.008593732474774685e+00
1.123776039058859366e+00
3.101426155581585298e-01
-4.219944151218633921e-02
1.287706745478680581e+00
-9.126137819611258584e-01
1.533134913408534139e+00
1.125742461357508301e-01
1.506119583588490407e+00
4.569901708547979835e-01
1.272336919644231623e-01
4.964509533465993329e-01
-9.661172618978030036e-01
-1.476403152388317853e-02
1.452882877893655778e+00
1.239576013619329453e+00
8.502989166995598147e-01
2.273955132072590146e+00
-6.775534339090003577e-01
-6.481385004569832908e-01
-1.847244904675477417e-01
-4.566712622839635971e-01
2.331356268572368773e+00
-1.971155081190822500e+00
-5.052138330829522572e-02
6.289636527713078351e-01
9.537372615776948948e-01
-7.353395460429825725e-01
-1.417364307520765809e+00
8.184747497158692542e-02
-1.545667362100211273e+00
7.376450083017001003e-01
3.478390084342807276e-01
-8.815013185263455009e-01
8.055464318796355938e-01
-1.211024787834199951e-01
-2.625801553991460313e-01
5.879322776035870168e-01
-1.831776809967731623e+00
1.044751128895926806e+00
8.781011708150164852e-01
-7.670747680525156209e-01
-5.687741783866535894e-02
2.630400693466232731e-01
1.675137841066062228e+00
1.749647550763151260e+00
-2.869448626974042127e-01
-7.097481332098559692e-01
-2.885901866271511906e-01
-1.695477329077972772e+00
-1.436125352604672001e+00
1.106236746214377176e+00
-1.219303286065851921e+00
-1.276660093960639175e+00
1.808724008653569859e+00
7.286193942536969281e-01
4.634936732749345700e-01
-1.005655099056520889e-02
1.054064938264049622e-01
-3.292159433004528957e-01
1.372170933143827432e+00
-1.084075748930439925e-01
2.857315375003466329e+00
-1.337610959861407656e+00
3.574540379075835661e-01
5.372681723540876364e-01
-4.108473168340498471e-02
-4.393778725832845899e-01
7.352193381702213371e-01
-1.544477654620553198e+00
7.899179946886654147e-01
4.846781472294124926e-01
1.052146135494121060e+00
6.851945323828209089e-01
-8.400209836954739551e-01
-7.762098705503513996e-01
-7.082444208587429513e-01
5.422215635414837642e-01
-6.242274593321995857e-01
3.888818304824347427e-01
-7.055475466207554724e-01
1.391979835075630278e+00
-1.118910941062148945e+00
2.516455642408548798e-01
-1.712147908625814285e-01
4.907674861127181987e-01
-7.840227008573382728e-01
6.072634464891579764e-01
-3.641610629708277175e-02
-2.901529162443605703e-01
8.040866979031867645e-01
-7.666754727349153198e-01
-8.234119045358553324e-01
2.399145817443026463e+00
3.955126950973825162e-01
1.241434603253418256e+00
1.509526322524890884e-01
6.227162007501233498e-01
-3.737024221140300417e-01
2.937796206498048401e-01
3.830268933373419671e-01
-1.398060942701387255e+00
5.381718938090563897e-01
-2.588504986720037149e+00
6.818420747024455109e-01
4.574832309244342143e-01
2.062393388424565432e-01
4.286897757176632573e-01
-1.469007508587421018e+00
-2.812741760131153845e-01
-1.339484969506422596e+00
-1.050569903264476412e+00
1.675626111013982289e+00
8.251049595061034081e-01
-4.979341963763471157e-01
-2.685374200328517758e-02
3.283328296002169910e+00
1.029293935362795676e+00
1.402015330323110209e+00
-2.073644269857349176e+00
2.533023442429320760e-01
8.972122508675077768e-01
2.234691808358387544e+00
1.548177466138633607e+00
7.223467785407706732e-01
-1.287579755877895415e+00
-1.036166493776912390e+00
-2.052275335357116870e-01
2.401163198277278088e+00
7.938424268839942011e-01
-4.916889303108725184e-01
1.997919522936742798e+00
3.625389697233620812e-01
2.336856571759406087e+00
4.141080402882193479e-01
-6.347749350782889988e-02
1.405272020352833717e+00
2.652872061171608897e-01
4.494570504083097301e-02
-3.995057644413925746e-01
-1.046957472314054227e+00
-1.078846284055576144e+00
3.353827202895192650e-01
-4.683281053597713739e-01
-5.998343227848110248e-02
1.657922940103978782e+00
-1.257978193990591187e+00
-1.368931460564133396e+00
-8.776191878925313633e-03
-7.302541771509843960e-01
-1.253780913215937765e-01
-3.197827600583938445e-01
-8.183817930358920911e-01
4.341087559626133352e-01
2.674006233753600803e-01
1.487191248071146443e+00
6.505142880484171553e-01
-1.086584446144946092e+00
2.029122230264106541e+00
