-2.051332409831494008e+00
-1.756350792211025968e+00
-1.209148258393404562e+00
-7.050733720019590756e-01
1.195135724533888943e+00
-8.296924203971767220e-02
2.083388869745311123e+00
-1.092838654795266484e-01
-1.510371377787680824e+00
-6.884600536972578233e-01
-1.567777172927980800e+00
-4.851003444405874165e-01
-1.206754871937369078e+00
3.082854767521803208e+00
-2.064754477308058611e+00
1.417160770553012039e+00
-4.741207781195228566e-01
2.478707644861714243e+00
1.339766658657428167e+00
1.719477756909059796e+00
5.737380946879010457e-01
-2.336106224475178461e-01
-7.298098678343466483e-01
1.807343975361820121e+00
-9.080935993726344524e-01
4.458720010172041448e-01
