-8.767805589704783520e-01
3.618822200983917714e-02
-3.090828442950055432e-02
5.901605106221050612e-01
-4.281053155909252811e-02
5.459737438867284798e-02
2.170551117281680042e+00
1.751257138639713107e+00
-7.414083684384431550e-01
1.756996450711256208e-01
9.584840412054950187e-01
1.146141815005112807e+00
-2.362919977084000367e-01
-2.491712913594014367e+00
1.517587481249139669e-01
-1.737100933792850466e+00
-8.899321592638225198e-01
-7.747408309286394346e-01
-1.445644767176014422e+00
-1.083342286592352099e+00
-5.825662328207503737e-01
5.541217298326900353e-01
-7.005673886864959288e-01
-1.763241749713840845e-01
8.318205225952014503e-01
-3.453254648624441425e-01
1.205002830936460656e+00
-4.991315237995500032e-02
3.742340533387096713e+00
-4.986389528322608955e-01
4.443475356409943289e-01
-7.098408909507942788e-01
1.114080893810630357e+00
-1.321066586545960986e+00
2.303329126532828841e+00
9.243846106044899535e-01
7.764783358452066464e-01
-1.180927552911631651e+00
-1.789225434267768478e+00
7.019227847931809317e-01
-3.807782290534261760e-01
-4.465923202807355330e-01
4.919107080407987276e-01
-2.843350613649568981e+00
-1.224513239670222742e+00
-2.243279787542334258e+00
5.879707301506543748e-01
-2.294470209287167162e+00
3.562297497446333061e+00
-7.685029875724658233e-01
8.830297646444362769e-01
-2.312476184501632837e-01
-1.096717325019399114e+00
1.938817556967911582e+00
-2.703256288293381382e-01
-9.513741305039381535e-01
1.005851057907002355e+00
1.345189935038567874e+00
-9.397793257730102656e-01
2.224510959903129415e+00
-1.045732393632722301e+00
-5.085812146596544459e-01
1.221056545511643332e+00
-1.749376975165360726e+00
-3.017622291942231083e+00
7.993625057361264385e-02
-1.389123432569022154e-01
1.089209232296634022e+00
1.173317856323932373e+00
-2.570608433900911205e+00
2.018931036320113503e-01
9.977403868070144899e-01
8.684615871561440770e+00
2.494649195874075076e+00
-6.782861018463925973e-03
-7.298522075313380597e-01
1.344624119534030271e+00
-2.566298579472046537e+00
-5.222072908392649815e-01
-6.647155478451451938e-01
1.209328066686623071e+00
-3.475641411863246155e-01
2.357767320214696927e+00
-1.179480534981259154e+00
-1.655298667954999248e+00
-2.796147161958437155e-01
-5.359809336540631852e-01
1.493708955698904495e+00
3.779606528403148258e-02
-1.196843319261454930e+00
-6.979000323553893326e-01
3.579389058815728442e-01
-6.651606494437090067e-02
3.477125851050448802e+00
9.955175464102186123e-01
3.179794626030249649e+00
-2.185513154920294188e+00
4.497029283629844776e-01
-3.321439540520493283e-01
-2.084694735485099759e+00
-1.333975159372567942e+00
1.960666844559045829e+00
1.536333265306176310e+00
-7.894090649940048721e-01
-1.684395888790448659e+00
1.617041555227191618e-01
-4.760575982688316499e-01
9.712432410180802389e-01
-2.046503133892009441e+00
-6.862102194452390780e-01
-6.079141607356114418e-01
-9.158779539802270886e-01
-5.912620584004757429e-01
1.485468329670161847e+00
9.887177378111478010e-01
2.879632434217717751e+00
-5.379132213165361831e-01
-4.465146182235908423e-01
7.133516008905514960e-01
1.641639181530726077e+00
2.715653774472801096e+00
3.109530170124324422e-01
-1.372364487067741834e+00
-1.849555986873300251e+00
-3.956475517127860941e-02
-3.807073948251719631e-01
-2.825098807592959504e-01
-1.563902259178651111e+00
-1.007370720300075018e+00
1.564787684134185675e-01
-3.982157745503854818e-01
-6.763114004200934115e-01
8.081473511976946522e-01
-1.217307965366813294e+00
