-1.551724778579317565e-01
-1.223821481802818134e-01
-4.113528874785059131e+00
5.424803045806242396e-01
3.104341567138619862e-01
-2.011102382864419447e+00
7.084749291839135266e-01
-9.459812155566164060e-01
-9.316985140946442145e-01
-1.701652471579034875e-01
-3.387536190069357356e-01
-1.433796023658796770e+00
1.757492365924826938e+00
-2.530602709095846503e+00
-2.799701497271656070e+00
-1.515536995459654257e+00
-1.181966701804862074e+00
2.202972589410238102e-01
-2.690403600963751085e+00
1.481464054060873003e+00
1.198338143426894709e-01
-1.596014618140932484e+00
-4.000342424676320618e+00
-6.231284170752930951e-01
4.147279396736992751e+00
4.262346638996605819e-01
-6.807970119325149616e-01
-2.160398842272339692e+00
-1.807245332459496812e+00
-1.419639163302606200e-01
-2.639485232719944729e+00
3.057680795600888346e-01
1.750154104981134884e+00
-3.508296486188253738e-01
-1.118801054531929129e+00
2.940996182622535038e+00
7.888258866312464201e-01
1.487422339705118945e-01
4.077323977439866187e-01
2.005400361745697246e-01
-9.501028693244827350e-01
2.324219862009193616e+00
-6.337560155521997363e-01
-6.411606062012603635e-01
8.196136621745804263e-01
3.481860834547613748e-01
2.954077739386367085e+00
1.633379026488617880e+00
-1.453503300078016869e+00
-5.612593284873496069e-01
-4.596552187400253509e-01
-1.452661975795740412e-01
-1.647277870834097824e+00
-2.973052864861905675e+00
2.110400792464837583e+00
2.911686439511090629e+00
6.896259374152101662e-01
-1.441076315068107405e+00
9.722521428548154265e-01
-9.336627052421664352e-02
4.971928762249894218e-01
1.054109875828178611e+00
-1.329497822678817220e+00
1.922522720030215737e+00
3.225101005593580261e+00
1.200879811001073355e-01
-2.276191438994762395e-01
-1.378177069884618078e+00
7.984754129735579520e-01
7.600187531823592302e-01
-3.333823220563210121e-01
-2.967391418967138872e+00
-3.770744264575006666e-01
1.135879678621812827e+00
-1.421368432931835235e+00
-7.811210401343651188e-01
9.890359820296037441e-01
1.318358298938918871e+00
2.283453548168556058e+00
-9.958293680409947557e-01
2.382821569210924473e-02
5.907690122517869069e-01
-1.846789678634508158e+00
-1.891772933886245678e+00
1.266248749957752606e+00
-2.457467366153421873e-01
3.738073723915535940e-01
-1.209334243000235842e+00
2.738079532207639222e+00
-6.069983522832099465e-02
2.398906545092919451e+00
1.950667172594783949e+00
1.309115857583649456e+00
-7.496338971821134844e-01
-2.471688357441099715e+00
-1.422598576498870893e+00
-3.139940081245546466e+00
-1.609432096455943206e+00
2.129031796218310291e+00
6.799378437458618585e-01
2.530853453402112097e-01
2.284084132036360959e+00
1.776575191529267350e+00
-1.857256597798947251e+00
9.593868907450957551e-01
-5.244153600217029698e-01
-3.593979371966147252e-01
3.478767067543022229e+00
-1.637063232133826540e+00
-4.483016117894007557e-01
9.017537766489315265e-01
-3.321127829700271317e+00
1.082144620920872047e+00
8.147873792977228247e-02
-1.769698723579823163e+00
1.776685707677977177e+00
-1.593916408452607403e+00
5.441218429360856756e-01
7.437231546172750063e-01
1.787716229720601291e+00
-1.578746800458702637e+00
3.184857068152546766e+00
-3.199068501243652829e+00
-3.242655450215182977e+00
2.159296723392231332e+00
-2.780797952039141041e+00
2.331480592365335336e-01
2.352757076802461711e+00
-2.188172879606428145e-01
-2.799820366820238715e-01
1.356571218278528113e+00
3.533752436047585821e-01
1.959064453684467022e-01
-2.298436193924407789e+00
9.695476776749971659e-01
2.434703757492029386e-02
-2.231966239350644532e+00
1.955884567757919523e+00
1.655391718436282300e+00
-4.992159791192470331e-01
9.924235538675408863e-01
-3.127440937743097393e+00
-5.841576828736712024e-01
2.159647709926073578e-01
-8.628638291158394757e-01
-4.426217600276625141e-01
1.262359725617960393e+00
7.997441817573214262e-02
-1.031490972068485501e+00
2.107221111628535815e-01
-1.283904873686346482e-01
2.819629011848815980e-01
-5.220986007741579282e-02
2.483122791501235049e+00
-6.861608529955698366e-02
2.219183868339759336e+00
-1.142632989362851736e-01
3.654208918549442409e+00
1.154253599949346620e+00
1.685796049651512085e+00
-2.491214685011171603e-01
1.146143763776686919e-01
1.024747744273914352e+00
4.989091745771299657e-01
-2.841324621240128412e+00
1.076381184428953919e-02
4.379799466026179644e+00
1.875259049764651298e+00
-2.961485986674136761e+00
1.790158322511475220e+00
1.696799981323098283e+00
-1.993973597529494990e+00
-1.843617942637443496e+00
-5.866420410165801513e+00
-4.630007553092045924e-01
1.763753708963636591e+00
2.318909551449101603e+00
-7.947511240691180756e-01
-1.458976051160000287e+00
8.143238867170607964e-01
-6.947963495346494156e-01
-3.592627653574367863e-01
2.420625913817210595e+00
1.616598899853939786e+00
-4.231201753430082757e-01
1.095036248772240928e-02
-6.735543790148524890e-01
-5.903649501681811351e-01
2.040727867230083259e+00
1.668636371741379243e+00
2.751253598396633748e+00
-1.333269553538266594e+00
-1.855387947392188597e-01
-2.792092873220415772e+00
-1.599060991878709759e+00
-3.226645643710344125e-01
2.805995890691840966e+00
2.335046345557024061e+00
-1.793102143648616531e+00
-5.461552396081175154e-01
-5.147200299669565382e-01
-1.501588840364236788e+00
6.963468109182191501e-03
2.283164753832506388e+00
-2.628812619443662069e+00
1.922031225270466326e+00
8.452290541608320495e-02
-4.842338484197280524e-01
2.635199433516276279e+00
1.454944169846163149e+00
-4.761003185990108300e+00
-1.553741279344989401e+00
-3.312319055578658578e-01
1.355498912790399357e-01
-2.324515079607412993e+00
-1.017857632733999429e+00
1.819336276565006738e-01
3.155601107484556689e+00
1.029593661873468680e+00
2.628485648723847490e+00
-1.261251225874477466e+00
-2.668004520316536343e+00
-2.964732377002112784e-01
1.982618506675485559e+00
-2.874383250560351044e+00
1.189826738093121561e+00
-1.513867175835220902e+00
-1.673548799205210047e+00
1.994748000865071980e+00
-3.071329326823541983e+00
1.224851853053396278e+00
2.196020571087571316e+00
-5.642148976551112360e-01
-2.057598795182805862e+00
-1.236659690332327255e+00
-1.034742205638591983e+00
1.148812396397067337e+00
2.184513184730707547e+00
4.295158853826627210e-01
2.977289745986834824e+00
1.178279198670749706e+00
4.130732916353656581e-01
2.490323673251641612e+00
2.697122127798403213e+00
2.482896085871426628e+00
-1.472591883389520628e+00
-7.821129291724499000e-01
3.658103011031721419e-01
-8.802339656728007389e-02
-1.317522435032711492e+00
-5.188960606999534875e+00
1.956087079740956192e+00
4.591113907439122732e-01
-4.228069873172357607e-01
-5.806503644299773059e-01
-3.007915706222203056e+00
-1.044210041913222087e+00
-1.880949626577960165e+00
-6.905348427353162899e-01
-2.936543712336516343e+00
-1.110063030303921394e+00
-1.745088488885698785e+00
9.027290246825288023e-01
3.173039583600867353e-01
9.790295373056976391e-01
