-6.995208208992818033e-01
6.584504826322434834e-01
-1.302863670922443040e+00
1.383241282062802835e+00
-3.941338458371151238e-02
-4.500855971095961694e-01
-4.978697919474346367e-01
6.151803290716316430e-02
-4.209965910706947589e-01
6.717185387607056413e-01
7.004660528857776791e-01
6.163966589535331275e-01
-1.160689875185363151e+00
6.659008258059020413e-01
-9.960919756895973975e-01
-6.191383643653746160e-01
-9.570876066135785010e-01
2.063466425926124836e-01
1.452567587308916525e-02
-1.102883214918844168e-01
-9.151579789456246727e-01
-3.417129818517252327e-03
1.777355920401252343e+00
-1.219933715926453610e+00
-1.846737522097417816e+00
2.036086081652928592e-01
-2.190309735207533470e-01
5.755029644107096942e-01
1.475862229519164126e+00
-5.671064069047808687e-01
2.612442127425455007e-01
-4.166958269988595420e-01
3.215825171088349532e-01
-1.077024655076574744e+00
-2.437522415634843787e-01
1.988705820741262897e+00
-1.803693556663230890e-01
-1.761306847643815621e+00
-7.167886521764096353e-01
9.607381127864844661e-01
1.227229792899468652e+00
-6.579640187677471275e-01
-2.421535199834441154e-01
2.004902859154300832e-01
-1.038751716427940286e+00
1.727040724112650361e-01
1.092388491124627103e+00
1.049522234841029134e+00
1.669556458245849306e+00
-1.245560747046682959e+00
1.588735084620043203e+00
1.826768613481495107e+00
2.510949329370352201e-01
2.305632532420726910e-01
-4.919029212890535518e-02
-2.426618695589163099e+00
-1.789906257405612156e+00
7.753909548334585455e-01
-1.774508727104559536e-01
-2.758831416756203914e-01
-5.916024228979049893e-02
-8.209863441161103781e-01
-3.010964106366256776e-01
-1.280140390187906485e+00
-5.110335545930136392e-02
-1.142400711949140391e+00
1.697593839863373644e+00
-1.140945050820034501e+00
-1.791219511730120395e+00
-4.683746291804967432e-02
-2.374680042842147176e-01
-2.531688003925078867e-01
6.156384852206772118e-01
-1.279776181464973517e+00
5.837812114685653198e-01
5.817528344934930207e-01
-1.239085165828268442e+00
4.139126788315656835e-01
-2.196171318503496728e-01
-9.535347521019645889e-01
2.740176859038136875e-02
4.462852535678002996e-01
-8.388559141804927677e-01
6.236914885017158516e-01
6.966888968316519160e-01
-1.334611961974819794e+00
-1.074074029954124487e+00
-2.211913921799921745e+00
9.232589233054261380e-01
1.419529976998403331e+00
1.136290945721621259e+00
-1.748850385796348883e+00
9.404483161830556881e-01
-4.688751318592317419e-01
-9.629550602014672611e-01
6.082411309813569034e-01
-8.264883298021244995e-01
1.259225102223081816e+00
-4.970402203820777354e-01
-6.695446176544811445e-01
7.339737866591616866e-01
-3.293270514734590870e-01
1.201869356176721082e+00
2.590218161190210311e-01
3.477815048380534374e-02
8.446772467954126729e-01
-2.285207253998737531e-02
4.932718741017652064e-01
-1.408078388121580371e+00
-7.799415041448340968e-01
1.943269172926497257e-01
4.411030403026350299e-01
-1.118512374699741851e+00
2.376060737212638552e-01
-1.700955374852170188e+00
-4.191131792558199787e-01
6.689479576771706348e-01
-3.770796172689587777e-01
-1.307728413773788789e+00
-5.109565422892271558e-01
-1.856625198052136716e-01
1.176826216889846233e+00
3.589575766706833981e-01
-1.104886434750466107e+00
-1.164407691356144525e+00
5.276426244335903348e-01
-2.161375984468691391e-01
-1.393487049316036730e+00
4.284618759952552036e-01
3.540958690031758560e-01
-5.443821635767162603e-02
1.385657471361459114e+00
1.920304873736965234e+00
-5.699049256449719714e-01
9.513244392060463683e-01
-7.087284940732576644e-01
-2.789378651786034169e-01
-9.552409271719277672e-01
1.086856622965683972e+00
-7.113053951936895158e-01
6.374969935498525642e-02
2.212882573576238965e+00
6.144351829874910020e-01
1.257698203873682322e-02
-2.790653312414058118e-01
-1.336874036217985395e+00
-1.553505673362903350e+00
-4.404422915295020391e-01
1.724321885196425486e+00
4.873063728192569832e-01
9.562751566664115521e-02
8.017378116318207848e-02
-1.737993601549770173e-01
-3.429114582763446994e-02
-1.578786334031934802e+00
1.791091647753455751e+00
-4.828403787235373557e-01
5.917694226157865084e-02
1.584515892812020876e+00
3.774679923673730508e-01
-1.478745775118648131e+00
7.368203949072352765e-01
5.811834643723362559e-01
-6.935650090286105129e-01
1.202477826116745141e-01
-1.219458522760925145e+00
1.473264705087334425e+00
8.282713053325305719e-01
-1.035810427941890183e-01
-1.384010650119001706e+00
-1.883113006433177805e+00
-6.546554351667091542e-02
2.031261984166800705e+00
-8.459352390895669149e-01
1.417651277588877656e+00
9.078361550603418484e-02
1.060919769682362235e+00
-1.763364125829471440e+00
-8.552409961681169126e-02
-1.395530737222157314e-02
-2.434345159219460097e-01
1.238405399199848045e+00
5.698623809049193634e-01
3.384551934345710333e-01
7.218180313905290246e-01
-7.198903342837406627e-02
-1.289813664197289933e+00
3.415047031352173579e-01
1.362668363307042219e+00
6.557102710116067927e-03
-8.817042951299773890e-01
4.649366353498234419e-03
-3.935939941577402679e-01
5.303084645890959736e-01
6.085779243792283077e-01
1.443444772214675376e-01
-5.051965871415730058e-01
6.941071132301664115e-02
5.930507810351001163e-01
1.894858958052001718e-01
-3.564770227354131515e-01
7.983699884226072019e-01
-1.314775629725016826e+00
-2.309112017802400274e+00
9.429568245961909012e-01
-1.513653008675554190e+00
-2.507851445597416795e+00
7.733131001797204362e-01
6.616105915815615468e-01
9.385669281719402068e-01
-1.013029171375410931e+00
-8.320195314358529437e-01
1.338908371001780839e+00
2.896615912436832918e-01
8.610747129250019283e-01
-1.131103420329176573e-01
-8.291368985306717398e-01
-1.427084234287282483e+00
-1.300050947293971193e+00
1.104465017829832307e+00
3.442875809390991693e-01
-1.630283364412376867e+00
-5.876344308336149957e-01
-4.705333706354971612e-01
1.718714642540826842e+00
1.230722148590045917e+00
1.611788877437313472e+00
-2.242297959106665517e-01
-4.823231051662166813e-01
-1.265518624344447868e-02
-3.985370730882063506e-01
-1.400455152723610430e+00
-4.688082536620283292e-01
6.858124719128008140e-01
-1.901124804605934526e-01
-3.436870937184495212e-01
-8.403233561428334886e-01
-7.353608239688032011e-01
8.500467890678510274e-01
4.311275699705010012e-01
1.777543880763284401e+00
8.221458596532943419e-01
4.485315598806314807e-01
-9.307406510910644359e-02
1.292634714835281529e-01
-5.954398201982445960e-01
-8.136393672818769129e-01
1.197998436392134325e+00
-1.555113403478325107e-01
7.456258526574431889e-01
-1.384220769637793502e+00
-9.900726033829589934e-01
-4.451253883930352262e-01
-2.021170191290245111e+00
2.915468458700138932e-01
2.351171216844810674e-01
1.461444040457628157e-01
1.655523212512707065e+00
-6.747807518375855684e-01
7.981745805888382783e-01
-7.248362604149196642e-01
3.057443006902147986e-01
-1.004671405995565037e+00
-1.030826823531716618e+00
-6.053168981433986601e-02
1.477079436001509372e-01
-2.703552719011960703e-01
4.467582591602129449e-01
-9.408527958474304231e-01
8.166131321678077315e-01
-2.895243146425500735e-01
4.570054970931003435e-01
9.280838798904694764e-01
4.659692257471615418e-01
5.847619094076245139e-01
5.839817302268327306e-03
7.458523337122979768e-01
7.381164168982951024e-01
-5.200822627972935264e-01
7.856557773779436760e-01
9.738371786565315213e-01
-1.745924678773256522e+00
8.582356038687006805e-01
-9.198659963868496270e-01
-1.744450089889387767e+00
-2.537582630101106407e+00
-2.209693829616945937e+00
6.161725545007825169e-03
-2.080614963819483187e-01
-1.695726204041859253e+00
1.839054678005772325e-01
8.714794104583497569e-01
2.044749047159614419e-01
6.776467632776302930e-01
2.060977669088333297e-01
7.639571522665296321e-02
-1.653959443748230118e+00
1.810195089966693538e-01
-5.794324845677185643e-01
-1.136458150798084904e-01
4.907180216696081509e-01
-2.755006796670905755e-01
-3.322956889620706233e-01
-4.255691096594694800e-01
1.287904912595073448e+00
-8.904084529692553318e-02
4.673653339359025716e-01
1.800672036794791903e-02
1.012278999730793494e+00
2.567828738208461914e+00
8.566352013778567587e-01
2.139478708886082270e+00
1.245577049358334021e-01
4.134792749962400427e-01
2.496503422036737418e-01
4.794506406533351472e-01
-1.383246014511819444e-01
3.723048694259099012e-01
-2.322491090749215559e+00
9.313687949445046410e-01
1.032161709444095354e+00
8.011892796355023216e-02
-1.140900878135983953e+00
-1.206590224982379222e+00
-7.274312476391588955e-01
-3.206557330047045129e-01
-5.588950127790194289e-01
-2.386584859309849593e-03
-1.241981969684630149e-01
4.628405782136172930e-01
-1.135804379321877278e+00
6.960447706625980668e-01
6.065951731459174878e-01
-3.746184340541352520e-01
-5.635516769443951191e-01
3.557944878153163626e-01
-1.448509696983042438e+00
-5.190110862325204577e-01
-2.458744013366712805e-02
-8.254040788281780117e-01
-7.080206134349721347e-01
-1.270322376650241170e+00
1.649854781169610485e+00
-6.299326267899914011e-01
7.997383136481559518e-01
-9.394677114793943407e-01
4.379476909071101931e-02
1.052377505807119418e+00
1.000904581724929354e+00
-4.943244174057369045e-01
8.435172485072736093e-01
-1.411324770577451759e-01
3.915587272284349468e-02
-1.894045864921148903e-01
1.110420323910607410e+00
-8.965205436782583970e-01
-1.064784137252712926e+00
-1.604606193652476642e-01
-6.737475504378356850e-02
1.638661641321617735e+00
7.846209642805537232e-01
4.876752341226058829e-01
4.686989401411258416e-01
1.108173751807576712e+00
-3.817887614089865433e-01
1.510544755369379377e+00
1.742625200865453916e+00
-1.009416057989171778e+00
-8.562005634293357037e-01
-1.370575822431193913e+00
9.208797714451604222e-01
2.063879015784473581e-01
1.136509984060042555e+00
-4.798511423366746964e-01
-1.156319769382639917e+00
-2.460247704775151700e-01
5.006201516484987124e-01
-6.616965625921926442e-02
1.199841721580066523e+00
1.248565710087629510e+00
1.543065091951078882e+00
-1.263478740562209435e+00
-6.879727323112587722e-01
-8.095862815565308956e-01
-1.749080539004462143e+00
1.012502874716343149e+00
-1.351258178192389581e+00
-6.927098531649991120e-01
1.504733834679916171e+00
-1.639375349944898197e-01
5.747891579455965960e-01
-1.341515204948608764e+00
-1.008449167420409076e-01
4.214728542511400056e-01
1.062956798523348789e+00
-3.325597879468781826e-01
1.527168506212721821e+00
-8.467468117113831072e-01
1.127800166153188455e+00
5.146125558151530832e-01
1.114285904530073479e+00
1.849150256863076394e-02
-7.120221243880806572e-01
6.401840681331668614e-01
1.198708353366606971e+00
1.567178045079413717e+00
1.700716417241597611e+00
-2.433191905417207423e-01
-1.725077595993540491e+00
-5.901860350356923773e-02
1.216331027812783960e-01
-3.389705359062313295e-01
-1.805545956722486023e-01
-4.810617815776523920e-01
1.387782019024784042e+00
1.047361086983054967e+00
2.819641970569473077e-01
1.120383571739570483e+00
2.031053160869020768e+00
-9.225558123918634612e-01
-1.384503830087180587e+00
-1.331696904183311325e+00
-1.489484640460470577e-01
-1.805615138176699941e-01
-6.399615614715670198e-01
5.887313006712697749e-01
-3.711569386508618007e-01
-8.114872836860904659e-01
7.346503622296336744e-02
1.401434711867389327e+00
1.307713838440053289e-01
9.539562656344749980e-01
-1.184880232744607520e+00
1.138313868239874793e+00
-1.742074152370256812e-01
6.323224476159587937e-01
-4.843373754510755802e-01
8.437233235028146483e-01
1.433938180277792185e+00
-3.079379610574016768e-01
6.429928580826759221e-01
-4.853348934493447175e-01
-7.134193710440444036e-01
4.906518104232306388e-01
5.298226330827148223e-01
2.445745920955686437e+00
1.882702964678715507e-01
-2.329433862863126148e+00
1.336231967678110477e+00
7.059621040732942943e-01
2.311944805619369492e-01
-1.844607694659836650e-01
1.729812297430931123e+00
-6.091607438968105193e-01
1.956277643121425158e-01
-2.422515915212842263e-01
8.781578781305372783e-02
-5.790507701804239460e-01
5.615390225254646150e-01
-1.543892575047240041e-02
6.087954496331542398e-01
-1.284680491695744387e+00
4.093338275755946110e-01
1.928647293118035178e+00
4.885396838595758573e-01
4.746016074719338063e-01
1.245215590026573116e+00
-2.144848323465961659e+00
-4.149238517014705585e-01
3.683922963077194690e-01
4.673469003134586748e-03
-1.951590922603858025e-01
-3.987246203004843337e-01
1.072184169622232008e-01
-7.946892350047003450e-01
-3.298185754152720972e-01
2.157174794191407230e+00
1.253770542725824999e+00
4.263277458323455060e-01
4.802648705238407034e-01
3.971908412355479867e-01
8.198610274427827749e-01
-1.036153743168414687e+00
-1.202556306708297829e+00
5.063277495675578832e-01
-5.682434820665869246e-01
2.918418042226468279e-01
1.298051396105974531e+00
2.498077988063102939e-01
1.201821863748669283e+00
-6.122916999576649699e-02
1.369604596625149995e+00
8.825541529495767312e-01
-1.358642123122483225e+00
-6.757719023194646013e-01
1.015587825238492670e+00
1.108412061340150023e+00
-1.305135311822875621e-01
1.729313829811763403e+00
-2.888467413780101967e-01
1.788776130878406034e+00
6.476173910722483607e-01
1.247910449716025605e+00
-8.728955796046733440e-01
-7.706538124832503778e-01
1.121695704468934407e+00
-8.829206301536987045e-01
-1.756097123905229873e+00
9.532317415588111853e-01
1.011360493915948622e+00
-4.000721945726828932e-01
-1.802585188277985861e-01
-3.264446863199492732e-01
1.850933593463571503e-01
-3.642801816006528970e-01
3.675880971506361172e-01
1.588539356175369399e-01
-1.075318335996695573e+00
-6.930637853104895663e-02
3.906983840079379378e-01
7.882042319536818054e-02
-4.151346897150859361e-01
1.553882188545635312e+00
1.186907545195025504e+00
