-7.027388191539788442e-01
8.246425066614629373e-02
9.980749891996160139e-01
1.223816796937815088e+00
-3.893577909510374108e-02
-1.207441460118739429e-01
1.197278012996618290e+00
-2.596570142781333135e-01
-1.828672596295053410e+00
-4.799985929647049843e-01
5.074457382130741490e-01
-1.247883117225593974e+00
1.398900770939377924e+00
9.770612529796987022e-01
1.227706517460283031e+00
3.283436799949008417e-02
8.605455317940521875e-02
-1.122187451136854586e+00
-1.515622174208082873e+00
-5.745003710834671873e-01
-1.610415910636711967e+00
-2.559517832173435203e-01
4.059133414767566173e-01
9.664013236724288552e-03
-3.460802760133286915e-01
2.310742185848987107e-01
-1.066640040087910801e+00
-9.466650228130488731e-01
5.870662439923471920e-01
9.462046036826353701e-01
-1.546450164673108807e+00
5.823914248056678566e-01
2.272185933461511098e+00
-6.811714526002620174e-01
-1.290246302751237195e+00
-2.703238222403084201e+00
5.095469659484080927e-01
1.080425584608108114e+00
8.983059684822253255e-01
6.537038920969323597e-01
-7.570531514292686004e-02
1.454179567396919781e+00
5.194796105904047057e-01
1.152451152404208701e+00
4.487591417366777469e-01
1.229215601148083037e+00
-1.482868438955429635e+00
-6.453635921038342049e-01
2.744314344481059154e-01
4.445151147534646685e-01
5.649064073655309937e-01
-4.387773061682429532e-01
9.735646936984051480e-01
2.918367545831329624e-01
-1.303302405632512206e+00
5.324954450907267711e-01
-1.089854663691574993e-01
7.078552806233389116e-01
5.503747111364426514e-01
-1.453247425241242174e+00
-5.212915365030983406e-01
4.522099874351497711e-02
4.503873703632812475e-01
6.695177738028735837e-01
-4.703260535543914989e-01
8.224255475507864510e-01
-1.740159960422690721e+00
-1.601422697721124888e-01
1.090936902432683819e+00
-1.190539287692369941e+00
1.607193575634980331e-01
-1.116893061288491973e+00
1.879545063279903561e+00
-3.714916196146113014e-01
-3.946672431969200923e-01
-1.259794729593610940e+00
1.512125965235695813e-01
-7.652200653097638305e-01
1.728196775857479439e+00
-3.934616247972637093e-01
6.165047829846943550e-01
3.115569290579346950e-01
-1.550320897084817240e+00
9.338322189890896352e-01
3.145745161302528903e-01
-1.419649609897853104e-01
-2.347728388336077110e+00
-3.747704710019352237e-01
-7.550577618591250983e-01
6.531680046343762980e-01
1.017590572635603818e+00
6.445910020974729981e-01
-2.154609405714965342e-01
7.992651213597912196e-01
1.267299795296951581e+00
4.788795194070721295e-01
-2.453218202269268622e-01
6.586844336983215253e-01
1.408085280444221432e+00
7.033009792106654778e-01
-2.316576770686388231e-01
2.265455292985961086e-02
-7.637918903396083703e-01
-5.581039444357371870e-01
1.093996783714129339e+00
3.823936218258763842e-01
1.820567289844339243e+00
-9.160748541464185379e-01
-4.689690592091227961e-01
-2.025071269342278768e+00
8.974088833306583315e-03
7.929038648962281055e-01
3.339184094033454397e-01
1.807626565886140568e+00
5.750492400162141582e-01
-8.329295535342939871e-01
8.047716090243884901e-01
-4.673604414157127018e-01
-1.144199969199050759e+00
2.544971342436716188e+00
-4.932457334512806990e-01
-4.985546416245145163e-01
1.596443616669078469e-01
1.554680588185773926e-01
9.941435728786593776e-03
8.933796179077471145e-01
-1.640898921052999851e-02
4.027092383583072421e-01
8.795301442393917979e-01
-1.811082310215658131e+00
-3.035733289460186279e-01
-2.275563210863197627e-01
-1.217891636850433112e+00
-1.317464547834665378e+00
8.583399111600986675e-01
-1.175773544420258165e+00
1.700409263050121078e+00
2.168341923773055235e+00
-8.569668684439670781e-01
-3.717760716829404677e-02
7.689607064294720074e-01
3.725565500321735279e-01
8.971160515722128581e-01
-2.938262383299353075e+00
7.815301567657548798e-01
1.209269422543539418e+00
-6.652398569369136760e-01
2.028622873794177495e-01
1.079181546722811635e+00
-1.690608589606073797e-01
2.514617224088186997e-01
4.931106091343225861e-01
-5.557357012442163402e-01
7.179616761156469851e-01
-5.037940317506673510e-02
4.858487967678947195e-01
1.076441057145550717e+00
-1.692657833881079821e+00
-3.750805758843314131e-01
1.092750331544605658e+00
7.849008754101334251e-01
1.486466239929650879e+00
-4.516961165062243627e-02
-1.444748477204517711e-01
-1.308909007205182329e+00
1.298429953987041863e+00
-1.447936583931410892e+00
-4.421159163224802069e-01
1.809740637740716362e+00
9.891669173353371258e-01
-8.725202758162328709e-02
-1.418243627575477506e+00
-1.726513668575065052e+00
-1.323916602027372713e+00
2.666829408354349784e-01
1.320191196611739670e+00
6.654241216766388911e-01
-4.203525312891455701e-01
1.080848260183620457e+00
-1.274148207731952637e-03
5.353103355456118040e-01
9.931368490892706902e-01
-5.522737704643105872e-01
3.068853599167868929e+00
2.471613876699066403e-01
9.306622733298249850e-01
-1.512570331897942433e+00
4.868480570277571307e-01
7.864651446204136143e-01
-1.301000415214740746e+00
-2.674895437708036949e-01
-1.439241135282270656e-01
-1.172238692813631633e-01
-5.565802191031261614e-01
1.170150994929972210e+00
-1.541372746825011353e+00
1.038883427840764373e-01
-9.013152657407075274e-01
-1.105848194351940927e+00
8.128762579529330567e-01
5.785677213766134974e-01
9.722898579945072894e-01
-2.816432999634879697e-01
-3.275739352351379474e-01
3.115136342087119758e-01
5.711846546668654101e-01
6.189081679835845007e-01
6.399169998754604405e-02
2.587018549065275286e-01
-3.198056968445885939e-01
-3.236613185977745277e-01
-6.491773712307414845e-01
1.145958389937892508e-01
1.583891116951452460e+00
-6.219200042634546177e-01
1.257817017650379121e+00
3.220543864312367943e-01
1.890324803530661457e+00
-1.091115126787983464e-04
-1.423666506521874542e+00
1.781449116839505686e+00
8.793300157970260766e-01
-4.678063782291768113e-01
2.865292884462798673e-02
-1.551267405505319275e+00
1.444496906571942074e-01
3.751892063309950065e-02
-1.303805134451375913e+00
-2.225505808283197773e+00
-5.838090694819657589e-01
1.051779525322996900e+00
-6.014121453868973566e-01
-1.092360117027092459e+00
1.867438009677816035e+00
-1.135774152965740580e+00
2.916600056158141219e-01
-1.358486720774830514e-01
-9.123189841927973331e-01
6.934841395912162421e-01
-1.658453103787319138e+00
5.139179050596793807e-01
-3.139197990220641832e-01
3.952280620900951447e-01
1.537652594327477626e-02
9.837784649185493668e-01
6.769713215872932288e-01
-6.211341261309890616e-01
1.679152260959066556e+00
-7.765631583285821371e-01
-1.251211112540268899e-01
8.010549947604063137e-01
6.847098923913981228e-01
1.494158740875296820e-01
-6.361949013891260440e-01
-8.236811951676474841e-01
-9.241920239617548161e-01
1.091516781380067025e+00
-3.105473813041820796e-01
2.859174564307128130e-01
-1.722354173686690970e-01
-9.324138982699389233e-01
2.679336898870119832e+00
-3.180567660049746226e-01
5.918579747813924180e-02
7.344961066056208132e-01
3.854379891663919921e-01
-4.697615214105608228e-01
-9.557821653460667199e-02
2.175886378402754340e-01
8.060429506974571279e-01
-1.156244489609600523e-01
3.001468973379143867e-01
2.764320898799537685e-01
3.792098615636831926e-01
-1.396662243190531560e+00
1.192699375366218062e+00
-2.071316720292986080e-01
-1.714238768351280260e-03
1.909377075077839936e-01
-1.191711778173113689e+00
6.415200511866385735e-01
1.630089847470520104e+00
5.244726058429821647e-01
-8.041448917564215648e-01
6.502027042774221055e-01
1.600336036854153265e+00
2.483005027348698102e-01
-5.484229443180691499e-01
7.359323005905245019e-01
-5.025069429666301213e-01
-8.158289597953922723e-01
-1.656203954293341329e+00
-7.576771589999508061e-01
7.855211968236252007e-01
-1.790360362815343609e-01
2.208698491895649596e+00
7.665207738951961280e-01
-1.082191021497727612e-01
1.551203384218664549e+00
5.703939105981584712e-01
5.075850699770861896e-01
1.429084067174089867e+00
5.516152261980759031e-01
1.257020573659054508e-01
1.115140768085702616e+00
1.264083378819034653e+00
-1.235086524800844687e+00
6.740911410445872276e-01
8.936696869165294821e-01
5.108099847103161339e-01
-7.002682234103801973e-01
-2.048032270042117464e-02
-5.990504357197641294e-01
7.145580187902177416e-01
-1.406623210092830867e+00
8.197321963105921316e-01
9.160704879976832027e-01
4.719407626373009479e-01
-1.220338524822883297e+00
7.577579416896129683e-01
-1.572862210264631466e+00
6.972074641079568924e-02
-5.797220626019713441e-01
7.651942067883070742e-01
7.350266996308486567e-01
-5.954132575373671799e-02
-2.662297994899582299e-01
-4.573347216083206157e-01
6.837665937743003797e-02
-1.146291154290888681e+00
-1.304538246667537038e+00
-6.534162297457792867e-01
3.041922075531130254e+00
-1.726971822110601185e-02
8.433933642345926573e-01
8.495623850634517193e-01
1.609119641514679677e-01
5.989640015335621070e-01
-4.529581042037104655e-01
5.893979152497597074e-01
-4.478098841892206861e-01
2.999393691614354318e-01
-9.368917016533908626e-01
2.780450403777007251e-01
-2.086684868454681541e-01
-8.653529901758310050e-01
-9.036294445403441067e-01
-2.260921644094251726e-01
-6.646836489147989191e-01
8.045531645321866154e-01
-3.885671967685209172e-01
1.006050245549465760e+00
-2.831795417507582679e-01
-6.562414673976569857e-01
-1.097469377687900982e+00
-7.924177382508079681e-01
-3.879085252337664547e-01
-5.582226819579372279e-01
-3.534782266289603347e-01
-1.888220885971313212e+00
-7.947682318232104359e-01
-4.943110390210975896e-02
3.150961727266872736e-01
5.507976195222060584e-02
-1.860239876135953152e-01
-4.857886072744782568e-01
1.462629848910637520e+00
-6.336648943985009330e-01
1.894997882607534767e-01
-5.799398035387997030e-01
4.248383246127679924e-01
8.872889920540292241e-01
5.746894299658402566e-02
1.190011825817313351e+00
-2.278057493786842802e-01
1.405697664717241446e-01
-3.202621436863039572e-01
7.000571341738968112e-01
-4.608254094738159501e-01
4.256243693804330208e-01
-2.045615935296372978e+00
1.026301468768826330e+00
1.490508919082512929e+00
-3.742891576293952971e-01
7.510077157598160635e-01
1.407163417639935576e-01
-1.642100602738254089e+00
-7.413079730871912076e-01
1.098153882297512984e+00
1.523259396575969704e-01
-5.583234665489802406e-01
-1.225612370169168353e+00
6.037556676153462698e-01
9.254249247347834384e-01
2.845912653425403463e-02
-6.922615726892150656e-01
2.141821820380313268e-01
3.322639710891351350e-01
1.960879519646907820e-01
-1.214212503727049065e-02
1.107723774630342994e+00
2.178932070368795770e+00
2.437252130701566544e-01
-8.596823973511462380e-02
-7.526944467450581433e-01
-4.309370171823269091e-01
-1.432585291013631634e+00
1.073040455021002870e+00
2.789853304884207796e-01
-3.201536953232247407e-01
1.331567578884241154e+00
-4.904375144253878549e-01
-1.731498558781129349e+00
-1.244365020565025404e+00
7.130829268620655359e-01
7.144927323637658700e-01
1.250014744456350857e-01
-1.102205708416961638e+00
-3.015135431183894044e-01
3.589529661867383870e-01
7.141474704656111117e-01
-4.629750324258234961e-01
6.357664248918273309e-01
1.566956303431946029e+00
-4.955758594664936290e-01
1.714243285827891095e-01
1.252748027113617102e+00
1.256974190502755384e+00
7.305767416143597037e-01
-1.473270212025009664e-02
-3.082723840403578941e-01
-9.703373885260220266e-01
5.604283099425393377e-01
2.841931111723268177e-01
-2.224056290319489579e-02
-1.577166594291304458e+00
3.757174345669810345e-01
2.532439496828308156e-01
5.588662625035454301e-01
1.305271349822622495e+00
3.899935320249634518e-01
-4.123698881432446006e-01
-6.602570909701728219e-01
1.057098933839358379e+00
1.536478693396631456e+00
1.309366502677250965e+00
-4.752058952998931551e-01
1.692205607182794447e+00
3.950687609292879987e-01
8.319945462630059518e-01
-1.227317486017313719e+00
-4.405802430120364654e-01
1.115514563005566284e+00
1.289106897742426483e+00
1.766160997304031088e+00
8.003975267725614851e-01
1.106879529706838339e+00
1.463290141866908201e+00
3.883604609748802505e-01
-1.291748042541229990e+00
6.376195830902607886e-01
1.151002441433101042e-01
-2.162068955280453952e+00
-5.779944803589944780e-01
1.873251791504421671e-01
9.173621305579916507e-01
-1.577855021796916946e+00
-5.311227970320278047e-01
-1.264184053007100017e+00
9.586101810764531272e-01
6.747887089424631224e-02
-6.656835452679304987e-01
3.718011760824763146e-01
1.262942123479489087e+00
-1.254557680991309931e+00
-1.164145976496832269e+00
4.477427404845516490e-01
9.954481548261895352e-01
4.443656625686993600e-01
1.422044730593437500e-01
5.429778208140871865e-01
1.476814102383648075e+00
3.608444810507026590e-01
1.161540568839144028e+00
1.336864116789023282e-01
1.076857059577893821e-01
1.665862033548248522e-01
-6.936005420740789518e-01
2.564560246058051884e-01
5.014075875861401244e-01
-3.359880625232897211e-01
-1.114693383850525743e-01
1.487006537005785001e-01
4.545265464989254323e-01
7.165627090361448293e-01
-1.128222187829510004e+00
4.375124308908561188e-01
-1.703404287137446849e+00
7.935037633010261215e-01
3.880193620112930286e-02
4.503032692646393165e-01
7.276628528984405153e-02
1.387574870341642397e+00
-1.124157960975801090e-01
-8.762205645536406129e-01
2.372265537948190228e-01
-3.942426402256072882e-01
1.869224929411749114e+00
-3.254693579838501688e-02
-2.566671359809423736e-01
-6.813813364393547789e-02
-3.784332616440007069e-01
-5.636351774771849454e-01
1.781752524237127377e-01
7.426495287387535615e-01
1.551079189692859683e-01
-1.149128988968959986e+00
4.158395733527788241e-01
-1.459654659447640057e+00
-2.175194206654163659e-02
-1.429564990897596477e+00
1.560566978778631153e+00
1.821959880507226348e+00
1.087622377904266635e+00
-3.401266804418052181e-01
-6.151348197217074709e-01
1.530936840683248812e-01
5.112885466351615449e-01
-5.942987509620091258e-01
-9.978830260931862428e-01
1.114134419148435473e+00
-1.761827337166850527e-01
-1.351108423369395961e-01
-5.767429091566952937e-02
3.880811014995098063e-01
4.389742752477279186e-01
-1.115019685962044260e+00
-2.063650501916967916e-02
1.407927549203263684e+00
3.009261892503815039e-01
7.262256939862063998e-01
-3.980930645993934758e-01
1.228963221864146499e-01
6.671376959205503610e-02
-5.749505521732966029e-01
1.000000000000000000e+00
8.971160515722128581e-01
1.000000000000000000e+00
9.722898579945072894e-01
1.000000000000000000e+00
1.080848260183620457e+00
1.000000000000000000e+00
6.399169998754604405e-02
