2.254639813332659504e-01
-3.458265408073051272e-01
-5.506436656239865890e-01
-7.810603368758162190e-02
-2.010100852113052561e-01
7.504239912870129814e-01
9.756079211422588049e-01
4.414678485303771271e-01
2.203840432285288919e-01
2.595880019500835800e-01
-4.019190258983673658e-01
-3.937917129360910540e-01
4.619232336371204006e-01
4.364469750024286832e-01
7.469613849840261999e-01
-8.031807492953328964e-01
6.884843526440975747e-01
7.805367480845168959e-01
-6.049460195730700374e-01
-6.722223012349892723e-01
8.420422372075986317e-02
3.543590700909711178e-01
8.140051622997912517e-03
-1.898317486448555247e-01
-4.551830962264686864e-01
-5.544947471849852594e-01
-8.002400638299529412e-01
-1.782590296194987989e-01
4.006329539975914678e-01
-3.694630147650868057e-01
4.051060590883874823e-01
5.701920345540900659e-01
7.016388814347274128e-02
-6.244898513638064141e-01
6.677960378317306933e-01
-9.202928841476383237e-01
9.319290593420664903e-02
-9.242088849482940072e-01
-8.671060725171542138e-02
7.563393985607191894e-02
8.116168679653723572e-01
3.739869667626050109e-02
-4.008529882875393469e-01
6.202030324199987454e-01
-4.391393611536611452e-01
7.971304036727302478e-01
2.722167586009696105e-01
-8.872851139041129098e-01
3.198768405590938224e-01
-6.584696192065033760e-01
2.381102236577036457e+00
1.039064631686035911e+00
-8.274124106250415611e-01
-5.277198238301166189e-01
5.896688001968697357e-01
-6.807687691747530412e-01
-6.553679904338891582e-01
-6.044674833100200928e-01
-8.337414603471944297e-01
-3.546578959054216273e-01
8.060616577234078761e-01
-1.192260582637350019e-02
2.348640634041476716e-01
6.918788453987676501e-01
7.682152632130054837e-01
9.457497343683807234e-01
7.225931825353741900e-01
-4.804847572646413489e-01
-4.323087842465860309e-01
-5.816671724509894226e-01
2.429645499999348868e-01
3.858464806791320756e-01
-7.871152217312979982e-01
3.953026487304776015e-01
-7.881354484989748777e-01
-8.528158621797912176e-01
-4.447861758583646630e-01
-2.313537947559499430e-01
-3.413595617006166538e-01
9.715479441906285096e-01
-6.106897329441578481e-01
6.966096550423765965e-01
-4.021507261001804334e-01
-7.443163752048338466e-01
2.042563287902376956e-01
3.535984079504252975e-01
6.441053263349616476e-01
4.524393620375541936e-01
-3.436773023684569495e-01
-9.752447283493734798e-01
-9.967634273141143808e-01
7.342255459910020932e-01
-6.588657202232253152e-01
-9.987020769448060609e-01
5.748309928053054740e-01
8.179151546693641528e-02
-7.524461154682875463e-01
-1.972389319045042555e-01
-5.563553023993783597e-02
-8.071307939479210880e-02
6.382338918271535100e-02
-6.632929420863531433e-01
-5.393686444747942677e-01
3.451794590340553359e-01
2.848721375730167704e-01
5.318124357723470474e-01
9.724783120594142627e-01
-6.672677364591945715e-01
-8.512332563881461756e-01
7.165174527783508829e-01
-8.461293881963549701e-01
5.083008841258003230e-01
7.501527073203562157e-01
-8.553570150906397718e-01
-5.972869732557717359e-01
-1.665487084087750036e+00
7.845729894547448513e-01
7.608692477887031291e-01
-3.939652520381657919e-01
-4.628355350267829849e-01
-9.087574420200847936e-01
-7.026056495984727146e-01
3.326410658110676710e-01
-1.136666087322313334e-01
-1.194625420556054474e+00
-5.174987057016502412e-01
5.786251463387455107e-01
1.808895344225209811e+00
3.735854300209968670e-01
-6.839663541001450575e-01
1.879034048509480304e-01
-3.353805686473543268e-01
3.336071840551695367e-01
-5.292011869445674144e-01
-6.666900251260334809e-01
-8.549998930924584961e-01
4.996046493276598000e-01
7.661442364328452381e-01
-3.276803411926729748e-01
-9.648884526613443757e-01
-9.131898542183314316e-01
6.121276836339644145e-01
3.418192810528506431e-01
-5.539381726989822674e-01
-5.894882615930703285e-01
-1.652609854798017253e-01
9.005935748153550691e-01
3.350803144588583304e-01
5.657770004796276453e-01
1.135803309832066343e-01
2.502283137294094573e-01
-3.947653191765294611e-01
7.863060356080506796e-01
4.656265006359494585e-02
-2.640913186189142170e-01
-7.364270732468147784e-01
-4.081044854001318889e-01
9.177331650754123604e-01
-5.931893443691982348e-02
-2.993916143157631105e-01
4.305177787033871439e-01
-6.619841755838915542e-01
5.625301260720736440e-01
-3.550977765960272592e-01
-6.140104888306689990e-01
9.934290736416506729e-01
-2.224678642195312417e-01
6.300510240958636654e-01
-5.685719371890540774e-01
7.386899440894776347e-01
6.759483928379947937e-01
-6.480390797219670596e-02
9.825567121594758202e-01
-7.777461372667522355e-01
-2.939925506543386025e-01
-1.467143232023823796e+00
-2.881307035462843391e-01
1.288412387865270237e+00
6.019524357817449545e-01
-2.511387046833228887e-01
1.343721099334070246e+00
2.121715018720942147e-01
6.894513960285619802e-02
-8.418489896350318524e-01
5.773519895774290589e-01
7.583807229198948896e-01
2.454589325509892728e-01
9.017062286847901120e-01
7.069479059679577571e-01
1.022064950064833555e+00
-6.014742232957237533e-02
5.546539073128891051e-01
-5.367827549266339648e-01
-7.285909094433586919e-01
-1.092397436259247012e-01
2.320321677834151775e-01
1.212274815348104440e-01
8.561608407188316949e-01
-2.266369293889072267e-01
1.399872208396910622e-01
-6.056388130222238875e-01
5.754362213080588262e-01
2.724944930018213807e-01
5.449023709234515067e-01
9.740144609795886588e-02
9.351789807023780376e-01
2.215159134265798357e-01
-7.843299357527653282e-01
9.993969412537033747e-01
8.492591362390589094e-01
-5.035640460646928496e-01
9.311682032416723764e-02
1.291392627861669418e-01
-3.191876160689195441e-01
-7.595881931499901540e-01
6.127968462103434710e-01
-5.506440090869424431e-02
5.691401319244122625e-01
7.239842029813994273e-01
4.437787306767837503e-01
-8.351643609499712628e-01
2.113718661748362759e-01
6.795747094663799892e-01
4.559022048766705471e-01
-8.186856324496929460e-01
-3.227440254780913342e-01
8.864597618135818813e-01
9.900601862367195416e-01
7.475810408362653092e-01
9.614063942995445533e-01
5.934291624984773250e-01
8.945924479989231237e-02
-3.312494123663813905e-01
-8.436452050341483044e-01
3.527594526218869042e-02
7.216690012378479402e-02
3.120798667088697798e-02
2.605500426246474266e-01
1.628467721317432559e-01
2.308236218831984932e-01
-1.374438423049080260e-01
-5.718032678946287639e-01
7.804708869062053633e-01
-4.104721938782796009e-02
4.129279010764910218e-01
-4.502320100100365430e-01
-8.775269404196188727e-01
3.272652713987111994e-02
-4.305710822822186312e-01
-8.960892042572567995e-01
-8.594481340876369835e-01
-1.025929377647427643e-02
-2.958606707284592297e-01
9.654540478744799703e-01
6.998340614684035454e-01
5.592099006344555256e-01
-3.384011110928877297e-01
-4.383425028542562440e-01
2.299559272649813746e-01
9.882832169279294199e-01
-3.312995328479246826e-01
3.788230799346572475e-01
-8.562932621860783744e-01
-8.625507924701116824e-01
-5.147389388755811979e-01
