1.193353626690881741e+00
9.946700576380108627e-01
-5.329527540183096601e-01
-1.611337984520039956e+00
-1.867758263309071243e+00
1.030794337289560492e+00
7.611794689089035337e-02
-1.844116284865294497e-01
-3.063757229034817176e+00
-9.830548230886815286e-01
-1.656929687350351843e+00
-4.991159240882836468e-02
1.093015091032167874e+00
-1.329149676123462243e+00
-2.110336486421625635e-01
7.170818704758404882e-01
5.022757175430758725e-01
-1.303227172987691640e+00
-5.521264805832379885e-01
8.605432232467418174e-01
-1.654159954825896284e+00
8.294704394581078333e-01
1.336405193561519267e-01
-1.939901415143406638e+00
-7.346363806796193385e-01
1.842890458213798377e+00
-2.680468654769273540e-01
-1.931636973241026123e+00
3.408329733419490193e+00
1.923900702657438400e-01
5.283978445185830708e-01
1.257310499405753568e+00
4.085205122699689939e-01
-3.232339127030992021e-01
4.735044790468734277e-01
4.940400139253365852e-01
4.298411356014903983e-01
3.450290536686807519e-01
1.208800306654697065e+00
2.682280795842644228e-01
-4.874951794880076350e-01
-2.526673311236500741e+00
-1.197118194456519014e+00
1.172533566416058104e+00
-7.169474222727147961e-01
1.752302531596078516e+00
2.301170151791039342e-01
1.018571633716214286e+00
-2.427796907658146708e+00
2.941587349824594355e+00
-1.427302345343504308e+00
1.386706386517414957e+00
-8.361677198510580888e-01
-1.113304274424193441e+00
-1.207856487175636762e+00
9.646451130506146221e-01
7.690185931190276492e-01
1.892439135074675871e+00
1.088927922440369178e+00
1.518757838405715432e-02
-5.746189214530275091e-01
4.321376033500366476e-01
-7.491764813413714919e-02
3.425471071171363180e-01
6.389998923362061323e-01
-7.181546508370521831e-02
4.748589670682151764e-01
-1.275266455694571865e+00
-3.636138066870462926e-01
4.209930518395259003e-01
1.021803507171436531e-01
-1.621530588688775421e-01
2.581663025435746439e-01
9.916693599175477880e-01
-1.574675030627517458e+00
1.351246830652279129e+00
-5.834310390120850398e-02
8.996382778256166723e-01
1.220944967547272109e+00
1.497269553816020782e-01
-3.134881555264723563e-01
-1.091754528595580420e-01
-6.608015455666900184e-01
-2.173801198781545541e+00
1.301381778821420365e+00
-3.454502484833767983e-01
-1.297041626128461467e-01
-7.125340112992932795e-01
9.711108702168541607e-01
-1.651133622813185209e+00
-4.052560277455213855e-01
1.054672200715504493e+00
-9.174484086832820351e-01
3.359524781368519730e-02
4.066030948836074632e-02
-1.039780521615800701e+00
-2.173072114594395199e+00
-3.171326523566960764e-01
-8.799491843517524003e-01
3.241526909744375518e-01
3.693378795352464383e-02
-1.506665611588039688e+00
1.192109438226969242e+00
-2.111980642277116460e-01
-1.000932746915200289e+00
-7.991888670809954576e-02
-2.144673924213902350e+00
6.814685571994583135e-01
1.176832160239668301e+00
-1.597950159392897973e+00
2.354668659453198920e+00
-1.123827583483367309e+00
-1.827338917700147836e-01
8.026558058939228246e-01
-1.939174846480006931e+00
2.073053144842358364e+00
-1.034657970859016229e+00
2.293413298653988464e-01
-8.219058730990278505e-01
-1.372148824603276029e+00
-6.365839484603963427e-02
2.258687302317595069e+00
-7.470741251021917329e-01
-9.466457994502708306e-02
-1.539524507325896296e+00
-1.379397350056418503e+00
8.979246925949821989e-01
-2.526829200980001966e-01
1.637069623058108325e+00
-7.110059428481861898e-01
2.488230306837345140e-01
-6.874874513592673653e-01
3.689032446711149049e-02
-1.376461521272767108e+00
-1.071939108975789701e+00
-8.716965040010853372e-01
-1.308806018816168315e+00
5.418402960477799457e-01
1.984071433891599678e+00
1.875903317971173490e+00
-1.190047831490958830e+00
-1.954349116122603425e+00
-2.645819650018208513e+00
-2.081086327109648026e-01
2.106073504132553786e+00
-1.143381200568512446e+00
1.254815032610343106e+00
-5.366024713763106746e-01
-1.001086572980637746e+00
1.221653064109906595e+00
4.970066328382960474e-01
-3.200909697454658032e-01
8.701363401338979564e-02
1.635431429313464191e+00
1.077116686464865802e+00
9.965661172965233350e-01
1.562037643287984279e-01
-1.295671753362439782e+00
2.077229361098347216e+00
-3.072644749775209849e+00
4.828907040387686589e-03
1.643935548604491981e+00
1.893409847606272844e+00
1.102003014807360515e+00
1.636184622576656755e+00
-2.461288509022765858e+00
1.512026546910814950e+00
-1.925490623134146428e+00
-6.745191085958941457e-01
3.621039409215420779e-02
-1.294124311549490036e+00
4.093270303951546119e-01
1.862273102245752543e-01
5.829354930275617575e-01
3.313266285758159624e-01
-1.137064793546379349e+00
-7.652374488340281111e-01
-1.808927980253766332e+00
4.918425860178430864e-01
-1.253017623889710330e-01
9.882803899642689238e-01
-1.952629036092481396e-01
1.118624032264379675e+00
9.902497243392095472e-01
-1.116164549271725592e+00
-6.314870607038933770e-01
1.606452773880450158e+00
-4.098642680583420295e-01
-5.843806465269678618e-01
1.885555629810551082e-01
-2.791932380780603573e+00
4.644168973882230600e-01
-1.065585773362110356e+00
9.403002782955645067e-01
1.663380342207532170e+00
6.335914590059636975e-01
-1.370987846239353658e+00
-1.025223219196851998e+00
8.016461655807172182e-02
-6.859976398503753181e-01
6.005988546818101792e-01
1.054658295890801512e+00
8.678245796299102199e-01
-1.078344245750475050e+00
1.619240943092082663e+00
-1.235927322282097007e+00
1.364331470780983047e+00
-8.657699086752808082e-01
5.930441737533323487e-02
-1.130118855421325064e+00
-5.369845730152492669e-01
6.497740057942186231e-02
-1.055587115999897518e+00
-1.591810590732178676e+00
-3.010713446784322733e-01
7.640740132358128101e-01
-2.856313573974282316e-01
-2.694700432456287320e-02
-1.322012842711616010e+00
9.124886460305786651e-02
6.508865313584730194e-03
-3.545683275501376741e-01
-1.303467896923282243e+00
-1.487808589352663358e+00
2.841053644202098383e-01
-1.524957481537879245e+00
