1.178455806604114198e+00
-1.894164287703664407e+00
1.235177033849979900e+00
2.011086732298542401e+00
-9.467134409806727824e-01
5.671462266765854299e-01
-3.406374327280956571e-01
3.403872930922385298e-01
2.109789442233815926e-01
-5.733445765580518216e-01
9.228312259398882000e-01
2.678816523151175133e-01
-1.115588939083702602e+00
4.705061586701431847e-02
-3.754699684027043571e-01
-5.508385479271493690e-01
1.445215208810217478e+00
-3.625052702894967366e-02
2.591884704282865770e-01
1.555954500661377748e+00
7.660557386560304938e-01
1.005129804307967056e+00
1.438380404192115547e+00
-7.787233220052148797e-01
-9.909372044062290108e-01
-8.779984055683683897e-01
2.346118157838645857e+00
-4.691587208361078232e-01
-6.416952211087962876e-01
-1.346835271762044095e-01
7.679599800737032522e-01
-2.814641432765185303e-01
2.588910866271694755e-01
2.823555811454805942e-01
1.059384713169928105e+00
1.647483702611456380e+00
-2.213661597457082575e+00
-7.256347848742543682e-01
-7.219362796410589977e-01
1.031306681446604756e+00
-4.388667173243363528e-01
-6.844591887354968263e-01
5.643087693193943322e-01
8.394697281667985456e-01
-8.545399495034541326e-01
-1.576159101523360029e+00
-6.120484923599220917e-01
7.791675631558199200e-01
6.836460241594002341e-01
1.061136272042964679e+00
-1.649862759628993425e+00
-4.694275137514268281e-01
4.779310500783408577e-01
1.432181022192902109e-02
4.686700903991558032e-01
1.224884480529763842e+00
4.901649455304718517e-01
-3.135553439621700522e-01
2.138832284353812785e+00
-8.358357252877562926e-03
-3.665439832866722036e-01
1.203850245257519047e+00
-4.119683884896663262e-01
-1.589559196908795213e-01
-1.438639534707730760e-01
-1.268436523148597228e-01
1.801370937345317058e+00
-2.136052558874042440e+00
-1.241856827495547044e+00
2.610058113785824752e-01
1.951145098316688697e+00
-9.532503801632491447e-01
4.565683853018372984e-01
-3.860518126840106756e-01
1.846200103382257929e+00
-9.317687762976684107e-01
1.243019440419457000e+00
-4.077729927481430483e-01
-3.708422618377527069e-01
1.339875518475450444e-01
6.816152994563610124e-01
-1.094093660252239836e-01
-5.330312191929666987e-01
-1.154948453536650987e+00
-4.023896925988075801e-01
8.177575123431566340e-01
-1.247038194325891469e+00
-9.800146008142740506e-02
5.760769748861036543e-01
-1.207212030333015385e+00
5.569117727055684919e-02
9.688772183745667510e-01
-1.368752136225687366e+00
1.259303519272592764e+00
-4.733768532122634154e-01
-1.162040824656347837e+00
-3.978859450911548246e-01
3.622204136290332332e-01
1.132501293261172770e-01
-7.565675633304864700e-01
-3.105827146170089814e-01
-9.355879006132507003e-01
5.521460647063877181e-01
1.541741948401194051e+00
-3.889996216936795759e-01
4.381595176964514504e-01
-1.340639748292467903e+00
-4.545518133592463261e-02
1.895896760854003382e-01
3.924190930422842838e-01
1.434419310787944379e+00
-8.516540137717932835e-01
-1.073427013655759765e+00
1.597422747273386623e+00
6.005769245003731438e-01
-3.206568808714830854e-01
5.988085727362644217e-01
8.192172386687660568e-01
7.609458060523354161e-01
5.377579531013150227e-01
-1.034204945466477704e-01
3.462001147877960539e-01
4.281439548963332231e-01
-5.446120576007601466e-01
-6.654596277493739220e-02
1.113151841319144131e+00
7.074052916854980944e-02
1.579847256351074147e+00
-3.208685932396849738e-01
5.542952204192760357e-01
-3.467788459943947355e-01
-2.122889858623264181e-01
-1.164601339020310933e+00
-2.608335606605932111e-01
-1.973994748648770781e+00
1.056349163161582227e+00
-1.064366075972151604e+00
-1.976951241436979645e+00
-1.569729374936823074e+00
6.319757840873796439e-01
-6.550671566686706582e-01
3.480129746307538130e-01
1.502819903149717140e+00
2.619125809967566831e-01
-7.678146394564137056e-01
-3.450917282444287970e-02
1.666353138826241365e+00
8.291337435205682338e-01
1.398614229074316428e+00
-1.008904411221005715e+00
-4.818198918262900365e-01
-8.068840143004315513e-01
-5.474746332870794596e-01
-1.180679874939288165e+00
1.252229414706791166e+00
-2.085302754146043658e-01
1.224181734010244771e+00
1.058877065782497073e+00
-6.042716918701959705e-02
7.532815030272994594e-01
5.279883426907279187e-01
-2.260281679747970507e-01
1.040399730814455470e+00
2.959621076260087746e-01
8.886195487046386621e-01
8.854342845706640874e-01
6.283691178458478133e-01
-1.136771694426515156e+00
1.764027257060959641e+00
8.527505793004003243e-01
-1.795399232476930784e+00
-1.182648123594129297e+00
-5.086704501979212589e-02
1.026804012434114233e+00
-1.541023530392644059e+00
3.466483647234909204e-01
-7.177753604403485088e-01
-4.955705458313443557e-01
-4.693832705833089064e-02
5.435550806666609169e-01
-1.568331226997677907e+00
8.560426607056568216e-01
-2.015860390854557205e-01
4.829452086847811354e-01
5.084266376910874241e-01
-1.560373487564680861e+00
-4.132712403806556023e-01
-2.372290205005225805e-01
1.387551754775240287e+00
-8.682440030461853198e-01
7.007859035805695802e-01
1.735140127376473940e+00
-1.373894383192697299e+00
-1.208115259826394228e+00
3.671883948021609778e-01
2.825944204888670708e-01
-5.676322844044545679e-01
-1.008919049784668065e+00
6.809031636245244101e-01
-1.866847661667873748e+00
7.028726846713132526e-01
9.237581100464559158e-01
-5.910335617909813211e-01
5.695348211419658524e-01
7.957288342392036806e-02
1.534265941746880135e-01
6.545963702996913103e-01
-1.234020568893805514e-01
5.493439310784066221e-01
-5.454777503560573892e-01
-4.577505019742120762e-01
1.641201518564829209e+00
1.063671590481873874e-01
3.411359388211143706e-02
-7.035883922808667812e-01
2.947163769101678876e-01
4.059891744018337967e-01
-1.427425335114558713e+00
2.160758143042462720e-01
-6.534136121846978451e-02
-1.412238826924514745e+00
2.673205742945567454e-01
-3.469149865497452301e-01
-2.471058453137130462e-01
-1.814422457271876565e+00
-5.159559559679564034e-01
1.256793020839372499e+00
-2.097598002000971906e+00
2.191086459032217437e+00
4.483382909164307928e-01
-3.913598462974393066e-01
-1.459674727437147018e-02
-3.833015727852164267e-01
-4.676625663942057115e-02
-5.445795274297425825e-01
5.151047882223105390e-01
8.653986164372036161e-01
-1.679589951852561436e+00
-9.894519569045925333e-01
6.287859750989976959e-01
1.469267370184553334e+00
-1.623326448334807548e+00
-2.675276682044685356e-02
8.213449932237418816e-01
-4.252034546744316579e-01
-2.755712877266361938e-01
-8.372335239013879438e-01
4.452260797493947098e-01
-4.769989408615515902e-01
5.845602394684078912e-02
-1.266459798936385717e+00
2.120666495301424814e-01
6.471835564426015042e-01
-1.942942448200273009e-01
-1.712238367646231052e-01
-3.969880529197236663e-01
-9.411968600348364911e-01
7.289800127399469476e-01
-1.463202666147337183e+00
-8.043092297440049276e-02
-2.025636042134289827e+00
-2.852875623202115185e-01
-2.722542022690497415e-02
-5.280249402788693702e-01
-1.125790233737307355e+00
-1.563878561432557879e+00
-4.806591140742049739e-01
-2.459572967108882569e-01
5.529532663039776752e-02
-3.576360509115416031e-01
1.043721828736046547e-01
-1.151835108649614803e+00
-1.505708357918984497e+00
6.031217217425188792e-01
3.267377379916340252e-01
-6.993374112137490384e-01
-3.969316993042187880e-02
6.081681485636899476e-01
1.973595015244408835e+00
9.367145223040533597e-02
8.759873199750144212e-04
1.740520235833957485e-01
-1.449634682303922173e-01
8.080395613275535016e-01
1.975167661664977592e+00
-9.360162756698228170e-01
-9.052951519778262152e-03
-1.592732084309982810e+00
3.514664792694715545e-01
7.435286392282450807e-01
8.545096202964191923e-01
-1.921076150258332060e-01
-1.184504959238459776e+00
-7.562138800170984387e-01
-1.063818540636363164e+00
-1.977173102191567278e+00
-6.312146976125615483e-02
-1.731510520576216849e-02
6.994531848541533092e-01
-1.123545429026768794e+00
1.112203442795389519e+00
-3.700691599961341560e-01
-4.068186142405643135e-01
2.241721411278392584e-02
-2.903003281444431205e-01
-9.844099445115618296e-01
1.243415099523487444e-01
-3.590003826099117390e-01
1.571925442700103259e+00
2.058500112194775244e+00
7.563067042639477489e-01
-3.345694306412770325e-01
-4.512774973645315990e-01
-7.733648650680186032e-01
4.432511419772899863e-01
-7.961195547713742493e-02
3.398022146946551025e-01
5.658032495713839483e-01
-1.309857869824749832e+00
-1.141910521984671245e+00
-6.267496650222974530e-01
2.680089478482397536e-01
5.739638763751786499e-01
2.922960908140506686e-01
9.639612096673492170e-01
-9.514354139026082180e-01
-4.846778533398491406e-01
-3.594942842481764766e-01
1.396636838204121434e+00
3.932038267070482873e-01
3.680688527347174555e-01
7.941426302874456944e-01
-7.443199284839884244e-01
-9.232960161967239676e-01
9.519579376392671710e-01
6.494935339741985114e-01
6.529351662389800692e-01
-1.049836341383624028e+00
2.985037060687887323e-01
-1.605770677104984001e+00
3.221143436061241205e-01
1.859120655154038182e-01
-1.728261689464136941e+00
-2.194949084364273273e-01
-2.142929308248289755e-01
8.285031241492576970e-02
-5.970838085730294509e-01
-1.270677034878443079e+00
-4.798380308789201298e-01
-2.372293653671829539e+00
1.156098745099022329e+00
-9.901144994493712437e-01
4.592955797384589700e-01
-1.118870458124369360e+00
-1.896221437788366382e+00
2.516914220473731034e-01
-5.958584437782367127e-01
2.010097527112043814e+00
-2.472227509821645769e-02
-1.040678945720892923e+00
1.489498410927284855e+00
4.332216926658003509e-01
1.067387123587709485e+00
-3.292940633427142050e+00
-5.842918817622343441e-01
-3.616011516974025342e-01
-5.281416232219744017e-02
-3.917598862294170703e-02
-1.115404566686574589e-01
-2.226738746217815645e+00
-6.117334620776410103e-01
-5.834861590781335872e-02
6.897157104609340228e-02
6.596452585026155724e-01
-1.262760846440150964e+00
3.338335521760338320e-01
-5.828094518692256143e-01
7.395669835814788762e-01
1.053057302465378875e+00
-1.572897693966491151e+00
3.055283078614126624e-01
8.715993438324926013e-02
-5.961198118910997490e-01
-6.340813784656490482e-01
-7.003694955561976521e-01
3.015878910433874571e-01
2.595970193094914169e-01
-3.980131590990623747e-01
-5.781950068178064450e-01
-9.928273573175918632e-01
-1.964388919105151565e+00
2.141373139932982728e-01
-7.586062464019099894e-01
-1.381532377233519737e-01
-1.887859868041504852e-01
-2.274904140279715214e+00
2.222997521710037727e+00
-1.063997717851505181e-01
-3.774650505795577038e-01
1.750775595810694918e-01
8.815669738002013256e-01
-4.495416042134842138e-01
-3.037892342047895933e-01
4.545656880557105151e-01
-3.559598874191426399e-01
-1.388327562364033430e-01
1.199400377803158779e+00
-6.270386313385390986e-01
2.147487896328542922e-01
1.135035533357327431e+00
2.407607104231882234e-01
-3.540957693405738516e-01
3.548461731617843506e-01
-4.733036208187761384e-01
4.694014964656683109e-01
-8.081140878851791332e-01
1.449026306990979007e+00
-2.282413351861122930e+00
-1.367382332004671630e+00
1.169861133029854283e+00
1.190067915437128976e+00
6.193228326144456508e-01
-7.176236456828678500e-01
-6.524312467185543474e-01
1.478324420249079285e+00
-6.592724949344862528e-01
7.669957466016411596e-01
3.361133801606476790e-01
7.814336465666824605e-01
-1.887940192076195567e+00
9.420229643514903550e-01
-1.519913122366934655e+00
6.268725633903012850e-01
-3.537717936496013738e-01
-1.735881453899141835e-01
-3.374974153145968159e-01
-6.050843165164941917e-01
5.335370097601841444e-01
-1.923357324896916909e+00
2.003287897991243849e-01
3.465790257265987662e-01
-1.016682294994748492e-01
4.131772599405311719e-01
-3.406507851282034038e-01
4.990101037668372430e-01
-3.021828858356391811e-01
-1.172782786135283306e+00
-2.473737418508996921e-01
-1.326125962225406463e+00
7.689359190770419517e-01
2.531458721835041503e-01
-2.536768258271765997e-01
6.964227544844572293e-01
-4.540659148440110982e-01
-1.340082377330901409e+00
6.879631181989281918e-01
6.806618156681155662e-01
-1.084814451721794804e+00
-6.924398435356434733e-01
-4.725256287431978987e-03
-1.180686000500390298e+00
1.129408942316771025e+00
-1.613610364517162610e-01
4.695446285046395163e-02
1.209784521850881145e+00
-7.312030403222273822e-01
-1.463548335879019779e+00
5.677509673903879950e-01
7.955600198712083904e-01
6.933439354230994667e-01
-3.801709247721142271e-01
-7.722996165006812408e-01
-1.993231352130276357e-01
1.256530742374472487e+00
7.538044838578715767e-01
-2.580131963930617015e-03
-9.804047664237399706e-01
-1.693138700847454992e+00
1.717082678943878893e+00
1.160580429385889012e+00
1.956343596849687616e+00
-1.507959898507612140e+00
3.107292329141656539e-01
-3.644471653870288708e-01
6.930021952417936282e-01
-2.022521641644282886e-01
1.371933856792344475e-01
-7.939069642255344172e-01
-1.469399648061593622e+00
6.349844359935837845e-01
-2.744109914554370810e+00
-1.940839036325914257e+00
-4.754551463832483726e-01
1.811457043991193006e+00
2.387441185253044995e-01
2.736280378207028297e-01
2.623400660800744855e-01
1.900588844707633784e+00
-4.748487986884606937e-01
-1.767453134338214049e+00
-1.271628820499860923e+00
-8.008749346355661380e-01
8.585888733225377489e-01
-1.711708630978668599e-01
-8.027209376411841291e-01
-3.027054484911467780e-02
-3.372801260865035400e-01
6.717538684972201857e-02
-5.082091419820100597e-01
9.923500151081339204e-01
-4.673026234719071526e-01
-1.395340329428499171e+00
-1.083428036725867516e+00
-1.481792439598383249e+00
-1.230953588636678031e+00
2.345142378479969092e-01
3.717843927069895971e-01
2.738159723319067429e-01
-6.655949798836121589e-01
-1.016173888533485226e+00
1.930567652331986350e+00
1.000280898924265749e+00
2.315550327355224147e-01
8.572370209468590518e-01
7.962854634970544243e-01
-3.834178206917255305e-01
1.266213359985167042e+00
-8.956178657812969846e-01
9.742329274142911277e-01
1.104863436656149250e-01
-1.441158174835041050e-01
-1.700291140846585058e+00
-1.462653157920599023e+00
4.233163290025565018e-01
-9.907959336842368792e-02
2.945328713687184741e-01
-3.477366109920552728e-01
6.644038430920297111e-01
-8.200588984064387521e-01
-1.839318516541577908e-01
-2.540340931351996456e-01
1.636876115307682955e+00
5.930327811461516552e-01
2.797212845234310352e-01
-7.780323532997457381e-01
-1.568041019138734227e-01
7.103460147930074076e-01
1.000000000000000000e+00
-2.260281679747970507e-01
4.610238279095643654e-01
2.201705063025828982e-02
