-7.154455714980542114e-01
1.449767646709378965e-01
1.953650706986937546e+00
-1.059824762873518011e-02
1.389952366038580189e+00
7.960842656644528947e-02
1.433453385885119502e-01
9.094197568130852893e-01
9.493116079041654665e-01
-3.082342777502359299e-01
2.501084371629606284e+00
-1.074958902996203447e+00
2.105230658498960405e+00
2.663659692025476033e+00
-1.310256880819050451e+00
-5.584146346069439604e-01
6.405382280837670361e-01
4.214439766825446299e-01
9.198656107196465648e-01
-5.538185041654249963e-01
-1.167614288901976494e+00
3.840155935818209132e-01
5.673785863150837550e-02
8.868752170598856455e-02
4.633089626420233698e-02
1.444879867449150312e-01
3.967651232868720790e-01
-2.321484690155894093e+00
4.815301006392491007e-02
1.320649914223199994e+00
1.283391462018310669e+00
-1.297842607743307841e+00
-3.952711109721436245e-01
-2.717317053029159268e+00
1.168521883559304531e+00
-1.027031958414574397e+00
1.044949150207803434e-01
8.708436963055350422e-01
-3.292028412481285971e-01
5.619888312986834888e-01
-2.290672470865796839e+00
2.420927432686935443e+00
2.576632141247391594e+00
-2.708332570018345820e-02
7.755871048976492599e-01
-7.873363498973162677e-01
1.632414002804242203e-01
-1.982422303682187081e+00
-6.388015214460371904e-01
-1.707314883983973575e+00
-2.525738307838925056e-01
5.549897087072030999e-01
5.977337477533577470e-01
-1.161261484095873708e+00
-1.509116162855245857e+00
2.078281677821828544e-01
2.043776910912925349e+00
-8.260242794479749628e-01
-6.397869950359532654e-01
-1.091365806536368499e-01
-1.286423620340791052e+00
4.031819379334058873e+00
1.302164543626749271e+00
-1.393447712391918003e+00
1.690001495190045944e+00
-2.871369070249163435e-02
-1.513769287179723977e-01
-4.106637577671172767e-01
9.149887457672197799e-01
2.671112750465828301e-01
1.414919598584776450e+00
-3.385168415897399363e-02
1.839653237099577732e-01
9.808607787056712324e-01
2.738300242475950164e+00
-1.922961467412465986e+00
1.949702873047964857e-02
-1.499217191810001015e+00
-2.569546006687616568e+00
1.659161420957558919e-01
-5.358247278928718327e-02
2.182645429274459481e+00
-5.709236927415575202e-01
-6.132293090082310272e-01
5.583094475727862216e-01
-4.071065955006119008e-01
-2.729023146085255647e+00
7.856971099073596365e-01
2.777809553031593826e-01
-8.560532819456279086e-01
2.285886248062710457e+00
-1.259290464759351247e+00
7.909267311155875335e-01
2.097104035723390547e-01
1.639935784540368147e+00
2.078429448810917290e-01
6.319199657098882872e-01
4.309874908928548742e-01
5.167274464426400149e-01
1.048508929010658619e+00
-2.378031860574200129e-01
1.239458752045283330e+00
-1.500797578126217280e+00
2.664015959488854612e-01
5.020429855520854856e-01
-2.313941905348456451e+00
-1.724643278454763617e+00
-1.544739166295373556e+00
1.073373060426308756e+00
9.992305941574506356e-01
5.395607097036367872e-01
1.215865806769514945e-01
-1.368052143003624099e+00
-1.069031558578837693e+00
1.655477763358022963e-02
-1.413173842778944422e+00
-6.103985013469838128e-01
3.546244655407491120e-01
-1.009954057204265787e+00
-9.686996812291276404e-01
2.770721316470722839e-02
1.453592612685363550e+00
2.397644627440228327e+00
-1.844206022509558673e+00
-1.974954510031519672e-01
2.409934956290042063e+00
6.340314482771447491e-02
-1.370607116490527133e+00
-5.255148328578933548e-01
-2.204714575132285859e+00
-1.814418175494691310e+00
1.486956953322376540e+00
-1.624371998123363969e+00
9.077222613103544946e-01
3.036039232057567983e-01
2.110318120647360907e+00
-5.824919476688711351e-01
-1.615435617427327664e+00
1.158917836511675015e+00
6.202402908076335430e-01
3.336371772975182948e-01
-1.496908964113778107e-01
-1.244657611445354028e+00
6.245891059877739515e-02
-4.836054573356867170e-01
-1.085231019353419146e+00
1.163135915916187813e+00
-9.121811098136414220e-01
7.803777453518470075e-01
-1.563702026521355481e+00
-1.039438421800749746e+00
2.318228464813112955e-01
-1.874779597473098081e+00
-1.026477469522024677e+00
3.668029955184428648e-01
7.512971338493111828e-01
-1.887188720842851719e+00
1.293552562678729201e-02
1.186793550178640189e+00
-2.616570986828540835e-01
-1.164638300219218880e+00
2.310568556186999967e+00
8.633197144264078693e-01
1.064425168468090988e+00
1.082786610678346584e+00
-3.412802076163448106e-01
-2.178194407047068792e-01
1.283852616404388858e+00
-4.652936385292958388e-01
6.723758790571239263e-01
-4.439608270406972812e-01
1.568321031645384167e+00
1.336496531614440042e-01
3.124595327823832536e-01
-2.862163342761376850e-01
1.274890766496620476e+00
-2.818142489482801105e-01
-2.502893410055043732e-01
-2.197074766057967032e+00
1.415961751594489559e+00
2.831289292786985379e-01
-1.368939881662950331e+00
1.001225936318239418e+00
-8.992773643087925706e-01
-1.005686585815132039e+00
4.414803766458679224e-01
1.372213617349327563e+00
-1.037413409267778475e+00
2.166399568231578976e-01
-1.022476086423971697e+00
1.255144863647444264e+00
-1.509102224609034371e-01
-2.896624982965996686e+00
1.306632084841412134e+00
-2.664259363026592053e-01
1.399432748700792484e+00
1.645631314859184346e+00
6.740549444448689087e-01
1.065784320319404843e+00
-4.242455304037169861e-01
2.669675601741751336e+00
-1.787720991760705536e+00
9.138402655466031366e-01
1.065348928578339627e-01
-2.343464237705810582e+00
-2.545834980978734507e-01
6.478595076664583896e-01
-1.158592933631584554e+00
-4.715503886736913675e-01
-6.149252989589855112e-01
-2.713934609127967690e+00
-5.241416913473989636e-01
8.642731449581096959e-01
4.129268988642944560e-01
-8.527387603048927622e-02
-2.412902007638141111e+00
2.694097711396460926e-01
3.451604517155512086e-01
2.026395514903359008e+00
-9.078628208906704966e-01
-1.297473002748593007e+00
6.510617051040501480e-02
5.805307589301541560e-01
6.337034624271993266e-01
2.524138796941255980e-01
-8.821944969994990338e-01
-5.671545010374766660e-01
1.824622226746541065e+00
9.045747167373581199e-01
-5.573212895058726746e-01
3.497033417196714900e-01
-1.139442764913696227e+00
-1.117027083910044016e+00
8.929261981899667688e-01
-1.106766189489320817e+00
-9.236476533814018675e-01
-9.090714339910817010e-01
3.365004289872311372e+00
7.003463889173905388e-01
2.702864931302211282e-01
3.190673483105527231e-01
-8.932766795306705809e-01
1.174750415011361460e+00
1.624077251474533856e+00
-1.125416047231013184e-01
-6.182596525472305871e-01
-9.856143674008064348e-01
-1.704199858200700302e+00
1.243380846832798481e+00
1.281302331858210630e+00
9.966329502586959155e-01
-4.007598256322197905e-01
1.919089866511367148e+00
1.385882973122950945e+00
-5.135903145643894163e-02
-1.157091581841735106e+00
-2.424121646771292049e+00
1.906506037185319524e+00
1.454150915545616152e-01
-4.976648760847329211e-01
-1.636609645090032483e+00
-1.156054692660415384e+00
1.812232410969033758e+00
-4.122654509513488108e-01
-1.634267551002551722e+00
