7.001041695556582400e-01
-9.847519507204054445e-01
-5.798261224776487532e-01
-1.042628358183513182e+00
-1.527137270946965497e-01
-8.255026580468238784e-02
-7.170233258383980068e-01
-2.553317155991547960e-01
5.744891290777989212e-01
-1.591748126529026752e-01
-1.792164558304467636e-01
-7.009541726857579924e-01
-6.490620472994854673e-01
-4.601768642585890579e-01
1.623595016593073481e-01
1.629077450300825181e+00
6.137670619175599196e-01
4.149730972060843293e-01
-5.559989980349520078e-01
-5.252714313459985185e-01
-2.728170943521834868e-01
-5.978066122785608005e-01
1.170951584212593932e-01
-4.860425939627266434e-01
2.482436120227773380e-01
-1.202317637273764284e-01
-5.864210893969790117e-01
7.483990301652330146e-01
1.471923775354915698e+00
6.023511863858133086e-01
1.041272558299186635e+00
3.412942450834410835e-01
9.192618046694045475e-01
9.797334172464582380e-01
-8.231987013816426391e-01
7.787457964302909597e-01
-1.078401727605848848e-01
-4.738549274281405044e-01
-7.376884634924991690e-01
1.900721991593339322e-01
3.300586926448272340e-01
1.871760416393610793e-01
-5.031833292265421864e-01
2.654334316903532720e-01
8.571161695502835798e-01
-6.799606510290645556e-01
2.957467584052873022e-01
1.483145761306807753e-01
1.801803494919888227e+00
5.357107600958470606e-01
8.847772166377572134e-01
9.457907036100889897e-01
9.901850155087137395e-01
8.852074657616644249e-01
-7.406651756689431876e-01
-3.980134148956535611e-01
-2.672033610045436713e-01
-9.550806463327670137e-01
3.571893991246102296e-01
5.872313537960143215e-01
8.026719429697664054e-01
3.045606633867330437e-01
9.255867052566986164e-01
-4.813796789718982616e-02
4.781691614160537007e-01
-8.830771796108577432e-01
1.495063801386664615e-01
-9.913839664788750561e-01
5.580894696961022916e-01
-3.807945760422981607e-01
-1.551540255869019447e+00
-7.110672713296890546e-01
-8.206508550132298740e-01
-9.651573421906776140e-01
5.844399971778759806e-01
-1.047183550113312211e+00
9.163856770496265902e-01
-3.716498602149389541e-01
6.493160052419832962e-01
9.071094160767139147e-01
1.523242694596631530e-01
9.177586360128204834e-01
9.902655763249441634e-01
-4.046467810175803925e-01
5.288030884815924093e-01
-1.447880042676179535e-01
1.442429734963466270e-01
2.784334683409850353e-01
1.560149074053517104e+00
3.816344159694322613e-01
6.704363533553068244e-01
-3.705191000687890757e-01
-1.636627967000294781e-01
-9.054515681749555345e-01
1.520946909363705135e-01
2.807014244745585918e-01
2.147220934081102151e-01
-5.993166396376383709e-01
-1.323986396383680653e-01
6.219630307894599142e-01
1.520492484647857356e-01
-2.370559049779068506e-01
-9.114574793630456639e-01
-3.069318807174457042e-01
7.546229168289197986e-01
-5.222379209450087600e-01
-7.266252277127935866e-01
7.956112406699320516e-01
8.359801661594012945e-01
-2.824864768131629678e-01
-2.182509961570111567e-01
-4.656538408160617593e-01
7.153586511760161581e-01
3.509964818183240465e-01
9.392716755789409788e-01
-3.011495560156964846e-01
-3.042352334725426655e-01
-6.434480460403549928e-01
8.344246701110202835e-02
-2.626282642894024466e-01
-4.972744705755340888e-01
9.134370461230125748e-01
1.491359761712533594e+00
1.404935611564326892e-01
6.372357994898218969e-01
6.574013536188272333e-01
-7.003297604843183866e-01
4.881484186089848354e-01
1.899201805580974289e+00
-8.487730993646156463e-01
-6.846987563346107475e-01
-7.795951939517113960e-01
-9.559758380616498741e-01
6.952220421302659492e-01
-3.703729943806102209e-01
-8.716484974595672952e-01
1.383904718452588778e-01
2.591197064166876896e-01
5.536076668084666252e-01
-3.627282830154003879e-01
4.284728247077020935e-01
-8.447580938433412179e-01
8.409098698739869704e-02
-2.513427801672087902e-01
-7.124867237567888978e-03
4.246075994119629105e-01
8.515953059284726567e-01
2.629884229858867606e-01
4.979597007394920283e-02
-8.729414354768705309e-01
-7.563006165577301765e-01
-1.219629474032091210e-02
4.815365879072106559e-01
-4.836468503366695426e-01
6.710699968837410267e-01
-8.678689593522459500e-01
4.482043401853783582e-01
-5.793049197980135734e-01
9.887508920448780936e-01
3.754583656929653124e-01
-2.119357494155279742e+00
3.775123597194647296e-01
-2.089359527490464163e-01
-3.134469343625216897e-01
-7.635929593307473340e-01
-6.430437804910380528e-01
3.918395251233945942e-01
-7.329749082218777190e-01
-2.503776481378549024e-01
-5.008609690842353857e-01
9.546055461147235910e-01
2.792827877403063486e-01
9.942346556165200244e-01
-4.296996500779903805e-02
-9.864015573874007625e-01
-3.373016918584321733e-01
-2.316167425937778468e-01
2.828260602794785417e-01
-7.115976225098830099e-02
4.028189728870561481e-01
-1.334845843699369317e-01
7.655936703187073977e-01
5.727038101338854936e-01
-2.073206796971167165e+00
-3.446763111689454817e-02
-7.839345980598921848e-01
5.441005701414449724e-01
9.116502001645694353e-01
-4.693302092832092320e-01
-9.912970413240704826e-01
7.517636624514401067e-01
-9.142362705943991585e-01
9.859615631498437338e-01
2.530661599512906701e-01
9.363859159656946485e-01
6.558950423179419342e-01
-3.406964417699631653e-02
-2.291407788435739779e-01
-4.587555472606814622e-01
-5.557293740337001520e-01
5.983334184072841566e-01
-5.591653203593185406e-01
-9.109239317999477947e-01
-2.829523972264880172e-02
6.393249634294488892e-01
-7.988871568005084800e-01
-1.506603371894967847e-01
-3.952924586342529967e-01
-8.806096506266476442e-01
-4.628642057160716750e-01
5.661906445759528062e-01
-8.304245503954366114e-01
2.536581138498013033e-01
5.375933842275217867e-01
1.514804034287386969e-01
-1.381051357533540358e-01
2.698187708199586421e-01
-1.540783828340568373e-01
-1.393219077222993540e-01
2.566426960704237814e-02
1.526863146018822004e-01
1.780690585075523913e-01
7.472016679752704338e-01
9.213391556887622347e-01
1.956095617338231563e-01
-6.845291086448914708e-01
7.636242895995728475e-01
-1.808173781190218765e-01
-1.359790681163077775e-01
5.554213109987773400e-01
2.306302581675188090e-01
-3.773591008316348194e-01
2.987048873984716746e-01
-8.810192605100368723e-01
5.610030404301569185e-02
-6.360837274645478878e-01
-2.566673764318567752e-01
-3.432248975935221491e-01
8.323991634721650268e-01
-8.499433334279493657e-01
5.027350537338564074e-01
8.328156546236533675e-01
-2.283070793979562474e-01
3.617574881779470619e-01
1.571385398812743528e-01
4.371235406569933257e-01
2.723555197328213495e-01
8.253601818535838408e-01
-6.856343896640657576e-01
5.764559626755674238e-01
-3.476170413808796766e-01
1.689914125938329903e-03
3.340715553214308464e-01
8.110922213812947756e-01
-3.554072927157867490e-01
1.326479229790242798e-01
-1.529947902820987249e-01
-2.659313355621579777e-01
8.328678753270095658e-01
3.490591181632920481e-01
-2.369003751230318588e-01
6.051316086851874498e-01
-4.299542638272204620e-01
-4.179966925110734088e-01
-6.210884721038426037e-02
