3.076590734682513428e+00
-1.636229779166222364e+00
-1.930270800338695636e-01
1.910528078109730854e-01
-2.784205017260085180e-01
-5.188085203758708852e-01
-6.073750978039603732e-01
2.251244484676955260e-01
2.542424510620496791e-01
2.028705839725133964e-01
5.866368842294233943e-01
-1.062930943817236122e-02
-2.335314344713125490e+00
1.557280223918716455e+00
6.439942970222762852e-01
-1.276209115139219863e+00
-2.602807249402906420e-01
-4.599112147865704880e-01
-5.925823623095577419e-01
1.619744382014767003e+00
-1.478422326318560298e-01
-1.844633441920418282e-01
9.921174210210398359e-02
5.529034706636380969e-01
-8.418122926724953548e-01
7.295181341609129344e-01
-1.512848681493281999e+00
2.546449070886295241e-01
7.933181351024531924e-01
-3.594714248092477082e-01
6.942189846500012029e-01
3.312873044333987660e-01
-6.059900575136627499e-01
1.218138143066325840e+00
-1.118401077480365657e+00
-8.319422910457077158e-01
3.017803212565536297e-01
-8.743425187020840150e-01
-4.857482574431548628e-01
-1.086682030774608343e+00
1.713458080094513392e+00
4.449131215440233489e-01
2.137776787039565377e-02
1.013875151886277193e+00
8.072154489819516332e-01
-4.359671825319792471e-01
3.232834775692676743e-01
-7.387877623547380868e-01
2.850235598071462761e-01
-8.409725248255303098e-01
2.638975430060099270e-01
-3.418818187996793823e-01
1.948089046569075666e+00
-1.404967940830291750e-01
-8.229001896157348561e-01
-3.751824712474213230e-01
-2.412128098025197787e+00
-8.907039642614937858e-01
-5.463647434485398476e-03
-3.118583021269283884e-01
5.818377990302879832e-01
-4.410282604080436597e-01
-3.954859563703303459e-03
1.688176327869524318e+00
8.368310910664810143e-01
5.448322685846911095e-02
2.355651315996351691e+00
1.677215407666924563e+00
5.869862312091220780e-01
-5.726151301166141350e-01
4.871926212274486634e-01
-9.208990207002655526e-02
-1.768942253841457424e+00
1.147789551689356799e-02
1.057517331965145857e+00
1.197664154786148627e+00
1.512370903953993151e-01
-1.330993804706442019e+00
-2.146717019482223598e+00
3.077192250928517669e-01
1.174881811241266449e+00
1.405082729011055021e+00
-4.924153298162750048e-01
2.092791555632426137e-01
-3.110672079394494194e-01
-1.528733309291873121e+00
3.257752242265050668e-01
-1.841268603049262265e-01
1.369564557127528337e+00
-8.885832943277848228e-01
-1.256200488467761112e+00
3.536294551538740616e-01
2.154557572293093415e+00
-1.022721266124477779e+00
-8.937819918409616315e-01
-1.653931075165104292e-01
4.568369500808112660e-01
2.939485587532431748e-02
5.712552853647137052e-01
-2.243353210699750022e-01
1.118355885124624916e+00
1.214957943374338489e+00
-3.892953070494107881e-01
-4.548014410207978364e-01
-9.460594379188017600e-01
1.715336645458380715e+00
-6.893705599419813757e-02
6.955309355086196632e-01
-1.474010682956857332e+00
8.869946979755017891e-01
-8.852700308833284515e-01
-9.033318612934024272e-02
-7.643923464926146716e-01
1.594791575623821123e+00
-4.254990637384404861e-01
-1.141110967860571979e+00
3.662469138277542058e-01
-3.486440875337988854e-01
-1.385674738623967617e-01
1.221398529232429198e+00
8.533805272099524997e-01
9.642005736372697422e-01
4.809514365538123948e-01
1.152406191782284983e+00
2.055758680535443972e+00
1.293394661044240668e-01
-1.074935235337360684e+00
-1.116985392654875842e+00
-1.367931403006114044e+00
-6.180029001348832374e-01
-8.161503180730185214e-01
-4.856601905720207002e-01
-2.114007040411977623e-01
5.403675275264888667e-01
-6.510836535481444587e-01
1.056952058850788134e+00
2.629103659773099691e-03
-1.804624811239174065e+00
-1.842894609136108253e+00
-1.322980963386171382e-01
1.790038142379865027e+00
1.262244095466098059e+00
1.640691445711411456e+00
-2.789852071830409841e+00
5.188140197334190767e-02
3.271724167167959219e-01
-4.255963940802761081e-01
-2.723268351040274426e-01
-4.346490282183449461e-01
-8.980304476690328386e-01
9.135506602526726194e-01
-2.240823410214963229e-01
-1.569851323722235126e+00
8.202845906230653572e-01
8.817941539150326857e-01
6.533550207209504190e-02
1.734709424720438653e+00
9.046628643182352825e-01
1.079459158950918818e+00
-2.200079038474212378e+00
9.935809659190836252e-01
-1.298407085865705968e+00
-3.358102859064502344e-01
8.025733171590077042e-01
-2.104941583399846383e+00
-7.572219882402223545e-01
-1.117237763344714363e+00
1.006470443954575078e+00
-9.334074476672341580e-01
1.768150643821404300e+00
2.038258008514596487e+00
-2.037194109827161093e+00
7.144303111360736924e-01
-3.540601856854740381e-01
3.780077696536352505e-01
-7.179652483004358432e-01
3.882611458739529953e-01
1.050759994843405432e+00
2.732456258947065231e-01
9.885806869229023519e-01
9.504512823527310195e-01
1.137339002917879399e-01
9.947199674698598004e-02
1.959597687448010831e-03
1.480277003136991065e-01
-1.086835155521308216e-01
6.897694218384887721e-01
-1.164175487899031136e+00
3.095998235461049353e-01
9.305025582432679965e-01
1.086857830896033494e+00
7.621157523480351359e-02
-1.014920048394630792e+00
1.092912727478432933e+00
-9.368393967928415611e-01
8.528296845046430263e-01
-1.152928912012025631e+00
1.422950417270863355e+00
1.100772237844008794e+00
-6.660701578255059374e-01
-1.443710952798345382e+00
-6.324997818306933584e-02
1.060446012296591745e+00
-2.710558115868439977e-01
1.613496887685391012e+00
2.048999356712385644e+00
-1.902345731946729068e-01
2.387662099265428772e-01
-9.547195026609549551e-01
-2.327717871366654923e-01
7.234998953009387224e-01
7.085906783217293947e-01
-1.431475411240268780e+00
-1.465940173462866591e-02
1.828310124044370655e+00
-5.865772708176123507e-01
-2.203451283746913347e-01
-3.701050978101567690e-01
-1.736707446190082882e+00
1.309378226422903246e+00
-1.194734148351354053e+00
1.762055888644137980e+00
2.533637040084578754e-02
-1.001215478253871805e+00
-7.961239809220412855e-01
-1.923814836179740251e+00
-3.077799769149193732e-01
-8.247041750996109144e-01
5.319840384151713897e-01
1.000477197146064867e+00
-7.994250281991878149e-01
1.712073771578200398e+00
3.721969107635114127e-01
8.719125643187894958e-01
-9.053715986971462293e-01
-6.165679306072964216e-01
3.587918242763371568e-01
-4.133686188950465024e-01
-1.191225563104073154e-01
8.798322603626466121e-01
-3.560385699102459056e-01
1.100566089115955437e+00
5.545929046232338511e-01
3.218224636414569462e-01
5.218628963072541316e-01
9.263518088491357050e-01
8.775669846251676898e-01
-3.019697625087069959e-01
4.795593285682262508e-01
-3.388846492964620039e-01
-6.674949396796814316e-01
-1.556424073288487531e+00
-7.029475706907527544e-01
-8.629598558569947508e-01
8.513070692379287596e-01
-1.039060822096379511e+00
8.608752238765915443e-01
7.439362677706553573e-01
-1.062811932635402190e+00
-1.032438343488225385e+00
1.043581386924975485e+00
-1.889689395518161286e+00
8.323990130696341527e-01
-7.844854345469075563e-01
-1.193240494023215970e+00
5.216470509472548311e-01
3.561539801365091740e-01
9.022695654092414141e-01
-5.164770039753822095e-01
-5.793528889783261526e-01
-1.496650603848415528e+00
1.632685943577504739e+00
1.177597096162607215e+00
-1.416706825823471072e-01
-9.697624620338475276e-01
-9.745155269274371479e-01
2.071463476356537325e-01
-3.286336005488842971e-01
-8.352873531164705101e-01
-3.312518107141019907e+00
5.377263670782456151e-02
6.298547989618573650e-01
-1.043503873032582741e+00
-4.315004695502473453e-01
-4.773635419991305029e-01
-1.361519850164286227e+00
1.257826793656426245e+00
1.899593461408366935e+00
2.137204952228592525e+00
-2.766090286716610946e-01
-2.738495078268203375e+00
-7.799570901100781883e-01
1.030018506045180526e+00
-1.356687537635581364e+00
1.115822728339163489e-01
-4.483266393138057859e-01
8.780867268772615253e-01
6.861481617485478690e-01
-3.071037599503809168e-01
6.342834178948897339e-01
1.308028143455969294e+00
1.317649366173678782e+00
2.105571358974619722e-01
-5.674965671937521883e-01
-1.641733678935416163e-01
-7.021457200786290764e-01
2.826602688306230626e-01
-6.826615812099540159e-01
-2.702582055462235400e-01
1.258857231562977796e+00
3.431010929893182904e-02
1.339631672581105271e+00
4.250653265972755834e-01
-7.027116423674514278e-01
2.987538973293397682e-01
1.192880349810919949e+00
1.587515596280801633e+00
-3.881368373746856282e-01
1.427821592152882957e+00
-8.799102985471400906e-01
3.874162675836380632e-01
-1.980208320266707789e+00
3.713406615019905210e-01
-1.159066219566363548e-01
-5.081205071618295488e-01
1.985210762073771784e+00
-1.830882250520057264e+00
-1.271830476270214838e+00
-2.033564279075548153e+00
-1.066754903291228018e+00
-4.444859156453572768e-01
-3.128153850272663572e-01
-1.332119797541557071e+00
-1.951830454476820131e+00
-2.316877372227394982e+00
-1.104520571196035278e-01
1.003569867119326053e+00
-2.073180642696756060e+00
9.569968029237146956e-01
-5.308897455783941899e-01
-1.130142730908155091e+00
9.476800918510482896e-01
1.396103691055175400e+00
-4.571257257213068859e-01
7.466323513961585778e-01
-1.719266860821550003e-01
1.058481880291725519e+00
6.463945966045775426e-02
8.577511654202877311e-01
-8.293112624218328399e-01
-3.773262617684680076e-01
1.812102442590142193e-01
-7.826247255781109136e-01
-9.268005071809857220e-01
-1.066281468044368297e-01
-8.551219893626463842e-01
1.109317474823965810e+00
1.149375775840819180e+00
-9.188075290311370491e-02
8.143764557986300501e-01
4.283706457892895170e-01
-1.647688470984256970e+00
1.900889162967929202e-01
-6.709842510410317651e-01
3.172355852492024786e-01
1.281683184768704020e+00
-7.596750353703939085e-02
-6.714757326957825068e-02
6.855684863141777718e-01
-3.551628782080553659e-01
8.405930340804536050e-01
-5.885188327425908694e-01
8.474567136076860407e-01
6.367806865380519765e-01
3.580303940282795194e-01
1.021353011907803809e+00
1.811754949005257020e-01
-3.602273829862863708e-01
2.565440794444766581e-01
1.355148439724357612e+00
-8.968481746213671224e-01
-2.296275577180078464e+00
-2.923334397200683665e-01
5.946636290261907432e-01
8.021970609762691523e-03
1.531046209087097432e-01
1.730491097669724976e+00
-1.683340529165409549e+00
-1.731786211597788450e+00
-9.957508983755009035e-01
2.071941907419411866e+00
1.206309187552620621e+00
9.991162199063409188e-01
4.819664918174753065e-01
-1.644548896223884116e+00
8.546655787099889379e-01
7.866178710379829742e-01
4.499285693629967997e-01
-1.032459062853179788e+00
1.206936627948614060e-02
-6.567534166911694893e-01
-1.463561466271430023e+00
-1.785438227488228780e+00
7.714095660120194875e-01
-1.704569993565968389e+00
-5.029826791642976191e-01
-2.587208141984492116e+00
-1.740067455103809557e+00
-7.903422938378875662e-01
-8.404361380972084072e-01
-1.333338347739436935e+00
1.364725596128989027e+00
-1.459581508889213342e-01
5.817281453568223792e-01
3.322605786005489170e-01
1.753168274596584642e+00
8.452128135349846749e-01
-1.193753720787406492e+00
-5.945152932021041670e-01
1.751080192295626947e+00
-1.745920344328445450e+00
4.102693471204990616e-01
-1.298477881986193960e+00
1.137775046994221384e+00
-1.026578442888820053e+00
-3.733556443300715677e-01
-1.337886153268694311e+00
4.701273189899214666e-02
2.469066148017181384e+00
8.085944551066669428e-01
5.294631793020442706e-02
3.479190888809157167e-01
1.125989895993682266e+00
-4.720718264401753683e-01
5.594598787757578684e-01
4.306995657214727213e-01
-1.587582747872125222e-01
7.973890374430007144e-01
1.200619397361770840e-01
7.653084421433857809e-01
1.007399198905984505e+00
1.150974904678146338e+00
3.007953597147990710e+00
5.090553026059004005e-02
7.738627407274042413e-01
3.599361058276308589e-01
3.242051035817401505e-01
-2.338984070097130274e+00
1.727227782191501415e+00
-1.444294890105914497e+00
-1.151610767304006855e-01
-8.597496676681644079e-01
-2.125171524071582663e-01
-1.849252897340620594e+00
-1.865155461401378112e+00
-8.099868052927839956e-01
-1.855439443920927078e-01
1.169048533796565037e+00
1.253175660836002014e-01
1.865938271992668429e-01
-2.868435744769750051e-01
-2.630862289427238765e-01
6.411856617584309470e-01
2.349659949292290051e+00
-4.768025855290138337e-01
1.051840514697730988e+00
3.428416701522845056e-01
7.139772387111452401e-02
-9.683370581883320172e-02
-2.270434507144133696e-01
5.217231698195391454e-01
-1.566272080099177622e+00
-1.120395780987201606e+00
-1.920292545797748218e-01
-1.110333475197912007e-01
-8.476065455040585062e-02
-1.189664156828676156e-01
7.393749806099374489e-01
1.625820932647025652e+00
-4.551883115280792036e-01
1.611054894159473783e+00
6.385206972283034021e-01
-1.155663015570794760e+00
4.633230787243360904e-01
4.157287607221128445e-01
-3.336119965967373480e-01
-5.210157875476406630e-01
3.305760043648729773e+00
6.236544098999722285e-01
1.330574545773498818e-01
-3.037870720115593004e-01
2.636170758142511103e-02
4.646438270246189828e-01
-7.779322888689990667e-02
-4.820533035424038326e-01
-8.139935837051280598e-02
-1.988137093084756390e+00
-1.137851831496500044e+00
3.541988614167527194e-01
1.904912924221537240e+00
-1.067301349212336437e+00
-1.211610892431243869e+00
-5.727193158840883092e-01
4.628615092086435512e-01
-2.511400875103095398e+00
-7.212312580952645602e-01
-4.938236091118253790e-01
1.098441941654382248e+00
9.413176110986087863e-02
-9.437079462441823052e-01
3.182997462009336531e-01
1.426792955626426718e+00
9.957386262664575938e-01
7.026123701111994801e-01
1.969195745302305123e-01
1.060339483136572281e-01
1.347854761603446638e+00
-1.673096841132869272e+00
-3.028912163106228239e-01
4.898557440349468606e-01
-9.403426302577495566e-01
1.684268105323957876e+00
-9.969246046006854378e-01
-4.570926024644832997e-01
-3.286043482690529927e-01
-1.563487905734843197e+00
-5.135861317180016039e-01
-5.890297152941617043e-01
5.241483779589851677e-01
4.277274582899669997e-01
-4.709149846491068603e-01
1.919285297555051173e+00
2.239928717058436103e+00
-1.628621191214734809e+00
-1.098925346376768836e-01
-4.069568644003015434e-01
-1.903135468524476126e+00
1.203213254225925510e+00
9.955839051577346499e-01
6.269676268025309307e-01
2.954078774507130477e-03
6.318413657913746206e-02
3.407582788295738241e-01
-1.489873279462753830e+00
5.037443993216429439e-01
1.261419175356570888e+00
-1.834025261187475886e+00
1.472698447169796143e+00
-3.451926958562424597e-01
3.614609542831851985e-01
2.023281245483647073e+00
-3.588265826535771419e-01
-1.765404126107479987e+00
-6.729777496484077304e-01
-1.227588349306913296e+00
-1.224066804483521231e+00
-1.284760213460561129e+00
2.008566038942749266e-01
-3.255243295656239100e-02
2.400642772486238641e-01
-3.509164163143603798e-01
5.402344671602091752e-01
-2.143958290760845653e-01
-5.793527310870777436e-01
9.251252716374276375e-01
9.931796634295183557e-01
-1.764208330915512324e+00
-1.844590592568868814e+00
-4.954346205482715315e-01
-2.450795398264735692e+00
-8.320719903989215460e-01
-1.352972099415608920e+00
-5.461257832242604436e-03
-2.204131853444413480e-01
4.943598836195136625e-01
9.316610551924917605e-01
-9.189184562004359957e-01
-9.287926601389409620e-02
1.348695610081046103e+00
-1.459935817329216068e+00
-5.762993890757109883e-01
8.441725320634346774e-01
7.967634714920825978e-01
6.123225001463129535e-01
-7.765848452554828529e-02
8.389374600839438756e-01
-4.407918151107428351e-01
-2.219499761516848135e+00
-9.200045733759976141e-01
-2.396720177588976264e-01
-6.778377961433227350e-01
4.353605199950966176e-01
-1.781469583003864265e+00
2.282234975919747999e-01
-5.035996020218745928e-01
-2.036383716725216619e-01
-1.074997933848447218e+00
9.846490625639296723e-02
-1.709353533468880304e+00
1.055781444492940535e+00
-1.059086297486642625e+00
3.899323100194078129e-01
-1.299621654343472155e-01
-5.784373715919662873e-01
1.814938076183298873e-02
-8.255476138879818127e-01
1.077490879686162917e-01
-8.058642969668352585e-01
-1.399292896904274830e+00
1.000000000000000000e+00
8.869946979755017891e-01
7.797264229752198794e-01
1.000000000000000000e+00
-4.410282604080436597e-01
9.429139857058997931e-01
1.000000000000000000e+00
1.257826793656426245e+00
6.327764226649333634e-02
