1.761184469610195258e+00
1.428182238323881248e-01
-7.807046167971121164e-02
1.099717538018918361e-01
6.694434658498105151e-01
-8.705440611957764308e-01
4.206741371798223272e-01
-1.362955659082635496e+00
-1.895441021154520733e+00
-1.829239461968714453e+00
-7.864822556747066429e-01
5.686864148291714827e-02
1.381982222752993872e+00
1.916265879319531518e+00
1.206560601808253086e-01
3.395841038249564292e+00
-1.153302741557052924e-01
-2.237933179034541364e-01
-5.232791411202508680e-01
2.122539006104767534e+00
-3.619896797414369871e+00
2.652341637224968185e+00
5.991974071908039434e-01
2.503594834761386334e+00
-8.977297940374604490e-01
-2.031536794622326170e+00
4.258746490767897908e-01
-2.275246013078606744e+00
1.512575432212315940e+00
-6.324639700228693595e-01
3.902994417056684928e-01
1.203895979249758330e+00
-1.329936088938824534e+00
-3.715415992130055578e-01
6.414671398533615676e-01
-1.242316743616719510e+00
8.530847423088492310e-01
-1.292192086067688761e+00
-1.267842290317559240e+00
-3.609110906146457687e-01
-1.795253716619299444e-01
-1.186471080438923575e+00
6.302991152257004792e-01
-9.417201026067976155e-01
2.775441681673215033e+00
1.722711697171774414e+00
5.710716849100816450e-01
-1.176028379811555613e+00
-1.396752969727756977e+00
4.333281193159604361e-01
9.473867395811648162e-01
1.433345759815583653e+00
4.158259775164824257e-01
7.098493466184664646e-02
1.506563790186910001e-01
-1.369960972557670909e+00
1.048663790773628479e-01
7.641942535688609484e-01
1.229547303764494393e+00
-2.484229388202328082e-01
-8.118800992614509937e-01
-1.951939371316432137e+00
-1.779629667399948989e+00
1.500852578218338618e+00
1.570593872499910226e-01
-2.502497539252376058e+00
-8.198435145262639168e-01
-9.011292809349649158e-01
2.791581565740172799e+00
-2.401911445689742575e+00
-5.257194431914962163e-01
2.402187191299499369e-01
-2.422705604178522876e+00
2.353020985464315817e+00
-1.123744868045124523e-01
1.387523626007621802e-01
4.722258042371537679e-01
-6.147412411606045790e-02
-2.730360946561764812e-02
1.179615001294721965e+00
-1.820323016889662249e+00
5.575239987312028411e-01
2.234458553466437958e-01
1.178150572737317603e-01
2.993612332874950877e+00
-4.167547188402391523e-02
2.267014927874987928e-01
2.674735700156560814e-01
1.355311163374338435e+00
-1.392791554587818892e-01
-3.104757394400546877e-01
-1.706033083468464495e-01
6.383897299749093923e-01
4.786551761199403510e-01
-3.190455240115978253e+00
9.203836000643030868e-01
2.847144761473616725e+00
2.721742320929696479e+00
-2.163981156708361109e-02
-9.480700642930219857e-01
9.758928554105690267e-01
-2.186949798835934100e+00
-1.464465085753964835e-01
-7.261333624637840156e-01
2.464495937122834768e-01
1.593959684436963231e+00
-1.598143241670546555e+00
-3.625626600315683401e-01
-1.599097285518971789e+00
7.434933954457527694e-01
1.022181118487169194e+00
2.137818798103702456e+00
1.137792324972869640e+00
-5.755097397761769207e-01
3.000734554231522910e+00
-1.919758578312054098e+00
2.268269430714592583e-01
-1.802603428967351151e+00
5.428486766351936499e-02
-8.677958405668469988e-01
2.135271383644095522e+00
1.457333803244107884e+00
1.628902737954849078e+00
-6.910311982262105079e-01
6.211189346805512379e-01
1.816996921206289306e+00
-8.143804657107944767e-01
-3.163741344450666793e-01
1.357377328130306315e+00
-5.765816784710373621e-01
-1.049663218997299863e+00
-1.344690217718917502e+00
7.427905106331986751e-01
2.488819724410286649e-01
8.223562229025244141e-01
-4.208107435324877077e-01
-2.104675444880531043e-01
-7.201428065192738703e-02
-4.566995493169546672e-01
5.969392442532939214e-01
1.885949209737007415e+00
2.083098486178588615e+00
7.546947886152791662e-01
-7.804366798787254478e-02
1.845839821621378940e+00
-1.823775848360634777e-01
-4.672703409515810424e-02
1.412806475183292498e+00
8.874091508729538003e-01
-1.501508966857503236e+00
1.375870085289445433e+00
-5.785803591548974723e-01
-1.383743995111391456e+00
-2.995776624822728440e+00
-6.365314353737052677e-01
1.158314937386153431e+00
1.556701899455739113e+00
1.301268931837219256e+00
-2.858646431754432449e-01
-1.370014255683414284e+00
3.869358771370442485e-01
8.526815015763384853e-01
4.412656853984609384e+00
-1.612572373238141399e+00
-2.909755409672396098e+00
-5.794812216624593004e-01
1.617841665608372059e+00
-2.492802657741346906e+00
8.369470458257022294e-01
-7.115082860301070733e-01
-1.040971554606125726e-01
6.976851541474360374e-01
2.442206880455750628e+00
-1.650714380282303662e+00
2.482257545676792854e-01
-2.826168758528228242e+00
9.365846870557309467e-01
1.161323808860264206e+00
1.325967328511661769e+00
8.041056112451978599e-01
-5.645245357871904179e-01
2.693707027692239464e+00
1.270779656986233408e-01
-7.512289841475527918e-01
-1.931931623573859946e+00
8.254688559655019020e-01
-5.562209413733947283e-01
5.823766812775510449e-02
3.385687119347433049e-01
-9.153194171529269729e-01
-3.429941072212475128e-01
-8.983494027131835313e-01
4.744706818016573013e-01
-1.187945482543817377e+00
-1.563251384507259312e+00
2.918603998850008985e+00
-1.396261034809779478e+00
-1.545499464874640516e+00
-2.812491648200955208e+00
2.120703692002656737e+00
-7.519699081611235236e-01
9.608853200807849770e-01
-2.802254979491790587e-01
-1.664928924513824349e-01
-1.753552807580879724e+00
-2.135871866952600673e+00
-6.043370378599999260e-01
2.019060973703036277e-01
-2.452957575341423002e+00
-3.145819132125818318e-01
-2.034818604575408862e+00
2.120417619077525906e-01
-2.834550666558677268e-01
1.517231871934890730e+00
1.056168016907996554e+00
-1.182520000609274424e+00
4.712740231999278384e-01
-1.872579954054369500e+00
1.191181892530225994e+00
3.603645051506665808e+00
-2.097044064546647490e+00
-2.030785127794940248e+00
2.183972329021875325e+00
-5.722972252347124922e-02
-3.494663730233498189e-01
-7.369763182596182904e-01
-2.456339255622946582e-01
1.668119297297468329e+00
-9.607051006932831871e-01
-1.602768712592099742e+00
-3.340122666603937418e-01
9.713741768117110098e-01
2.878055724725220310e-01
1.265179610532630949e+00
-1.257340968947071591e+00
-4.629870886260248342e-01
-8.703423290201932616e-01
2.073358524223314348e+00
-1.963685307487921694e+00
-6.158693817567599815e-01
2.166225470422704191e+00
1.928349182035691722e+00
1.044465531651856960e+00
7.079879669450716007e-01
-8.523999440422018736e-01
-8.435041197182250317e-01
3.603961908644139900e-01
8.398265753596587668e-01
7.226191977369866848e-01
2.698949594364639104e+00
-3.187592632282592486e+00
8.346626058019730454e-01
1.056060142435518046e+00
2.591320323241375068e+00
-4.316982234156139242e-01
-1.627608194032600153e+00
-1.801711018670590914e+00
9.734990674221420948e-01
3.245615640285447689e+00
-1.661733563932537017e-01
-2.469247325182846176e-01
-1.555704533652164434e+00
6.857766087955761147e-01
3.954851105829126912e-01
-1.161556880933779512e-01
