3.772000284127726921e+00
-1.772015089938884680e+00
1.384388461333958542e-01
-6.384929256562045241e-01
-1.488069009406614018e-01
-9.175680008177777847e-01
1.667006078681812498e-01
3.508346577715054093e-01
-1.130261384113026901e+00
6.256901221535634550e-01
-1.412664547619374433e+00
9.134247260051500672e-02
5.341702663410575758e-01
-2.863770881469412943e-01
4.886115495025857847e-01
-4.251214072646740116e-01
1.068860040074982143e+00
1.264675323650814365e+00
3.456854875090387136e-01
-4.168783828043770012e-01
-9.943898691653429989e-01
-7.024680729928294287e-01
5.448023435262497882e-01
-7.482243023846170404e-02
5.433672039403556475e-01
5.073667754346951053e-01
-1.794409847422705484e+00
-4.632244335151627923e-01
-4.338556402818878888e-01
2.213919857357351251e-01
1.062815040519816900e+00
-5.318517634838196839e-01
4.134854758494063698e-01
-9.784321584374454650e-01
-9.081528273019848774e-01
6.120673449252979070e-01
7.533460667346041362e-01
-4.276628841339182863e-01
-8.866811129896824406e-01
-9.399729894335867586e-01
-1.310099978940874266e+00
-3.394696125647532758e-01
1.027445618071848310e+00
-5.359256336438474877e-01
-8.375105154847658495e-01
-1.062797253872914904e+00
-7.829540760444104741e-01
1.737460964776319727e+00
3.402773996120867506e-01
-5.976248498626525185e-01
4.316269078152176197e-01
2.142603134008581878e-01
-3.403728848156773790e+00
-4.844242831415104256e-01
2.425004617508478844e-01
-3.414024419683171496e-01
1.489897094086538365e+00
-8.620408944403562534e-01
8.339916691614238653e-01
1.010931673903227024e+00
8.007970310720440299e-01
1.207037949113648700e+00
-1.784054181644500470e-01
1.236648026524025612e+00
5.701380646754863335e-01
-5.274549661934176958e-01
1.874049640760401536e-01
2.823649787744823558e-01
1.208243098805006799e+00
7.812508890998416389e-01
-4.892036453199448687e-01
-9.571983996339367140e-02
-1.639980910271819914e+00
-2.128619176756491704e+00
2.732856011780980254e-01
4.569716094993896832e-02
-4.910196960682171041e-01
-7.770189833737647933e-02
-2.809729747150435109e-01
-1.379749703883127010e+00
8.209806488959306980e-01
2.900876076727246233e-01
-3.988597189924459469e-02
-1.227235585052344424e+00
7.479034740563199612e-01
-4.993072779249657644e-01
-9.394926786942497943e-01
6.503361701922990568e-01
4.760616379970519230e-01
2.027152162314937112e+00
-3.122603192238538883e-01
-1.466894722295459141e+00
4.698403523318777641e-01
-1.078430767385723632e+00
-1.703508592941574418e-01
-8.246897374919480439e-02
8.873212940784327429e-01
8.405018902192467056e-01
8.395492143844615063e-01
-5.258174518464923120e-01
4.418789578666122986e-01
-1.522079374891939507e-01
3.779000164969004150e-01
1.022379654181084563e+00
-8.432376206319825984e-01
-5.130450135796537081e-01
1.096460872353017535e-01
-2.586002612624099140e+00
1.776943085665527278e+00
-8.152451557271608862e-02
-1.308599038393521319e+00
-5.802490932609863927e-01
1.286360757804106969e+00
7.375829190522875667e-01
8.576420947425604790e-01
-9.580313596094899298e-01
-1.025260930143418348e+00
5.647687485099884830e-01
-2.928143375772422896e-01
1.459679579009957040e+00
-9.601586762526429508e-01
3.636227455272511566e-01
-6.055855239717343741e-01
5.905018570000185596e-01
6.442469726707537869e-02
6.157570001699524953e-01
-5.657441385561032265e-02
8.617252262967121101e-01
-1.106572770293485553e+00
-1.487121369780542400e-02
-5.624905992982466296e-01
-2.926116092785521761e-01
4.004252257760532174e-01
7.481499754231800692e-01
9.729499635614318187e-01
6.771313788973886139e-01
4.678283907571021416e-01
-1.981892706945913990e-02
3.041862875534829813e-01
-3.565372435411114788e-02
8.740667980152466709e-01
-2.271650615523165051e+00
2.391501906182762760e-01
4.099091336037447575e-01
-1.619083473618378177e-01
-6.683919116068812727e-01
1.159693680186613118e+00
3.329515712550799034e-01
6.436899804415838755e-01
9.939059379702477326e-01
6.764344698143742729e-01
-3.423196438867925906e-02
6.466428160505389711e-01
1.772378910210160585e-01
-2.545932653265227663e-01
-7.343781653826764177e-01
-5.111337523761191326e-01
1.063699216348566123e+00
-1.373651815935083897e+00
3.876367315927242707e-01
3.102538217335277237e-01
-5.879504854987247509e-01
1.422085363988115470e+00
4.126619056606843361e-01
-2.194988414521176906e-02
-1.317339825725857283e+00
-1.178147658888892391e+00
4.342897723075958005e-01
2.470402851030674363e+00
7.553985178713329418e-01
-2.599170871859303178e-01
7.197642000966879561e-01
-1.563336386181747750e+00
-4.859799407963884543e-01
-7.132928759292532783e-01
-9.477460351654587445e-01
-5.845010630087102976e-01
-7.549249269823202768e-01
-3.456111886672488254e-01
7.962505185273451858e-01
-9.640893929205068824e-02
6.789968063457094694e-01
-5.690295665364740740e-01
-9.260389345574772113e-01
3.056151706351605268e-01
-4.253700305543644533e-01
-8.245424695369456547e-01
-3.823132233364062715e-01
-5.686903560469090957e-01
8.745672909338010614e-02
1.221951986547568980e+00
7.612727629255511275e-01
-1.415247071576089255e-01
-1.323436690406405214e+00
-5.731748923233506016e-02
-8.397700964046030947e-01
-3.462580440859128195e-01
1.828227393926828981e+00
-3.544743711934320030e-01
-3.731768049433119572e-01
-1.565279942463837504e-01
-1.910209030901237615e+00
-1.490324803897300487e+00
5.917429700071327181e-01
-1.827614238088574483e+00
2.388026674086250190e-01
-1.115999717733969110e+00
-2.066345175351709251e-01
-3.453201349702756939e-01
-2.020052233187032698e-01
7.794934117246791194e-01
-9.474708204179352888e-01
-1.406493179613461875e+00
3.031522202559364665e-01
-1.166005710218956715e+00
-2.555987587773695946e-01
1.284810852110589208e+00
1.140990771745399535e+00
-2.800409103562858659e-01
-5.580641467022972035e-01
-9.102103931776938106e-01
5.667401185741890446e-01
3.978852143856563273e-01
6.969333168044483662e-02
2.254515626132586326e-01
2.681837683917561721e-01
-7.744613155814228378e-01
9.070335483941335264e-01
-3.252712842620407718e-01
-1.962787798614691326e+00
-3.978599472371792123e-01
-8.641682636068892531e-02
5.366988001579042766e-01
1.636933621040362219e+00
-2.252798428935774311e+00
5.421776070549325643e-01
7.316031298154580531e-01
3.139632340575255753e-01
2.388379883750828991e+00
1.957473679025624469e-01
-2.228607572130162640e-01
-2.395176984093248251e-01
-1.389445590723440649e+00
-5.156190776602780357e-01
-1.063839779769927968e-01
1.411392980469944325e+00
1.375375645768725230e-01
1.838790255675897711e+00
-4.794499781211872258e-01
-9.982867313292435874e-02
-3.822762137111795355e-01
-7.440251288156414233e-01
-1.512547100415136403e-01
-7.940069910704822265e-01
5.757719204552022019e-01
1.272804489615352086e+00
-1.019161063077724139e+00
-4.882639166217858095e-01
-1.112205263275730882e+00
1.034271470697827766e+00
3.701936972827171712e-01
3.981809823679829385e-01
5.294876229035025972e-01
-4.271885094768163027e-01
-6.824615544292905733e-01
6.458181478360497385e-01
-1.096018593219227455e+00
-4.241451028288017455e-01
-6.313962314935648301e-01
-1.891142922076042288e+00
-1.082015308699554534e+00
-3.396170972700683355e-01
6.327398986588224084e-01
2.864299554052388563e-01
4.257870081139125129e-01
6.542274737013373809e-01
1.139827544276254268e-01
4.111944044519897368e-01
8.686526666504139627e-01
-4.139760113057271845e-02
1.096167471189676279e+00
-1.502491805648777490e+00
5.347427317835190541e-01
-1.446401149964409383e+00
-1.270158525789287784e+00
-1.608016202975353970e+00
1.573232354334339611e+00
-7.433629261936602894e-01
-2.122120719307800218e+00
-1.839116103960529935e+00
3.426247600524467418e-01
8.768282745588991123e-01
-1.666401227851536548e+00
6.152664383611459176e-01
1.163056293039158362e+00
6.638904853621084845e-01
-3.427908006080853109e-01
6.034716410529519237e-01
1.343059520682510000e+00
-6.208609915471592355e-01
-1.896351629556077167e+00
4.313703102783545962e-01
1.518267250222539999e-01
8.819688913530454588e-02
1.089656774434088593e+00
1.650912536732636604e-01
-7.963470441197431082e-01
6.120433184430617013e-01
-2.526916122620094796e-01
-5.152566913916880598e-01
1.628852562616645711e-02
-2.579959859555945867e-01
3.162546730424824482e-01
5.537083482790040520e-03
4.354658543675561377e-01
1.388427500114383539e+00
3.041912636409685455e-01
1.812702847154432362e-01
-3.878922752398999974e-01
2.590501757656782922e-01
1.265243873608883129e+00
9.834118862250333937e-01
2.833000675253137257e-01
9.285455534512360165e-01
3.255904022213350624e-01
8.164400463332790459e-01
-2.897404668585675247e-01
8.880352495163233995e-01
2.184523788073511885e-01
1.034406931138616370e+00
-6.687838169726227910e-01
-5.893861096770869334e-01
-2.638367866462569267e-01
-9.750908631278448757e-01
1.328860678869253353e-01
8.094840382241195176e-01
-5.309144580716853440e-02
-1.799711645964505280e+00
8.710657705123023842e-01
1.181510951988344660e+00
9.132996514544314826e-01
-1.050331279908563564e+00
-8.735587135797985292e-01
1.714952944693248105e+00
5.226612164015613793e-01
-4.704958587147287652e-01
7.780663614544696127e-01
3.861082939520934197e-03
1.367185639788991436e+00
-1.310361504380177289e+00
1.035672450384024446e+00
3.543530595631915747e-01
4.957829627075569512e-01
4.851120004009401576e-01
3.901546913636758096e-01
5.225517235261534221e-01
-5.912291091527939191e-01
2.781627475616576528e-01
1.512704091767090586e-01
2.269972987884014415e-01
1.327848562522371961e-02
1.028120708864187272e+00
-5.289644026373987451e-01
-8.391024281082157810e-01
1.643151959859167954e+00
-3.400469406870860745e-01
-1.748313830186438711e+00
-1.267878244062593807e-01
1.569208509060039669e-01
-1.341217210362724899e+00
-5.085517757493415170e-01
-1.578421339131120371e+00
-3.814883543700915425e-01
2.578442692365793265e-01
1.408999434936726525e+00
-7.869399796970726335e-01
-1.524992143410673906e+00
-1.071573980153941230e+00
-1.003100692753439382e+00
3.274842775542349260e-01
5.288300949338640283e-02
1.128644259381403475e-01
8.298010248251411758e-01
4.411533672255413818e-01
2.164013825178202344e-01
-1.060482374601180888e+00
-4.036938728610739990e-01
1.473431171089149005e+00
-8.400107348994000772e-03
-1.495874975538239227e+00
1.400677396252274498e+00
-3.970150973929768567e-01
1.607034185449995434e+00
-6.382530455557033910e-01
1.503347950035134106e+00
3.588003216953080110e-01
-1.718793867660435293e+00
-1.159825810239197841e+00
6.529252276181520820e-01
1.156562161983234693e+00
2.633592054290199713e-01
5.853347136600313139e-01
3.958915579985618494e-01
8.325078614401535404e-01
1.592360915185945247e-01
3.834432311713625863e-01
1.440869758680217938e+00
-3.639318106101894212e-01
4.744707743949748702e-01
5.435223534230322617e-02
-5.298662820151414099e-01
-4.621040079863829586e-01
1.231068438188576558e-01
-8.901804195867030201e-01
-4.493270902154299362e-01
-2.096205083634202992e+00
-4.131000297406275390e-01
-2.859859264888222063e-01
-1.076196401145925075e+00
-2.851724404131196211e-01
7.238258780479117638e-02
-2.498534196007890229e-01
2.145064152490658294e-01
-9.265951972495438671e-01
6.811760090280625235e-01
1.796000160734761764e+00
-4.752474948906570268e-02
7.830954230312087150e-01
-1.186626178510403085e+00
1.597856694086435603e+00
2.678264613980472775e-01
5.848876647846749238e-02
-5.461371996950883378e-01
1.743580193860714278e-01
-1.255418518366356317e-01
6.070604364430467331e-02
-1.148569532458061593e+00
-2.992458007535260256e-01
2.124887217562103636e+00
8.310903932768156643e-01
-1.710799485265896758e+00
-1.351805942889257262e+00
2.136524232873922569e-01
1.552140025897452036e+00
-3.130970590268762344e-01
-4.317088455063059493e-01
2.442796568529956858e-01
3.802886883708367916e-01
-1.924434061705668220e-01
-4.933201442492730626e-01
-2.240900014829090292e+00
-4.989705978524506258e-01
1.167597103940542391e+00
9.370025171204295900e-01
8.740997517172106601e-01
3.011128540220806560e-01
-7.246091130328107255e-01
-1.786043191112498540e+00
4.714909186214774062e-01
1.198891595975459801e+00
-7.996398352742722926e-01
2.665953350027582269e-01
-3.325458516594946290e-01
-1.759909079338183024e-01
-8.848813152200682985e-01
-5.523763916284258890e-01
6.692557975494174416e-01
-3.008631803940096661e-01
7.429312595265620545e-02
1.377798970701368919e+00
-6.359005206834945634e-01
-4.274125345513298257e-01
-2.591390661248766936e-01
-4.382439031596861712e-02
-3.431463541537875250e-01
-6.631242878421931275e-01
9.606923181516673349e-01
8.261255734519696858e-01
4.286228844900426271e-02
4.031741309661219241e-01
1.281152069200633681e-01
1.228893057346898576e+00
-4.908639426549384344e-01
5.548807481180606516e-01
-3.778211101542110900e-02
-2.057071896982826109e-02
1.304243220849686802e+00
1.412683310739195841e+00
-1.186515714915631792e+00
7.948478677689121419e-01
-7.120583110964785745e-02
-7.192032006020793178e-01
-7.649973377008538744e-01
-9.218614939956225607e-01
5.914810289939148591e-01
7.064852948118178766e-01
2.342895858615545723e-01
3.474677540098701778e-01
-1.980987681807654943e-01
-9.963275903430697245e-01
1.456519329820090913e+00
-1.707826724739610891e-01
7.527737771731018990e-01
4.525486689585658251e-01
6.551182177441809973e-01
4.226569205194576351e-01
-5.032492999207890255e-02
-3.893833363822069571e-01
-9.757602902401262268e-01
1.840016791995052747e+00
8.871178825156367242e-01
1.724999569996605864e+00
-2.001404219067382417e+00
-1.866512769656490933e-01
1.000000000000000000e+00
8.007970310720440299e-01
1.000000000000000000e+00
2.124887217562103636e+00
