3.150033660775510835e-01
-5.276130238452401283e-02
3.984028063113735363e-01
8.347190111834421611e-01
3.485701483338549678e-01
-6.417236752408371769e-01
4.655255643458408588e-01
-1.372097745177743633e+00
1.040730014724863990e-02
6.528955805557772052e-02
9.114063052040000112e-02
1.840536731431683948e-01
-1.680178349397865867e-01
1.027677127484286634e-01
-2.024556717324109689e-01
-4.024152586338529680e-01
9.237929620706397671e-01
-1.344374729637837884e+00
-1.028091781010771255e+00
-6.843561270099313143e-01
2.160763909733604826e-01
-6.868349351167377659e-01
2.950249063199228416e-01
-8.088212871764738354e-01
7.135108977996883206e-02
4.975521010210651740e-01
-1.002264332480615527e+00
-7.579256222898826945e-01
-1.843181791457493279e+00
6.145096033256148838e-01
-8.369060363697858884e-01
-4.657503210467452415e-01
-3.004073065807886245e-01
-6.493095512774877953e-01
7.541104198092102306e-01
-1.431470762597541135e+00
2.306566984427181263e-02
1.176111586203865800e+00
1.696431292003348412e+00
-1.421704106902375031e+00
-1.381411044074162264e+00
-1.957964052682086564e-01
-6.889274905074336264e-01
-1.291373252130846583e-01
8.530711694609376394e-01
1.788446584724840693e-01
1.086523690079122195e+00
-8.202156760073950892e-01
-1.228868783535992826e+00
8.346305692895820624e-03
-1.497398846314262677e+00
4.915507446774818878e-01
8.452032438978209772e-01
1.727453667193185494e+00
4.234670149851126886e-01
6.506026690565023252e-01
-1.507192451753256668e+00
1.354338202502523458e+00
3.048006536733353089e-01
3.619920280959594283e-01
-7.540931571977687042e-01
-7.378863405792525088e-01
8.507967802644799127e-01
8.614456084718169482e-01
-8.003306687347272463e-01
-4.984478553220970665e-01
-1.618073447711693369e+00
-1.130433602899352658e-01
2.193286842864279329e+00
9.031457882492877065e-02
3.666668188654326754e-01
-1.074761163035096612e+00
-8.269431867507376355e-01
-1.249929633950143559e+00
-1.200267961639876368e+00
-1.438549732799146774e+00
5.926211987737536324e-01
-1.189342411155067253e-01
-1.548023525685023216e+00
8.759532843232217258e-01
4.101737391584767134e-01
-1.336014969629100824e+00
1.387253346613478211e+00
-4.722250705939474158e-01
-1.410348545387090979e+00
-9.291143882368527729e-01
-3.642398083469809422e-01
-9.938870338070977806e-02
-1.995024287260220630e+00
-1.397151690523401157e+00
1.916052628004786929e+00
-1.625301918606792517e+00
-7.756488811810142714e-01
4.792882354113174870e-01
-2.484766296202157720e-01
1.383340315247904684e+00
-1.803764392310872322e-01
-6.687930263140841047e-01
-1.652294309878128642e+00
5.571281701222725175e-02
1.128592887561577635e-01
-9.286817726160324638e-01
-1.664671146317019401e-01
1.298756164288003001e+00
3.994245926293740062e-03
-9.343826736788035658e-01
1.066968786345665832e+00
-9.433138061767888660e-02
1.664713126533069687e+00
-9.554029626717235046e-02
4.750327657784196855e-01
1.957199821115641614e+00
-4.362712367816142245e-01
3.556704463670302130e-01
-8.029677474367892254e-01
7.674284243970264097e-01
-5.210427219604812921e-01
-8.522905938596084807e-01
1.918520290177873622e-01
-3.013233883029995397e-01
3.178276506010030422e-02
5.625195852208232372e-01
-2.328150348207997863e-02
4.623242703325908809e-01
-1.558859987758789201e+00
1.111677653598117654e+00
-1.614398869142282811e+00
9.235198770831272164e-01
9.725570705991930243e-02
-3.698758583691310609e-01
-4.324482708713096590e-01
-2.836538568196725896e-01
-7.802861469523343363e-01
-8.459843857472044981e-02
1.089838688272773276e-01
-2.181417571877704298e-01
-1.526718941097846782e+00
1.080238868528762830e-01
-9.652682352704042290e-02
2.625842571614046481e-02
-7.627542667035703827e-01
8.156996470467278160e-01
-1.584781496229150655e-01
3.826433173402740695e-01
1.033538651247233320e+00
1.969296377833712475e+00
-1.649294422075806288e-01
5.184671585623273904e-01
-1.006955779135084272e+00
-1.302534239766719448e+00
2.160421634345774500e+00
1.105414601404204777e+00
-1.367311504659134203e+00
-6.906417997933657071e-01
-3.137751343383745062e-01
-1.720434968722460489e+00
-1.805960525744858547e+00
5.341957847896470213e-01
-1.002554624119708082e+00
-2.793500484564338526e-01
1.634469239688099096e+00
9.685076188917902673e-01
4.974114732332526878e-01
5.699633390783700460e-01
-1.105176508443731054e+00
-4.186406206684467612e-02
-1.311971254453547564e+00
8.999697876293347720e-01
1.069383364374322021e+00
-2.302713150724342295e-01
-7.293571272987582343e-01
-3.755217926185569488e-01
7.078842746540211506e-01
-7.486228579693821050e-01
-9.579663570344055801e-01
9.895820895031645081e-01
-3.419273076723048921e-01
1.078871943819795343e+00
2.666163395094586885e+00
1.160028679627816084e+00
2.080173174452636164e+00
8.720899560074889950e-03
-8.412252917996373425e-01
-7.746340204664358131e-01
-2.062911169360547525e+00
4.210182067814025042e-01
6.851832326441823495e-01
-4.866890121473826381e-01
-1.757504646501910628e+00
1.306969023451126866e+00
4.015967089941374635e-01
-2.062059245081011242e-03
-1.641228543683912744e-01
-1.123730172801847171e+00
5.910200915762441332e-01
3.243705231327310978e-02
2.484749992905450344e-01
2.291897848294718598e-01
1.470027488111083969e+00
-1.046211688424730779e-01
-1.278737415729607640e+00
6.151008981663856900e-01
2.087318437712240016e-01
-8.165300405608677536e-01
-2.087658757216144523e-01
1.604580604355666296e+00
-1.083908880046008827e+00
3.721071305488798941e-01
7.903963226292254340e-01
1.710269258915120938e+00
-3.231620321041469013e-01
9.787113869608584649e-01
1.453008301483610376e+00
-4.912583327181813120e-01
1.651392373799350777e+00
3.762430453325427138e-01
-4.325213771329969870e-01
-1.982433145726825996e-01
-1.332050580413734364e+00
1.817956443894864993e+00
-8.583800157412682097e-01
1.979093450448634328e-01
-4.362813648653331988e-01
6.815887439935485181e-01
-5.526109236375533751e-01
1.145330158650547797e-01
4.882118048486345230e-01
1.381494445807148752e-01
6.258594301545197247e-01
-5.851724885935191134e-01
1.284412110142186814e+00
-3.601206322256568781e-01
-3.951499309159351436e-01
-4.493800650677937103e-01
1.006953243941359100e+00
9.061348616138816814e-01
6.973435048194935870e-01
1.247691032921061316e+00
2.006113967551262700e+00
3.238773571001365981e-01
-5.989679343874151352e-01
1.181792711398672868e-01
5.658058616266316010e-01
-1.814132975391583302e-01
9.639199627665916426e-01
9.661442396419143153e-01
-7.958628349199514673e-01
4.879118066908864626e-01
-9.719079968196411290e-01
2.289061692768694645e+00
1.844043257705081928e-01
1.604987875820992782e+00
-1.667907367682055275e+00
7.268084232750227081e-01
8.392156672592144817e-01
-4.749924239101180889e-01
-5.884255541366640863e-01
6.741696319045692443e-01
-5.547149177854268087e-01
9.747487657764615232e-01
-1.519792002898094241e+00
-4.893137545749111084e-01
-1.907664815590199084e-02
1.012082386386303545e+00
-2.171567998180683745e-01
1.227120265367531937e+00
1.285605857028047749e+00
6.271772075433255456e-04
8.180345284335469591e-01
7.401534518077884650e-01
1.063303404279541814e-01
1.951623800020180211e-01
-1.363084852394679247e+00
4.662048568076378463e-01
1.165977447309012316e+00
-1.434226306366177317e+00
-8.819485792411247971e-01
2.160157126897957358e+00
-7.463609941684941074e-01
-8.401586536312803943e-01
-3.936828215209034476e-01
-7.470121387478474428e-01
-2.083385152333695256e+00
-1.240708258627287952e+00
1.944626078584266837e+00
2.496995366479745071e-01
-4.102576503729854496e-01
-3.775789547337600749e-01
5.081114763080502028e-01
1.146722035984226284e+00
-1.845422958352548992e+00
8.180850735883728186e-02
-1.854157626695591032e+00
-1.813138253793081578e+00
-2.060808931570188018e-01
4.101173879641189512e-01
8.878574985121483465e-01
1.167956701490003635e+00
-9.209295308709466443e-01
1.661469924173816504e-01
4.070550939154020109e-01
2.415787648418453171e-01
-1.049980130466091843e+00
7.602743061526582302e-01
-4.399156756820640779e-01
4.005864816832813702e-01
-1.931627719452952530e+00
-5.394541018506886915e-02
-3.661907751706356962e-01
-1.236233857040281325e+00
4.651884023017218706e-01
1.512319594205560502e+00
1.822973217789512490e-01
2.448350135330192412e+00
-1.071410028022495853e+00
3.521409003605590615e-01
6.740403441050946132e-01
-1.941196480771095190e-01
1.371834082585921655e+00
-5.371337038887621373e-01
7.259906857430531435e-01
6.863804848516271706e-01
-2.153880641170925703e+00
2.239450108510546988e-01
3.342623308445535346e-01
-4.477596049344171325e-01
-1.057730294861947834e-01
1.428118086195804548e-01
5.214012518633820426e-01
-1.072753373352816286e+00
-2.222605883614305000e+00
-6.759874000247640957e-01
-4.977086222973537977e-01
6.146634600271193988e-02
-1.147900842527062482e+00
2.238740255111621238e-02
1.266547332465750131e+00
-2.123837668149781255e+00
2.469642706071200899e-01
-1.027364422163786095e+00
8.304600398770773939e-01
-2.249242032841853867e+00
-9.391029172419296245e-02
-9.757645526705525929e-02
3.696428262104766715e-01
-9.055123771971150537e-02
6.236241593087410440e-01
-5.515812200523213527e-01
9.807271432137465439e-01
-1.117718823111546689e+00
6.774122044086716699e-02
1.846892676865585226e-01
9.287992798274338213e-01
1.528507613312463376e-01
-4.934850209740208049e-01
-1.178645792174569662e-01
-1.289350018835546452e+00
2.730852337816317976e-01
6.460873747586879379e-01
-6.991496458038733985e-01
-1.343796236981729564e+00
-1.542018698208682981e+00
1.210647634390905836e+00
-1.515313437054931045e+00
-4.969596063478382009e-01
4.157555994121366894e-01
6.756310954940762670e-02
1.289382566801686725e+00
-6.095044705086439807e-01
-4.593973003574666203e-01
-3.732852000322279262e-01
3.803341644025043933e-01
1.465328231978279661e+00
-1.562691465626112386e+00
4.178379088377357498e-01
7.298381770994898377e-01
7.487557386322166719e-01
-4.598112759177376829e-01
4.673522333507350024e-01
-1.077860842054923163e+00
1.811263538121431482e+00
-9.358036991544513850e-01
-1.414833097970328579e-01
1.512520826717583144e+00
-7.599717863338986135e-01
1.438494409922221440e+00
9.356337858440954003e-01
-1.193185771923586769e+00
5.427542093782157240e-01
2.126771653071055368e-01
-3.071515200490103070e-01
-5.511773745815392589e-01
5.575313914877921828e-01
-2.046784851114386850e-01
6.713074089794354160e-01
1.847450527208243098e-01
1.032870813470812554e-01
-2.533816191723788358e-01
8.731623413376481402e-01
-6.077657662655382431e-01
5.166344353741038065e-01
-4.106619164178035852e-01
6.263676725805475409e-02
2.674950049090965010e-01
-1.429174186158616577e-01
2.929663160093100016e-01
1.159663978871628531e+00
-5.987235156602946917e-01
-1.317529209839050752e+00
6.291901129375909729e-01
2.309436571372355917e+00
2.032016534303416666e+00
-1.707790357002391346e+00
-2.522714415493271467e+00
-1.129245600642428515e+00
1.545289918342524604e+00
8.588289244087806695e-01
2.773710723729759575e+00
-1.779075086330959565e-01
-2.582043997587738504e-01
-1.553252079394016105e+00
7.215482669959312201e-01
-1.208753194174866097e-01
-1.412449627939826868e+00
1.573145461399230616e+00
-4.395908405980812339e-01
-2.578010981312878758e-01
7.918425099007282419e-01
-2.592532376191031829e-01
9.703797370920859144e-01
1.967109609669601911e+00
6.705302773746322220e-01
3.039937437076569160e-01
-8.344878525037578987e-01
6.426495121595758864e-01
-4.170025090529052569e-01
1.517226782925814810e+00
-3.743864003382383343e-01
-2.193086123252046930e-03
1.186008140216353313e-01
8.781472824055723825e-01
2.001881407722462258e-01
-4.287306583893703005e-01
-1.082372228615832155e+00
7.330045514416032582e-01
-1.788254821530919358e-01
9.426802475644983081e-01
-1.330621091797840494e+00
6.253900304821093104e-02
7.831884706082740122e-01
5.357180622510626655e-01
-1.427171567586579815e-01
-3.688445752527762522e-01
1.367758432490606024e+00
7.776266842766448306e-01
-1.376277115339236690e-01
9.020633838086835610e-01
-2.484042667113308123e-01
-1.219933542137037863e+00
7.633192885909491077e-01
-3.904471201228704724e-01
7.053264270191831331e-01
-4.395175970117164987e-01
1.314800994819540492e+00
1.266828512128507223e+00
-2.592108398899515720e+00
-6.624441587563913991e-01
-2.063583512049063540e+00
8.300869701986460791e-01
-7.225397869482307334e-01
7.269071822102748381e-01
4.629221925083547018e-01
1.301236311109264410e+00
-3.488561683257520030e-01
-9.467666823087302064e-02
5.457019914884332357e-01
-1.061390730867856957e+00
-1.590352068477850711e+00
-1.089859103589731815e+00
-7.033962042769801304e-01
-7.380482177602379901e-01
1.785207319864875908e+00
7.037773749127769207e-01
-4.316610301031001962e-01
3.721586975816997683e-02
9.291066629308879499e-01
1.096190719923885837e+00
6.462631860038186016e-01
-5.259551251075327283e-01
1.432479194794238631e-01
-1.041641734981143763e+00
-1.163272599854670464e+00
4.634658914881066849e-01
-3.010930515669762997e-01
6.258107795894786163e-01
-9.126799208042077893e-01
-3.644947729758492294e-02
1.942934613225506313e+00
-2.231352819180728586e-01
-2.957123706074980540e-01
-3.344415811607040490e-01
6.631747063065126513e-01
-8.090688596918752529e-01
-9.027917562424794262e-01
1.169111979035022619e+00
3.652983831460366870e-01
5.616778144206551193e-01
3.346881248580769325e-02
-7.463513762512359595e-02
-1.050027358426590007e+00
-1.765531098629906204e+00
2.444002805707723089e-02
-9.309234186433815728e-01
-3.083288592729552802e-01
4.906195153759585481e-01
-6.279753972365678116e-01
-1.414340598614655109e+00
3.474690871428888772e-01
-8.076377599780460992e-01
1.590400138050542145e+00
1.275198288596577356e-01
-2.240260429269478770e+00
-2.395427720166052044e-01
1.190477439403930582e+00
1.633168125916841129e+00
-8.231851923515574043e-01
1.269308388795392428e+00
-2.125046797936252785e-01
2.197460757250085939e-01
2.311526215368255588e-01
-4.326510128993955595e-01
1.589470730205565951e+00
-6.204954792105203953e-01
-1.286782473111445890e+00
1.073560839833053393e+00
-2.107741477198617208e-02
1.692088995851313005e+00
1.235950520425828786e-01
-3.833708582716290336e-01
-4.745980469973285487e-01
-1.802072462151663057e+00
7.219506866456572025e-01
6.418721747724066840e-02
2.323771703142009315e+00
2.108842470203893538e-01
7.737177386948353996e-01
1.427970633228162478e-01
-8.566233923323802735e-01
1.027642341454946040e+00
6.260891802131425266e-01
-7.624673508602805017e-01
7.115145500462490835e-01
1.145012887393364709e+00
-2.642422163013008696e+00
-1.149215025434655590e+00
2.528928462123484433e+00
8.593960263459268223e-01
6.395328735234225848e-01
-1.652853983785328884e+00
-3.283106578058559433e-01
-1.580917945988755402e-01
-2.413983618244134460e-02
1.082451372827242242e+00
1.922702405108863699e-01
3.322072785515622906e-01
-1.147705332688850000e+00
-5.822678746413952888e-01
-1.251977145374640610e-01
-9.758254716964106512e-01
-7.527807942471120839e-01
6.827264946977217308e-01
4.619322396135136510e-01
5.445668012614276465e-01
-2.825884032326443140e+00
-4.224491549606176205e-02
-1.400183026797715113e+00
-7.814494236105492542e-01
3.600322292988382133e-01
2.075306010781391985e-01
-7.315851677660111241e-01
-1.189063379256638742e+00
-1.112112374504396373e+00
-9.141414523079889332e-01
4.158477755339924919e-01
4.797376561747242474e-01
-7.295374985197418116e-01
7.414777419305134121e-01
1.545462832049564472e+00
-9.165536530641845703e-01
-5.085367760052574848e-01
3.139297823818065769e-01
-3.831156329444309061e-01
-1.922993567960891159e-01
-2.394055278111292262e-01
-3.337347772976569926e-01
6.881970658146868702e-01
-3.278114882970725730e-01
1.304451723064723234e+00
4.520819346764325397e-01
1.047710758773997330e+00
2.868769743078223300e-01
-5.224517657102091261e-01
-3.098330360469374045e-01
6.336491971829141256e-01
-3.159731994742105421e-01
-1.282400908707537646e+00
2.051171512768144467e+00
-7.607017847863769555e-01
-4.031094857163535217e-01
2.974595907674379980e-01
-7.856493353246777334e-01
-1.201241930462007002e+00
1.278958365042736078e+00
-1.209188908185206301e+00
8.096869105710708947e-01
1.000000000000000000e+00
-2.107741477198617208e-02
3.332183733266429471e-01
1.000000000000000000e+00
2.239450108510546988e-01
1.000000000000000000e+00
3.556704463670302130e-01
-2.510987747217116595e-01
1.351348007050887201e+00
1.000000000000000000e+00
4.915507446774818878e-01
1.000000000000000000e+00
-9.652682352704042290e-02
1.142936726734675279e+00
