2.947733438536920270e-01
1.099533634694562778e+00
-2.628024123004077950e-01
-7.409882694254519286e-01
-6.456364924248988446e-01
-4.005452461976252154e-01
-1.967205648839120413e-01
7.441018794554896676e-01
-1.326927274360472309e+00
-2.398277868847941419e-01
1.911384721408066145e+00
1.991101158231901036e-01
-3.724019612958540670e-01
-4.599610946689586810e-01
-2.145641744923620919e+00
-3.328094285649881301e-01
5.068977331037726186e-01
-1.520440137868087627e+00
-5.703031428577258755e-01
4.399674901225286705e-01
-7.970024102597458304e-01
1.199559557817965638e+00
4.783864561398907915e-03
-1.401261525059959823e+00
9.467470547945970871e-01
1.615521153772409457e+00
-3.970370831395858002e-01
2.801405628951139093e-01
2.191804055122348049e-01
5.262749913018534009e-01
-1.012844056533492632e+00
2.783127658382841263e-01
2.597925958021577664e+00
5.695143930361155071e-01
-1.340800559193222607e+00
2.845819533292753833e-01
1.847394624374790517e+00
1.993553878637180643e-01
-1.422626175381015212e+00
1.422724367170663529e+00
5.942224159720650434e-01
-1.943016171852830043e+00
-1.065656252533066617e+00
-3.279488552407687219e-01
4.899441883888291382e-01
9.422495156995495114e-01
-7.769601701393881177e-01
3.300718558580670869e-01
4.686136493646421153e-01
-2.065320499001522814e-01
-1.948550755974486626e-01
2.026326006563338167e-01
1.110812885701364661e-01
-7.819882540885841893e-01
1.318133171709277907e+00
-2.700969042273231313e-01
1.353555173868270789e-01
8.950981141891676263e-01
1.018345942195956422e+00
-3.033462199672109505e-01
4.097454950135882568e-01
1.281780680406034767e+00
5.078385869288296606e-01
1.236896458147229358e-02
1.072388864752658044e+00
-5.305657907871618173e-01
1.658180873523196902e-02
-2.280319666140878443e+00
-9.337484530272602834e-01
7.299698367838911572e-01
1.699440104580159039e+00
1.170316075871493222e+00
4.053093905967587451e-01
-2.770304974658535646e-01
-1.972850282202225358e+00
4.557964991249742748e-01
2.950294024561995521e+00
6.934289345484935252e-01
4.660597448972750301e-01
-9.218895012906974662e-01
9.094971387523823614e-01
5.361523129883720706e-01
-9.672303984243207919e-02
3.002322611903389116e-01
4.655265954498379322e-01
-3.773980316693824333e-02
-9.449559206449236193e-01
-3.109586267942053561e-02
-3.793112187002516400e-01
-7.174202470365116380e-01
-1.927110538778826765e+00
3.429488583238374799e-01
6.326851147232387396e-01
-1.632262472800765307e+00
-1.063885711825333980e+00
9.421273951458078999e-01
5.543511843353320367e-01
6.894642673867213967e-01
-1.410691026876514098e-01
-4.832376277358053085e-01
9.922854769700086008e-02
1.063978848271799338e+00
7.976585393047605499e-02
-1.820994185389479547e+00
-4.047077010140933129e-01
1.243796985299405522e+00
1.871936976566252353e+00
-2.277369293997101585e-01
-3.198078606146753433e+00
-1.082077979881657104e+00
1.467556850141533253e+00
-1.828981523291647759e+00
1.065619418448134459e+00
1.079921578431802365e+00
-1.575710301814956318e-02
4.633245645622145747e-02
2.535531706910654215e-01
-4.118048063639141998e-01
-2.501312532758805052e+00
-7.877938139107257265e-02
5.068432883741069706e-01
-5.784559302102266765e-01
-1.376941099031560034e-01
-7.390217412398213392e-01
5.016791258603704451e-01
1.979925963169978931e-01
-2.164345291124111448e+00
5.655958657888526808e-01
-1.714842636706071302e-02
-6.383526170067346794e-02
-3.173950285923619608e-01
-2.635452606958754163e-01
1.355158360391363503e+00
-1.238166516559593422e+00
2.115985361502246143e-01
1.234985028248876404e-01
2.436843930608484643e-01
1.584245495121960889e-01
-7.241606676061675962e-01
-7.150965006094499310e-02
3.187621491322248368e-01
2.895576019451425065e+00
1.059595602956840965e+00
-4.201518847509741472e-01
-3.816998713555666556e-01
-8.984643979742307218e-02
1.405004571999766583e+00
6.949234630123691803e-01
2.470882523104448586e-02
5.059772032988019141e-02
1.177766891409376543e-01
3.705277736213948847e-01
8.128927170894360010e-01
-7.651870992638983848e-01
-2.398419256538416033e-01
-4.191531663117653017e-01
5.426397783932551677e-02
2.460100630182820325e+00
-2.018663341024986291e-01
4.193739592279248640e-01
1.749571242951378114e+00
7.530581638737530170e-01
6.613990489104686343e-01
-9.452647941583270930e-01
-1.423170431177346942e-02
9.791044415553709079e-01
-6.845162092748438565e-02
6.880447004640566355e-01
-2.724123411998269351e-01
3.928348530881641820e-01
4.327001724028733953e-01
8.055151621356200220e-01
1.365014150124434611e+00
5.554148845997740613e-01
1.158293581069561151e+00
-6.690366800583938955e-01
-1.299517914346841385e+00
9.640157028202182010e-01
-9.453030460566286264e-01
-1.509943635153479402e+00
7.525876462213917373e-01
1.188847061902824354e-01
-1.008313476695038347e+00
6.976388933582415852e-01
-9.974177904495488967e-02
-1.576197578033753655e-01
5.951683204272482097e-01
1.432942154156179981e+00
-9.907452842864301890e-02
1.397210171161874070e+00
1.156504022321004133e+00
6.155310362295431936e-01
2.439679875735294434e-01
-5.726651758902188138e-01
-1.421379498402006947e+00
-3.628498083659794649e-01
-1.016195283704373953e+00
-1.335779107934153664e+00
-7.048534347318066162e-01
6.361849295062254050e-01
-1.529315927802700870e+00
4.586826644811939357e-01
5.888807949462242924e-02
2.962211769880399581e-01
-2.081348535549242540e-01
-2.308684523538138134e-01
-8.273193738264641994e-02
-9.357416183316987768e-01
2.170647911721568235e+00
1.265420336793937395e+00
-1.546911672984617070e+00
-6.585538483055337622e-01
2.333115676421490259e-01
-3.733005765605076909e-01
-4.217707651054225515e-01
-4.227586201238254238e-01
-8.260433213316393797e-01
-1.000184465539602829e+00
-2.019066079107393469e-02
-3.433946543145418584e-01
1.419645388302345879e+00
8.894346153408292377e-01
5.179708655548852514e-01
-6.560161254152231392e-01
2.596813815328332109e-01
1.502719514805876677e-01
-8.312260258848560568e-01
-4.369924935606663841e-01
-2.368665328360403943e-01
-5.180830000227097942e-01
-1.187288662522224314e+00
-6.984626386445612622e-01
8.070175886878938609e-01
-2.196564347390299599e-01
-1.798619380169858284e-01
-5.111288215408344993e-01
-3.511056291165306487e-01
5.178284998384899973e-01
-1.760516570709343420e-01
2.563796697198271080e+00
4.988816397169422157e-01
5.662466098359146827e-01
1.188822263013433300e+00
1.366151518121726527e+00
-2.950459411324836134e-01
-7.319743968145867585e-01
7.013334617941203719e-01
-6.592694430272953987e-01
2.199626863266819499e-01
-1.284453663294782000e-01
-4.135971669140510176e-01
1.623576348300388161e-01
1.134983075768043914e+00
1.957199535543618918e-01
1.183665442413632807e+00
-1.374285377700132038e+00
9.311577487743011305e-01
1.182638901726690110e-02
4.298237563386385074e-01
-3.593976648369968108e-01
-1.274460500211491154e-01
-2.937751677755069402e-01
1.096818452252171561e+00
8.595182625166739587e-01
3.787642144987993231e-01
3.896202615185021534e-01
2.332815919491404433e+00
-9.775574987314582243e-02
9.851441735449728565e-01
-1.299519291107980701e+00
1.488264091204340778e+00
6.515681912631711148e-01
-8.044702306177152762e-01
1.069034636504537783e+00
-1.369912942256232835e-01
6.342744790004938293e-01
8.357721665167129332e-01
-5.321014572868401071e-01
-1.473443851718880593e+00
4.793093356744901889e-01
1.585686911228843532e-01
9.871866281639416485e-01
-4.161131498190019928e-01
-1.180152253567892773e+00
1.030251408621893905e+00
-1.707600388053664708e-01
3.307024359750733722e-01
4.432072161847689928e-01
6.250664692289157331e-01
9.325011812756596186e-01
-1.176236564475858365e-01
1.116506886466821502e+00
1.045862576985285841e+00
-5.841405870762169661e-01
-1.243122732235446143e-01
-4.787441669771507619e-02
-7.734968155210772967e-01
7.909849041162453354e-01
-8.655385132317199026e-02
1.118678588245228367e+00
8.015928828555271557e-02
-1.532459737664823241e+00
-2.766053111505845791e-02
-7.132500766669072068e-01
-4.440297949115615955e-02
2.276504280273362602e-01
3.302849626631154580e-03
7.686628080057414936e-01
3.843026850006168726e-01
-9.951772527789854994e-01
4.885810497449377121e-01
-1.853306053336966075e-01
-1.756301839756735927e-01
1.444076435076503628e+00
1.317856602262887034e+00
1.180583448412349801e-01
-5.544839353078621080e-01
1.339124612706172224e+00
-1.586427369037526069e-01
1.822854134250298852e+00
6.306257241803905345e-01
1.811942190983583556e+00
8.747547200538564605e-01
1.042534923216299259e+00
-2.702501902519547361e-01
-3.959820717335611473e-01
-1.331519262358360933e+00
4.826938963145173678e-01
-3.696385290648502436e-02
-1.405775304590015207e+00
9.978615429380437440e-01
7.005573545034106120e-01
-3.998307631858348810e-01
-1.049294085850349445e+00
1.717905369662120707e+00
-8.181008546725331287e-01
2.654249838112300086e+00
1.996068267594431012e+00
1.379074388082399683e+00
-5.571566184943753663e-01
2.129405558190954340e-01
1.677375671160620030e+00
-2.766895509246852791e-01
1.692549235645095962e+00
3.367162692127625978e-01
1.576967392977180193e-01
2.281870439900765657e+00
5.081027846014562338e-03
9.707713647588606110e-01
4.252436209947184076e-01
2.279186050251646167e-01
1.232916838982337060e+00
-9.995238734097038336e-01
1.404011039558460405e+00
7.857492916908461744e-01
-4.103106891098457498e-01
2.155124398480057490e-01
1.546518507064386316e+00
3.035331564868337662e-01
7.540742462187162154e-01
-1.950178467116017722e-01
-8.415088270648111157e-01
-7.836116068423796266e-01
-8.084080884886433171e-01
-7.573324446506030094e-01
5.950671985311720702e-01
4.904418552730096387e-02
1.540429414019723331e-01
2.696957705480618195e-01
-2.219521210163588332e-01
-2.437529846578314341e-01
-1.114453025448072787e-01
1.173699946871819888e+00
-6.349051805891350875e-02
-8.264034379914642070e-01
-3.673217368384915082e-01
-7.524815762653650486e-01
-5.824148551764882775e-01
1.793537436789014006e+00
1.169158965329459621e+00
1.664698749422952040e-01
2.302396063694887030e+00
4.831969391966992045e-01
1.021108030695698554e+00
-1.188686485685135213e-01
1.311723837462418052e+00
-3.134225023830553569e-01
4.139775341809128206e-01
3.787281285513486861e-01
-1.690188019876521230e-01
-2.140386289785860541e-01
8.455425839431977009e-01
2.517061672086664537e-01
-3.211854061168968877e-01
5.599320304846723273e-01
-1.291121919362569481e-01
-2.665714566037107769e+00
-1.019386697806103692e+00
-2.103710687834523529e+00
-3.089699720167536912e-01
3.378485464589477405e-01
9.617442864093445065e-01
1.407280047237037479e+00
-1.048408703071729287e+00
1.534997073596885142e-01
1.820151247790429416e-01
3.224511388215469676e-01
-7.709978836351667475e-01
-3.328605444797843593e-01
-1.060406806714381034e+00
1.107721377308128918e+00
-7.728111253522097490e-01
-3.192416634333486991e-01
-1.669998066770189249e+00
1.893211238820844633e+00
2.332146408854856301e-01
-9.378750233410646509e-01
4.990462940826658200e-01
1.428775637300557122e+00
2.455695998136782077e-01
5.182749261839340038e-01
9.598417485840907704e-01
1.100594104781891514e-01
-1.351699066747819700e+00
1.664326297987340997e+00
6.339831714169418264e-01
-4.358768250627361174e-01
4.626964533262197254e-01
-7.940143170345290158e-02
-8.518286304324276248e-01
1.131284307160189018e+00
-1.262122733690569307e-02
-1.134329827643433486e+00
-1.098221917940517267e+00
4.479253848182460640e-01
1.519106101148335775e+00
3.046912364814945429e-01
-8.231263525406826709e-01
1.133607374367352483e+00
-6.069747606173956367e-01
3.708014246727955876e-01
6.665574652130402677e-01
-1.538012084624659881e+00
-1.243832609179689186e+00
1.243824609904669032e+00
-1.857221648966006500e+00
3.648171728900458932e-01
1.773555670597183331e+00
-9.570455278922698206e-01
-1.139929233757156907e-01
6.190057231760713874e-01
6.890250344177659692e-01
-1.175442671862027000e+00
2.748635952544206673e-01
1.176983104604051533e+00
-5.987772850438607408e-01
-2.332176761367445172e-01
1.580795889372132779e+00
1.359359200597877182e+00
5.530920101640082187e-01
3.917646466973611075e-01
-3.776028556135013758e-01
-2.462296095760531378e-01
-9.322499619634296852e-01
-6.556097653686417115e-02
-1.096851574283693065e+00
-5.672604514427878053e-01
-1.693107127582768712e+00
1.026590463505389517e+00
-2.139299228211581028e+00
-2.303418104215941398e+00
1.785972005350188185e+00
2.034626160471104950e-01
-7.962659105619251942e-01
-2.382120622381357633e-01
3.166453516567876436e-01
6.719728831516030843e-01
1.836562759980766790e+00
-1.138196642764151445e+00
1.728984056534038416e+00
-1.690876109641656910e-01
1.686750254199451238e+00
1.778316474330868369e+00
-1.480197191770140641e+00
-2.217002771086877821e-01
-7.949728408213203590e-01
1.279985673632103138e+00
1.585971758278217791e+00
3.058365823755699320e-01
5.603574990340856044e-01
2.246431309852616742e-01
1.585375195531587011e-01
-5.926228622584387429e-01
7.648192434664913275e-01
7.485429310893504384e-01
-1.268486414374013216e-01
-6.857947525053229576e-01
2.072514920512035896e+00
-1.116133520343469909e+00
-9.146440911349958958e-01
-5.959381247070242305e-01
-4.189880496213581607e-01
4.119940131758125790e-01
-4.502156938342090631e-01
-3.781643919163346079e-01
1.048294832814772981e+00
-7.690436115496021019e-01
7.863832792111949965e-01
-1.530157889646334368e+00
-1.932320342673829738e-01
-5.430350320079467830e-01
-3.603994920023058657e-01
6.090423061324068410e-01
6.576822542259112003e-01
4.727275991007074962e-01
-1.508119095587047709e-01
5.134704363819538875e-01
-8.285618530027342166e-01
5.610505105060938913e-01
5.718839502397319308e-01
1.170634207280806249e+00
6.784953907260571349e-01
-8.276413875961615707e-01
1.345101937331756092e+00
-1.253092456324971460e+00
-1.212252221072666725e+00
-9.903543249338444543e-01
8.890365302766507771e-02
-3.177870803262936583e-01
1.320107315726154695e+00
1.779232094633457661e+00
-2.102853733817783843e-01
1.031963970617149284e+00
8.070103014961208521e-01
1.619851649811237804e-01
6.908779247394828404e-01
-3.150126079229927933e-01
-1.049981019283859451e+00
5.809153466431185020e-01
-7.154537162904089920e-01
-1.700834342891304418e+00
1.088994145813815262e+00
1.580193321829790110e+00
1.321433531063075817e+00
4.463691518271707404e-01
-1.380300919481966870e+00
-9.861152115171792909e-01
3.623783973822757021e-02
-1.745305074778934762e-01
-1.012026779372605212e+00
1.444115597590309996e-01
3.510448971998139100e-01
1.300159260692213881e+00
-1.283909087489478740e+00
-1.012987563873449348e+00
-1.662772344316101769e+00
1.742237433379810962e+00
1.127622350207297508e+00
1.434991082396085416e-01
5.691095089367379511e-01
-2.258117885431604854e+00
1.137217204426808070e-01
-4.357773466716637900e-01
4.618165924802667965e-01
3.226740579183495772e-01
1.341784456948190984e-01
1.478169974942063147e+00
1.271422671432104634e+00
-7.655875782500558557e-01
1.274367379837119341e+00
5.443279399568590193e-01
-8.297902513810729852e-01
2.367629608342015080e-01
2.007701611551270915e+00
6.565174994383859985e-02
-1.248432824840652211e+00
-1.077014439199238394e-01
-2.521435171797770658e-01
1.422562920336134518e+00
2.044071260439300763e-01
-1.013413253833082894e+00
-2.727014471557783759e-01
5.628786755588875979e-01
3.883245662285703670e-01
2.508091593376130302e+00
1.300208117987678547e+00
1.054476502287847728e+00
-1.055968445940092648e+00
1.245136371645685358e+00
-9.267569495065740570e-01
-1.596075456508548318e-01
4.696293890920644198e-01
1.000000000000000000e+00
-4.357773466716637900e-01
-1.313878952994009808e+00
1.000000000000000000e+00
-7.154537162904089920e-01
-1.009321260450551927e+00
