1.939152286002217840e-01
4.534028967138605815e-01
1.579535260520930962e+00
-6.571894501288105817e-01
-8.797995785994733309e-01
4.035788320244734217e-01
-1.838049731435838219e-01
3.647697863542431751e-01
-1.595925495776147951e+00
3.741749575296441921e-01
1.682416677058641730e+00
1.409251446809729025e+00
1.823601934158162408e+00
-1.550897495458458397e-01
-1.759731537796102585e-01
-1.282813512603184547e+00
1.242136065872275097e+00
-3.492557347145566204e-01
-2.736019045871096456e-02
-1.338813854973280870e+00
6.721036595988608697e-01
-1.006553329709540368e+00
5.115418622724211550e-01
2.835986091873206050e+00
1.360168052121229820e+00
-1.306485918689301418e+00
1.081253642555922045e+00
2.062231695320939195e+00
-6.419186690945200002e-01
-5.166331071269379960e-01
-9.895047489582000644e-01
5.511406198583509441e-01
5.019361859805747672e-01
-1.152484199371202056e-01
-6.632355323358684052e-01
-9.668653507227724653e-01
-4.878802824398961735e-01
3.779909554248884751e-01
1.085177810157121892e+00
1.067886605337659445e+00
4.801418664422025806e-01
-1.135265205526382326e+00
1.214535205499598813e+00
-1.792367322138162189e+00
-1.069733829973910533e+00
8.681921506711370862e-01
4.449147343272968902e-01
-2.320174112551936840e+00
-1.277379220971368579e-01
5.622376900428420754e-01
-6.219469909377581818e-01
1.658818901767181719e-01
-1.010797411785885336e-02
-1.074249215346081199e+00
-6.429574978936810625e-01
-1.152540339713673978e+00
9.431258107321431883e-01
-1.856541445618678621e+00
-3.738264078862337247e-01
1.397062791320403896e+00
1.083862942712884081e+00
1.056673714181581847e+00
-2.336623269869201991e+00
-3.430453757172323703e-01
-4.098978159666826215e-01
1.009304874026897503e+00
-1.792356755828542259e+00
9.644800533463043779e-01
-5.087237204089758436e-01
-1.184673215629239884e+00
1.048394820369271896e+00
-9.953574389451580462e-01
-7.279926614145819652e-01
1.780975519577820965e+00
-6.344833456196151689e-01
-1.303344456273137109e+00
5.520072684012157227e-01
-5.634627736560958722e-01
6.411544779909874592e-01
-2.432511151604629385e-01
-2.139963424929951064e+00
6.307931067278312876e-01
4.579784078634200895e-01
-8.449214301934292182e-02
-8.342665613578840178e-01
2.750909970139394645e-01
6.959966661428413914e-01
-6.239758093208210843e-01
1.717718109905176815e+00
6.164373231864977987e-01
2.460372962071439296e-01
3.764477215601935711e-02
2.708155417728278502e-01
2.121018507242263595e+00
3.659650834291139909e-01
-1.932114209673075900e+00
1.480137201854122342e+00
-6.826450092096559841e-01
-3.956442817337674916e-02
1.067747397632567763e+00
3.509187572308729020e-01
1.949630263916914741e+00
1.406421995460880314e+00
-5.231257119083384532e-01
9.481090669468958398e-02
-1.423079923412192915e+00
9.412956869868875920e-01
5.037115524729298688e-01
3.895955718773100318e-01
-6.062840816495000951e-01
-7.466626133445652957e-01
8.626114655558831945e-01
1.559374664392984888e+00
-5.667937479423835745e-01
3.853643227494004675e-01
-1.217584002657968512e+00
-1.346788497956991293e+00
9.604564087145670559e-01
3.557457282986292157e-01
2.266343676015366793e+00
-7.520852603901807543e-01
4.324222723610126051e-01
-1.546331902746299336e-01
-3.524929964757776091e+00
-3.422990070807293783e+00
1.239702234035402029e+00
5.976402228685337992e-01
-3.628551978527816413e-01
-1.274158103996368752e+00
1.623621890849265004e+00
-1.890838211363094379e+00
-8.852040977724763282e-01
6.679389491971182702e-02
1.372017763014853786e+00
-5.219167313434861510e-01
-5.764798848968002432e-01
-1.839306724142945604e-01
-6.408930950331112597e-02
7.934061619854561043e-01
-6.666452736800437817e-02
1.649759434685015513e+00
2.564015568002484535e+00
1.788556432694849763e+00
-8.434241612479904671e-01
1.837010119482947346e+00
2.023967302400492274e-02
2.352404383529366871e+00
-7.994525368628904172e-01
-5.613447806332106937e-01
5.039120300039072742e-01
1.533234173096304831e+00
1.849447386622822820e-01
1.224390050985552536e+00
1.553016432489688681e+00
-9.174973930309182624e-01
-7.389635730603030250e-01
1.263886174426338549e+00
-2.638820892713000799e-01
1.772207257517598999e-01
-2.733053772059110959e-02
5.620927196833362949e-01
1.618851520002027033e-01
1.298501955137286501e+00
-1.210446932054717317e+00
9.471877321745558742e-02
-8.607549354409228526e-01
-7.601522431688274573e-01
-1.345991513654946292e+00
-1.386308938194744211e+00
-1.402750555669075583e+00
-5.107087183741892966e-01
3.093969391282638814e-01
1.608528117970977611e+00
-4.243681135094886092e-01
7.696995361001698344e-01
3.069715243279543815e-01
-2.076931757185865646e+00
2.077177607110658464e+00
1.333719731261757913e+00
5.416529136549774748e-01
-2.448087373049603610e-01
-5.421693756321874780e-01
7.908165592665089560e-01
1.379361504150484752e-01
-1.076157003507126175e+00
-1.745779027816291240e+00
3.249662489666083620e-01
-9.427465105281073177e-01
6.243925103042567981e-01
-1.169595982140678725e+00
-1.888185834334802138e+00
6.110206751939064596e-01
7.858199981369796694e-01
1.094330270582229092e+00
-2.118392101060506127e-01
-4.447824843796834848e-01
-4.642500959623692691e-01
1.017984705952920121e+00
9.641137398899888300e-01
-4.953740130072813441e-01
-1.398701298624708711e+00
1.054532689780828481e+00
-1.697085856047669816e+00
-5.947305457413069041e-01
8.384077902299302831e-01
5.685100919924955809e-01
-4.018977679381472434e-01
1.856233913562150839e-01
-2.653140428492886671e-01
-9.151081002922368812e-01
-1.381625713363819896e+00
1.474450586002415520e+00
7.190165475930963002e-01
-1.070615750522335485e+00
-1.119280714466609039e+00
1.071987008656902912e-01
-1.450066616986019463e+00
-3.876744157898779353e-01
5.085231992288322678e-01
-1.338214094630133966e+00
7.366334108261131108e-01
-1.371099979924723433e+00
-1.527702892549433811e+00
1.627801056866862384e+00
-7.707975150498966310e-02
1.095332959448559462e+00
-7.415162546137007427e-01
5.600991099747869573e-01
7.290310820372469802e-01
-9.156942645343603415e-02
2.349342825306540705e-01
2.516439122175616050e-01
1.273800681068683938e+00
2.517867142237330214e+00
1.597866730921069456e+00
-1.005297255019740099e+00
-1.003818168958891643e+00
2.069844342308729157e+00
-1.916510682974010615e+00
1.201184937039603273e+00
3.277698201871092620e-01
5.346522841746982613e-02
1.965955343474109496e-01
-3.349874328088068953e+00
-3.435059888058157318e-01
-3.547073693345506595e-01
1.435571280526982130e-01
7.406249947078142881e-01
-2.013129933361398061e-01
