2.826721297271115318e-01
-1.255809106363805494e+00
8.296488167790907475e-01
-4.000663710079004343e-01
-2.456738498610614663e+00
-8.861025163699365326e-01
-1.779901796013225734e+00
1.764584844125250074e+00
-1.851906980267131297e+00
8.268152242980963962e-02
1.666185038038862309e+00
-2.752617259820791418e+00
-4.613030853117609520e-01
-5.807157602793432405e-01
-3.349604068617967556e+00
1.125652041255790436e+00
-3.546719023474612653e-01
2.983078342326353383e+00
2.544091514866378745e+00
1.098625506953978315e+00
5.040011203019408859e-01
7.820509855225543649e-01
-2.671243663498141352e+00
-1.841235391863802473e-01
5.779049771353994558e-02
1.352285840664926742e+00
1.600770954225555709e+00
-4.625066469180110218e-01
-8.586546860266809356e-01
1.049344946599807038e+00
-1.031139693321933670e+00
3.470631014547722604e-01
-2.111984487933597165e+00
-2.596676560243191378e+00
2.774694969328503902e+00
5.114741422933271053e-01
-2.560761603725958402e-01
4.689604403392215737e-01
-2.490586307237355079e+00
-5.808508449296630793e+00
1.350259654936087683e+00
-9.397509886721786554e-01
-7.754498030096150796e-01
-3.521282380522525735e+00
1.595467367842968165e-01
2.768427107218130345e+00
3.032391575553726515e+00
-3.769689909466971134e-01
-2.744767509918581982e-01
-4.510945184796184559e-01
7.221188476793185540e-01
-1.239704859817037930e+00
-2.164589715823248994e+00
1.703952328710656161e+00
-7.244467084121867240e-01
-4.751565386590291817e-01
1.432703832799733457e+00
3.987707462003230674e+00
-1.617602284156838266e-02
-8.002548338072025258e-01
-1.924751302133767883e+00
1.046676676231375502e+00
-2.189264681649521371e+00
1.337112210739332951e+00
1.881044344902335741e+00
2.423435264950424273e+00
2.343041803648758137e+00
-5.376172305633610815e-01
1.156570186529156885e+00
5.183968878317973816e-02
3.597136296342764439e-01
-1.821225506701417363e+00
-1.899250000549081718e-01
2.650583451821080794e-01
-1.878576013524065003e+00
-1.836452341458216786e-02
-2.832486514042598102e-01
-1.862590184715291919e+00
2.061492150973947446e+00
6.242827958338945660e-01
-1.673206574026156579e+00
8.714356361446586874e-01
3.662663166361409761e+00
-3.198672007848259113e+00
-1.957512121844213748e+00
-2.405695893941313113e+00
-1.453676293380474105e+00
1.702938219460772284e+00
1.113261882245314194e+00
-1.265726429245860984e+00
-2.852051551834003718e+00
-2.641991890358905692e-01
2.129500508398631531e-01
-8.846517114898205802e-01
2.422167019960172141e+00
-3.070983959506201177e+00
1.217578071747760227e-01
6.834238783708860288e-01
1.490479072452455478e+00
1.967872797701768928e+00
3.963086274795905861e-02
1.586445119966042316e-01
-4.860632843374789180e-01
6.846683145950737126e-01
-2.485498461308635942e+00
1.223555242883314076e+00
6.818086820822841787e-01
2.861600543742464087e-01
-1.629799434455074802e+00
