-2.793991203183983640e-01
9.618537130706805716e-01
-1.551013456637931220e+00
-5.213636615023387044e-01
8.225402298182480365e-01
-2.932572886421764280e-01
1.548413376751817783e+00
6.457564211935781784e-02
-1.497919221064015316e+00
1.351200183704991842e+00
-5.161662206261662389e-01
8.672230219465151269e-01
3.380207445072001549e-01
-9.364843810564235094e-01
-6.955674029651727486e-02
-6.511341239447658857e-01
1.509101616054787209e+00
-7.070354268608205484e-01
1.594876368115189624e+00
-3.499874388348882537e-01
-1.055182081181224696e+00
1.161844682287016095e+00
-1.028640342456791146e+00
2.305097458469638760e-01
-1.098382994564673698e+00
-8.040959684432855692e-01
-3.788129518636121906e-01
-6.407508857118795476e-01
6.707603493997158495e-01
-2.319343834680603678e+00
3.998279461854958861e-01
9.493249244198753711e-01
-7.337238243555340711e-01
-3.342752799369308470e-02
1.108908672115831662e+00
7.226222667353042750e-01
5.451980011256718495e-01
-1.810179838268665964e-01
1.242169819197241898e+00
-1.329784888813108523e+00
1.626828258606340949e-01
-4.713370812622406647e-01
1.420990407681103962e+00
-3.728746009621470292e-01
-9.067537776015345274e-01
4.942648091514686287e-02
6.807884787479666355e-02
5.987005069772483035e-01
-2.892614046396052019e-01
-2.578338637349535112e-02
-2.472528799327076143e+00
6.143289406472404179e-01
1.540875086860127974e+00
1.183750683116520097e+00
-9.871426906255836853e-01
4.495265495140862017e-02
-1.110349905974828300e+00
3.823699248254248673e-01
-5.118943401303276408e-01
-4.968538154055619493e-01
-4.362260607279676294e-02
-3.806311182430329731e-01
8.756475899252212924e-01
2.484367436837794096e-01
-1.726208421136466109e+00
1.027749377603879966e+00
-1.288681160800846381e+00
-3.311744620493294877e-01
8.506110606648783490e-01
-9.987841506014045745e-01
8.575269326358324617e-01
1.277049214086849460e+00
-1.286165054790157879e-02
9.070551479355204449e-01
-2.042584976819580955e+00
2.343736356753394645e+00
1.907287420690639279e-01
1.015069767120900801e+00
3.435000867703084659e-01
5.168027924356217717e-01
-9.513358790379553009e-02
-6.677435589251311532e-01
-1.006343124963112956e+00
3.338054329979439627e-01
2.509416834084399195e+00
-1.060292912064765281e+00
6.591605893962372564e-02
-5.781031195622460261e-01
2.017758630874789905e+00
-1.758049396718604218e-01
-6.023276328793729650e-01
-1.238943118542799704e+00
-4.376119167796342357e-01
1.059472130706518689e+00
2.578419966923091167e-01
9.909788122091166551e-01
-2.203432432455424694e-01
1.300157335842987427e+00
3.676356536731280600e-01
-4.821765347375641109e-01
-2.013913687249279771e+00
-1.567612865122270716e+00
1.197649680161310348e+00
-1.911628604875842852e+00
-1.377484798447335512e+00
-1.142987846783845907e+00
-1.163400998416555865e+00
1.057939620637258882e+00
5.974554181409544862e-01
6.682943343959157900e-01
-1.402106985898028846e+00
5.375467276486090018e-01
-1.005841048069640475e+00
-1.357585067964393044e+00
2.808978207979317410e-01
-5.035598926767934636e-01
2.006375394180319460e-01
-1.682866180089846786e+00
5.304558126559218989e-01
-1.574422745360814169e+00
-1.294366198521216260e-01
-2.263948383750672144e-01
-2.108442614465921849e-01
3.578220906643083121e-01
6.013591249901961699e-01
-9.586074962290642987e-02
-1.236264054915236832e+00
-5.231323607491779049e-01
-3.974686671444463415e-01
1.459720083254831824e+00
4.243454991812133925e-01
-2.443125773289396216e-02
-7.019961887916330301e-02
-1.037038577419009538e-01
1.006278410940822265e+00
-1.977893846434488179e+00
-3.190804027630546602e-01
1.941678413908259349e-01
4.122170221046161376e-01
-9.937467356650507844e-01
1.817426422169150235e-01
7.911803038946189082e-01
-4.666495370366747220e-01
2.720878256176684662e+00
1.460540627275668690e+00
-1.409004302732869807e+00
2.415587984119774156e-01
-3.540759395499376572e-01
8.016406985989236178e-01
1.407942465102274276e+00
3.199440705159340426e-01
3.978711296834497868e-01
-1.622032615751599627e-01
-1.206224448905294899e+00
-2.430495873242857208e-01
-9.959446704448994270e-01
-1.544340700665972343e-01
-2.071988632447622214e-01
-5.402221727334047957e-02
-8.158494036336261246e-02
-1.863886221180379499e+00
-2.297536808164829525e-01
4.825444256527644526e-01
-8.145506552006126499e-01
-4.672189185171584658e-01
3.200343392319965896e-01
3.952235188655940923e-01
-3.772023297907798039e-03
5.087778966007925341e-01
-2.192387744126636839e+00
-1.150829284965044108e+00
4.271559385346919702e-01
8.007654432324814442e-01
-1.115871702127933851e+00
9.519418805163364361e-01
1.279512357758615104e-01
-1.597205655804371016e+00
-2.340611257418039770e+00
3.641310567667761788e-02
1.394132087530502440e-01
5.856920096705353629e-02
-5.353802164662412322e-01
2.129707996401882242e-01
1.788126888383957669e-01
-1.156981879660470502e+00
1.661729641467857288e-02
5.931439979556974995e-01
1.904998923211820072e+00
-8.541618807909607813e-01
8.190349965146075384e-01
-2.692585196411266812e-01
6.196926678899905561e-02
2.118361942019348840e-03
5.056416765301915278e-02
5.571678043517125367e-01
-1.327450120885922846e+00
1.270290729886199843e+00
-2.181337713888195307e+00
1.308219244899741396e+00
1.437899175199463642e+00
8.648783385299411153e-01
-3.562705875338897932e-01
-1.377849851276966131e+00
1.949829502053340990e-01
4.190192122303240674e-01
1.217356085895052287e+00
8.577262922509337750e-02
4.959009711876009585e-01
-4.046594979772000777e-01
1.272187449294742922e+00
1.149014328748170222e-01
1.669615887183072633e+00
5.176390047692348562e-01
-4.534625407651893259e-01
-1.261457962718786296e+00
6.286812278270447196e-01
1.282830193248706563e-01
-1.009356021175026763e+00
5.464741708966777134e-01
-6.656635482698203266e-01
-9.283920119773596547e-01
1.976428636110720394e+00
-6.629010641489765376e-01
1.416681361897288993e-01
-4.851948711779105472e-01
-4.425220137635595963e-01
1.203069137878958750e-01
1.115617804751066089e+00
1.617659103156841249e+00
3.903043416417721900e-01
-6.660814085524789929e-01
3.822427138374341615e-02
-1.338978125921588269e-01
1.114454627577360912e-01
1.564635555704742886e+00
-5.189168128012517922e-01
-9.719537943658559387e-01
-1.080876170724081931e+00
3.220230638983707094e-01
-1.434023753085832686e-01
-4.904442505715035372e-01
1.102507417533336448e-01
7.753302878633165918e-01
2.030101817165934075e-01
1.427792922857359370e+00
-6.350710508125430309e-02
-4.018245687344829675e-01
6.750096129502083375e-01
-9.384019574664490548e-01
-1.120098834265918164e+00
9.634409506648246024e-01
4.972023704049056692e-01
-2.088292802141920521e-02
2.787128532610502751e-01
-5.949550837153044780e-01
-4.594513744698278668e-01
3.095117115003368280e+00
7.247618862809110940e-01
-1.914304189972661607e+00
-1.058622294758923665e+00
-1.561317784980840173e+00
-2.038043610287282092e+00
-1.438121217633945959e+00
4.105394306800057014e-01
-1.098106294921304515e+00
5.535539123523466332e-01
-7.404880886738601786e-01
3.427995442909777951e-02
-1.462659227339051071e+00
-3.361563060099626465e+00
7.189463871608146039e-01
-1.453567939325283387e+00
-5.068058656646013960e-01
7.944245766309146473e-02
-9.462904287422956306e-01
6.735376038431025725e-01
4.382566500618259031e-01
1.867264647660012433e-01
-2.998576883742815613e-01
1.329814389298018540e-01
-1.104243437184734972e-01
-4.826630959949516075e-01
-8.201777066039909192e-01
1.915827037219125228e-01
-5.991839859677364766e-01
-8.908351037715293019e-01
4.894566282048865569e-01
1.757027005349447446e+00
1.255080856712187831e+00
3.734108091420153541e-01
-2.486949807619215080e-01
5.371829410869520816e-01
6.989847308938565984e-01
-4.224573248094098954e-01
-1.712976035195054703e+00
6.411975331022319313e-01
-2.543535887196929010e-02
1.021617048167255515e+00
-7.703987201922295192e-02
-6.390526055459117005e-01
-7.395160067575504703e-01
-2.998449707482048754e-01
-9.449038505847714431e-01
-5.084885144256225953e-01
-1.137088901654026152e-01
1.444657393882797791e+00
-9.729506366273035223e-01
6.165663389789314275e-01
-1.913840378698697053e+00
-1.035769660436665518e+00
8.791135462563500758e-01
1.011983645223452355e-01
7.298060449079512013e-01
1.253405117489564846e+00
-4.047710128904171561e-02
1.019472208107696509e-01
8.613013127121171841e-01
2.018413336747624687e+00
3.012043608934161232e-01
-5.883973624948691805e-01
-9.357133573820599626e-01
-1.920072160475307654e-01
9.923873170418701095e-01
8.222822130043223599e-01
-9.153516839602127142e-01
-1.997124080395650259e+00
-3.044822930741477446e-02
-1.025612178197256696e+00
-1.283729717329253894e+00
9.668769198912319229e-01
5.789892601778366954e-01
-1.262178147951725338e+00
6.578983198578530756e-01
-8.656219272110132756e-01
1.055741687313861837e-01
5.407662685431595673e-01
1.358643324560749210e+00
-1.039450166060221559e+00
-1.172695111008709823e+00
-3.251760013889020140e-01
6.116750801389476688e-01
-9.081978966802668474e-01
1.013866049090804689e+00
-3.925393293858959187e-01
-5.738636460802563066e-01
2.104371610692769567e-01
3.028735133365441978e+00
-7.195150060536540382e-01
5.380705747101991454e-01
-4.459089919665629176e-01
5.241744452812251431e-01
-2.600644375303639566e-01
-2.708798852652577471e-01
-1.386646444952551960e+00
2.699664138990694878e-02
1.640687637065085136e+00
-5.290137394136426030e-01
1.012874919055188443e-02
-2.012869256499096426e+00
8.232737126880745882e-01
-8.829113869492187794e-01
1.324786929678963610e+00
6.329341119374549962e-02
-6.313430076399061397e-01
1.027724827880645841e-01
-2.016396400134830846e-01
-1.255757438067217624e-01
-2.056648729628530514e+00
-1.586709811398137271e+00
2.556546568331921065e-01
1.643991533007708838e+00
3.981687725506412034e-01
-1.067292876167423410e+00
-5.430204007451697734e-01
5.379802463060440187e-01
1.429825245801794598e+00
1.222277562678053098e+00
-6.216729146519137661e-01
7.164994034161399350e-01
1.462705676434874480e+00
9.377543787672842912e-01
7.425261904049633710e-01
1.352183280926945175e-01
5.264659604752921496e-01
-3.125037539827797001e-02
3.111764870306967246e-01
1.979215441339499559e+00
2.007481857106644188e-02
-6.578086277546077998e-01
4.922181483980394567e-01
6.855317330674869369e-01
9.307136964438013083e-01
1.250506453324320866e+00
1.242314058970519497e+00
-2.381853961923677265e-01
-1.269511261768763610e+00
1.975872946589606993e+00
8.385621512417279488e-01
-1.675852664006748372e+00
-9.595764011305206731e-01
-1.900234355224977578e-01
5.748959020556739796e-01
-9.899206699876712534e-01
-1.313049551541870974e+00
-5.009228026911942688e-01
1.780126246885598729e+00
-7.949568249645588836e-01
-1.222639679336695817e+00
6.077130645721758873e-01
1.093112967609353614e+00
9.900927078068676446e-01
-1.230031645874982482e+00
-2.759712354094899789e-01
4.706244446125795733e-01
1.591708485497858261e+00
1.729110730022243247e+00
9.497105260569949081e-01
8.313184632195318446e-01
9.760518689916526380e-01
1.117141184919294483e+00
5.058803470127288815e-01
-3.820517650235804030e-01
-8.445984180047508283e-03
-2.871631348516112126e-01
1.904332292806280302e-01
1.407480079930990557e+00
1.217243224975153693e+00
1.220837006064152963e-01
1.855623937194044615e+00
-2.170001420960602778e-01
3.838926673822734004e-01
3.856172004971519102e-02
-3.450726224654359631e-01
-7.796500136850038898e-02
-7.413803866923938113e-01
4.212497680761689844e-01
-6.264327443668092910e-01
-5.232556194518610537e-01
5.772833416468386991e-01
4.345946280226819503e-01
-1.368728028553770348e-01
-2.977312097685439474e-01
-1.033435260675419576e+00
5.970236451731447680e-01
4.237853801475494064e-02
1.113139859353896810e+00
-1.376680027524287142e-01
5.648879303083814696e-01
-4.893101802557288660e-01
8.989405360883996332e-01
9.599976547220103740e-01
-1.165848938130574108e+00
1.743668996588477738e+00
1.937343259701489739e-01
-1.542271216179262661e+00
1.001332981100064634e+00
8.739829900790165862e-01
-1.738228171991977947e-02
-4.971008124799533578e-01
1.627308361323446029e+00
-7.439908963886568416e-02
-7.357868634520170481e-01
-7.404639688982865564e-02
7.942708555066280152e-01
5.839093799045268485e-01
1.318076405192348588e+00
1.449333718507809232e+00
2.576264129989055407e-01
-4.753430647697599598e-01
-5.192317588484967050e-01
-1.493700575731838232e+00
-1.495640397739713690e+00
-5.358207984939880042e-01
2.001243697267119370e-01
1.764729611962562617e+00
7.697467679767102666e-01
2.534338098050650800e-01
4.455100553363817162e-01
1.486849319058578534e+00
1.057258513826619506e+00
-4.356204041241276137e-01
-1.876898278082437255e-01
3.611592129659035311e-01
-9.916571498115851480e-01
1.763980598913517550e+00
6.307289343979212148e-01
1.798613363278688260e+00
-1.790215845512427295e-01
1.464246228361393842e-01
1.701984510422547073e-02
4.316576789636137647e-03
-6.549017623902776419e-01
-2.634551467876803388e-01
7.907780901417021946e-01
2.124767131331416758e-01
1.512691450137435001e-01
5.060730790228440412e-01
-2.374626068130985423e+00
-7.130600872585595162e-01
-1.592392915340307136e+00
-9.112297555369726076e-01
1.864889604078818319e+00
1.524040192878003630e+00
-2.188542959836151935e-01
-1.149409262831146528e+00
2.771681629812758452e+00
2.894039963734900689e-01
5.996252968148948481e-01
1.170232457172344587e+00
-9.767306393090710026e-01
-9.206508244575845046e-01
-4.904527397205318134e-02
2.430901135904384169e+00
-1.438059379361844137e+00
-9.650452880181121795e-01
2.474578721028789285e+00
-1.587787394513865413e+00
1.036788169027432538e+00
5.106719439928814053e-01
7.428125624667846205e-01
-5.238073577380046864e-01
1.059534571998877128e+00
-6.546488390931843870e-01
7.460749358536168663e-02
-4.684295238005925510e-01
-1.421132181084522550e+00
2.029340047920758838e+00
-3.791163703723653411e-01
1.867092316405229435e-01
-9.953378505082807193e-01
-4.615443668915234499e-01
4.596704087302624364e-01
-3.860138447888766811e-01
-3.759938842499779832e-01
8.622310186995997550e-02
-1.279434771851931885e+00
-3.700378862175826566e-01
-2.550056787285282844e+00
8.370743200014275909e-02
1.024990579036645588e+00
5.625579072417968840e-01
-2.702833975469909888e-01
-3.252388747381010359e-01
8.851893216564202804e-01
-1.041674307642950659e+00
-5.139711036272842648e-01
-6.193084383051491448e-01
-2.545674539580396356e+00
-5.653735134812889473e-01
1.068516610121814869e+00
-3.604939817167459593e-01
9.450441365116548642e-01
-1.259446823007087435e+00
8.473186054688455204e-01
7.013508414550942982e-01
-2.245806358042823803e+00
3.127063822701589557e-01
1.415863045682226318e+00
3.000944508756382967e-01
-8.559974226949973453e-01
9.917238103653436276e-01
1.481645814098571101e+00
2.197973754659398260e+00
-1.264664004817113163e-01
-3.785747276884393053e-01
-4.583861350264730739e-01
5.039160631612671359e-01
-1.589552115072343064e+00
-2.367950499066388825e-01
-5.499592460314363107e-01
-1.549684403833294366e-01
5.389131327283667172e-01
-7.026702410173238933e-01
-3.644651385960996914e-01
1.011887829095714508e+00
-1.896469011702445473e-01
9.471129005261013090e-01
2.623042433493445902e+00
-2.659225369600004552e-01
1.217707762596065724e+00
-3.560057204578173651e-01
3.233075935458123440e-01
-1.117572353688293552e+00
1.387979619310945933e+00
2.174870242267087639e-01
3.522746568529246808e-02
1.551459053055494586e+00
1.609637181390445093e+00
1.837022550099993046e+00
8.073975582167760567e-01
1.251659641307738546e-01
5.263525497577659779e-02
-2.809645054590579893e-01
-2.028494958965540995e-01
-8.054098076084694746e-01
8.036513728670134638e-02
-5.413368388847903390e-01
-1.437150572955271655e-01
8.424759776880937912e-01
-4.329886128529364941e-01
-1.411997401124755802e+00
-6.054518603086148643e-01
-1.554878357072287942e-01
5.186729345038056938e-01
-1.088408714325997062e+00
1.059608810365857273e-01
1.600859980748761124e-01
-1.340305109829232899e+00
6.110550229013491652e-01
-3.791096837539411069e-01
-8.442034831811463524e-01
-1.564239553500647695e+00
8.782544205145869087e-01
6.080152481526022168e-01
8.624577874292044255e-01
-5.302121281580961520e-01
9.199445137939819828e-02
-3.454024559860557897e-01
-9.216801635783977709e-01
1.000000000000000000e+00
-9.364843810564235094e-01
6.754558215943606836e-01
