5.477295336898915235e-01
2.045762633870154001e+00
-1.092658159716800581e+00
-1.587302292911596080e+00
-1.034961423875701003e+00
-1.079169502685687565e+00
-1.146559221714134491e+00
3.478011085290342308e+00
1.646277267631257368e+00
-1.371976018627130589e+00
-5.951801981736949410e-01
-1.728658141456293151e+00
-1.524805655274284577e+00
1.308156604598339490e+00
-1.205607258920101676e+00
-1.759656856701207639e+00
-1.650386666395594837e+00
-6.692431923425983253e-01
1.143403457560463021e+00
-1.717834806205832177e+00
2.991156645543732173e-01
-8.959798281191940772e-01
-1.504130607367863082e+00
-8.616365596098302104e-02
1.076449236686559230e+00
8.702161691880498928e-01
-4.086333394135597263e-01
1.872012210682284516e+00
-1.825939371631132069e+00
1.629572232502356721e+00
7.868363465851159200e-01
1.917163327490334357e-01
-6.745461758930554330e-01
-4.500513450760583178e-01
-8.341190966603060364e-01
-1.155739184456168855e+00
3.026928346225035704e-01
-1.931770621444089509e+00
5.285101584195297519e-01
-2.013878201671444934e+00
-1.921455904648176727e+00
-8.598226839811409228e-01
8.252444197011440941e-02
-1.512394805905919126e+00
-3.008309552092939265e-01
1.346305776876714155e+00
7.240715828561700151e-01
8.058493913944433373e-01
-1.577430179997136417e+00
2.467609881613233580e-02
1.833065236350770233e+00
-7.117468080489792737e-01
1.029292517498030080e+00
7.057767834058952250e-01
1.469253453813670562e+00
-9.570752457506090383e-03
1.701793508845704239e-01
-2.443635921735891614e+00
1.528165322528707515e+00
-4.816922788753640328e-01
2.352188979254001389e+00
1.409261147424832439e+00
2.283342633038408565e+00
-1.537194632061367194e-03
9.596676577588499901e-01
-7.222193488187012012e-02
6.080759086416326342e-01
-2.429686030552637099e+00
-8.914354069768520850e-01
6.744679496753902548e-01
-2.398675638443234170e+00
-1.623066543967536468e+00
9.455382675529345748e-01
-2.623338714957761830e+00
3.835054945987037556e-01
-1.141192947646568090e+00
-1.170051379553033177e-01
-1.156560704094462544e+00
1.212470046502725385e+00
-4.392574927667718399e-01
-6.889869750050703345e-01
-1.356356295794980626e+00
4.592224641687399966e+00
8.947872498760973681e-01
-1.104962689338878201e+00
-1.173926528411309622e+00
5.427876519341049422e-01
1.012821231934769362e+00
-1.210312764971703814e+00
-5.083984857984680250e-01
-8.858550074282696141e-01
9.241876519164019532e-01
1.021031450084484149e+00
1.319204174291629950e-01
4.771031995093772959e-01
7.155169578765564475e-01
-1.330086442398867197e+00
-1.326174081797538040e+00
-2.995821571282547779e+00
-1.270330319379388451e+00
-1.088982683100880422e+00
1.043912365872513570e+00
-4.443920658884479291e-01
-8.898594714535509875e-02
-1.864545750850956196e+00
-1.753272769544886311e-01
7.083864082157101949e-01
1.907783647051258580e+00
-2.013778261568683448e+00
-8.076679166262017429e-01
3.944483615803660026e-01
-1.595724269151914954e-01
1.716169646030978990e+00
4.874624020517804857e-01
-1.042522020285017170e-01
-2.487911015930264202e-01
-1.349976049035277015e+00
1.194333927400240469e+00
7.675240256984827703e-01
2.634784855234382217e+00
1.511452162435068747e+00
-1.322235370389679421e-01
2.796842677510250064e-01
-3.219243828744834390e-01
-1.225924644004493302e+00
1.083815196080051002e-01
-1.509472106893967824e+00
-2.462472711323202279e-01
-4.381468983868728184e-01
-2.569955845655241822e-01
1.656038216583992084e-01
5.468841557386292518e-01
-9.533819162404760794e-02
1.141267694468310001e+00
-1.264850053804640773e+00
5.770817365846589442e-02
-4.592637606005696704e-01
3.778266979282924876e+00
1.611271745112380804e+00
-1.846775614240897978e+00
-1.149094806955416104e+00
6.254252492822914844e-01
-2.256673854863643913e-01
-2.248289773330715668e+00
6.037932577092122166e-01
8.118908708274558128e-01
-7.007877804219638795e-01
1.245684944545043304e+00
-7.432289126916269417e-01
-3.924172151569022660e+00
1.047750230554722328e-01
-2.248822220417736162e+00
-7.725196262556403015e-01
-4.803455263975232592e-01
1.980593790656560160e-01
1.540003893370239241e-01
-4.178605701326231769e-01
-9.136293506989426882e-01
-5.387488528763197948e-01
-1.741022042847555906e-01
7.753099820768161177e-01
1.351614103335308625e+00
-1.052755870111260705e+00
-7.888551073450565942e-01
-3.066757841131895201e-01
-9.635288226256030208e-01
6.545965567846585564e-01
9.363604557546408858e-01
1.354033730411611236e-01
1.548241349743050055e+00
-1.942594791078699368e+00
-2.063720104407559930e+00
4.905076056234913828e-01
-1.876583256893216811e+00
-2.790639835956936654e+00
1.778505160198011525e+00
-8.791562109162277538e-01
3.663765098262046216e-01
-3.204367181245239005e-01
-8.132190507552629066e-01
-4.456763157559869848e-01
1.006522435806948668e+00
-1.042887325368658136e+00
8.994148254970815159e-01
-1.416991528015529855e+00
-1.773082091776877478e+00
1.015105752516898718e+00
2.554615076096429238e-01
-1.041001487390198488e+00
-1.060294312872914979e+00
1.315512623327452335e+00
-1.866940878908717849e+00
1.220026771618401451e+00
-8.276247079983699295e-02
2.129540815385571939e+00
3.143782649211603886e-01
-2.772482191450082456e-01
7.600928765545638122e-01
1.765115076868410404e-01
8.318740312684048677e-01
3.666914738086784475e-01
-1.598767348148807166e+00
9.289502833298297624e-01
-1.674729162560674611e+00
6.700033940469382610e-02
-1.215488821839144293e-03
-2.932245181283296698e-01
2.881941464386402751e-01
1.717600311986045680e+00
-8.033208603228716438e-01
5.192646475916814497e-01
1.389766106297619874e+00
-2.265738138469532148e-01
6.836382826726601358e-01
1.092725884224469368e+00
1.007318381083992742e+00
2.589435061670810612e+00
1.657231718601467563e+00
2.334753428744661130e-01
-6.508433831575626272e-01
-1.245402973586772433e+00
-7.976529735628377915e-02
-9.657953826429725996e-01
-8.651830729198958236e-01
1.881105207242175781e-01
5.056889099548168565e-01
-9.540107177310164221e-02
5.848551600705125253e-01
9.023267530407333981e-01
-2.237969467934284307e+00
-1.212716188921739047e+00
4.449306123034794669e-01
-6.040697556334524432e-01
2.088028668691471967e+00
5.081154675971351065e-01
5.682058273937902193e-01
2.355952540072242307e+00
7.973525181114898830e-01
-6.397602593813207505e-01
-9.950279166082058868e-01
-2.679581167211811277e+00
1.772485076984155805e+00
1.246519699036233941e+00
3.002284462235204066e-01
6.885178215634110144e-01
8.065884529882308973e-01
3.135665389632751876e-01
2.477497388623717961e-02
-1.321520007684882758e+00
4.727967527957172567e-01
6.419747498360914850e-01
-1.943035060706216344e-02
-3.879124984557669187e-04
1.291731065596783967e+00
-1.295979056523770989e+00
-3.970398120336887660e-01
-1.386110728323300290e+00
-3.510149200773392542e-01
-2.157539264857786243e+00
-7.155096829277053372e-01
-9.040112957537524974e-01
3.970932443870203166e-01
2.958583259871416793e-02
-1.916572790999737430e+00
-6.046504660777385354e-01
-9.341579038684041381e-01
-9.629807064181585829e-01
8.550954601271213429e-01
1.083195522928661392e+00
-2.150018632314611988e+00
-7.384875947652067008e-02
-8.794557088007537438e-01
-1.851910138104252979e-01
-3.447276924715879654e-01
-6.131986264611549720e-01
-4.288199848531475955e-01
4.428739208694087992e-01
-1.208735957502282243e+00
-2.509144521633295821e-01
-5.119154600141034850e-01
-1.055348249757163792e+00
2.232812837887945712e+00
1.220980457220401272e+00
2.438702868623400799e-01
7.407003743871420909e-01
-9.102104947062686913e-01
-1.087264389616428906e+00
8.982016543000465036e-01
7.316385481645991673e-01
3.353594391602792713e-01
-1.371396146394220139e+00
-2.255591606721333076e+00
-1.492912937112450544e-01
1.206791050477642013e+00
-8.266724276531638438e-01
-1.383621895705071658e+00
-2.345193875048138255e-01
-1.991829349214511158e-01
3.267162211828976703e-01
-1.085914001472272794e+00
8.482783365854940083e-02
6.821902717311267850e-01
1.387328664660505417e+00
1.536584852986208283e+00
1.018495863040614902e+00
-2.415093711238378571e+00
2.410941558802672358e+00
9.500602710309302701e-01
1.782278726336661290e+00
-6.640292959444569210e-01
-1.481087004430950760e+00
-2.297932735381148284e+00
6.543398939367095490e-01
-7.191973461504427845e-02
1.001273172872647166e+00
1.479598295380070427e-01
4.870835523448965865e-01
5.947763832873679268e-01
-5.225379047693683443e-01
8.762636442695043160e-01
-1.160345163111647648e-01
-1.061182106861672025e+00
-2.442192186847234048e+00
-1.831834428103925161e+00
9.569827677309636904e-01
-7.870379227550549084e-01
-1.365404192665687910e+00
-1.483631894591781464e+00
-4.131972200807418338e-01
1.682930242898725004e-01
1.855845151937435045e+00
2.355548624356704757e+00
4.144256463882028951e-01
-1.648613014688929290e+00
1.392937792416518716e+00
1.427792701901205330e+00
-8.624315908268923581e-01
-7.522887845634858017e-01
1.046119041557071361e+00
9.267486873548205217e-01
-3.089119751788451662e-01
1.717127282485830353e+00
1.213358712881694168e-01
1.326942943046616197e+00
-6.746872484712490570e-01
6.893507812915290467e-01
2.835034134009084550e-01
-1.513988631543090824e+00
9.426705065192791944e-02
-1.576097613198649050e+00
6.698138309435269777e-01
6.809685466761240535e-01
1.308568634893437554e+00
-6.861252263197537005e-02
7.053161948193868991e-01
8.599175822677993519e-01
9.357795352894553442e-01
7.132579863853234503e-01
4.640261741933985884e-01
-5.456073316096751169e-01
-2.408417499299733588e+00
1.227277315464769147e+00
-1.859953859952629962e-01
-1.988728502460171410e-01
-1.962325771988587264e-01
-1.607833015955933753e+00
3.376381440727879157e-01
1.889840683302314917e+00
-3.895143733057329083e-01
5.862889443733045880e-01
2.957588687599870259e-01
1.457567456104330805e+00
1.764150327474907520e+00
-4.064285161239188371e-01
9.560787786133981836e-01
7.293676948682381589e-03
-1.861131132415819955e+00
1.731805972195507248e+00
-1.709292250645504829e+00
-3.921277764501200913e-01
1.499955523133215118e-01
6.710311330539564523e-01
-2.117068846229070544e+00
-6.933803106607843159e-01
1.441874652572184390e+00
1.875134370818481999e-01
5.004835556017301901e-01
1.967489749461346804e+00
1.614670989047914507e+00
-4.442723732680262660e-01
-9.122400615342244334e-01
8.488844981613444807e-01
-1.309106345494364332e+00
-1.773943021459604141e+00
1.314767267740593271e+00
-1.410329919844403035e-01
1.005321991468802079e+00
-9.804795668690364785e-01
-5.866125756872861974e-01
-9.524840941490828605e-01
6.073163853304576199e-01
2.489653932620128352e-03
4.422090169511120883e-01
1.682776426465352193e+00
-1.760793496120162338e+00
1.242394175388750632e+00
2.327465678913290814e-01
-1.618616262734011713e-01
-7.066915689328432393e-01
2.901157464681786702e-01
2.147517624193685803e-01
3.711803949115597412e-01
1.361736925363752793e+00
1.615607700402971414e+00
3.338860241486721891e-01
7.369096901328795468e-01
-1.269783282163244209e+00
2.353857325223739916e-01
1.822201415376047740e+00
-2.033528274320157703e+00
3.735767540546866550e-01
2.511193914485212009e+00
-1.213248533206144009e+00
-2.054102801724333460e+00
-1.162548152948249536e-01
1.237357232320769329e+00
9.806095091642277328e-01
-7.604749362598151041e-02
1.425180213337817081e+00
1.013330215101247989e+00
-1.328416549783445255e+00
-1.429533507747538179e+00
8.467591071289484184e-01
-2.365717092446829317e-01
-7.842858511542581956e-01
-6.733113153626802960e-01
8.997210946754665706e-01
-2.132431426104941519e+00
-1.467267291496479498e+00
-1.121396123632808717e+00
-1.365630908524327447e+00
-2.328305123403116017e+00
-6.198601944526502816e-01
-5.772961999546020184e-01
6.000525108426636445e-01
-7.489850717702326577e-01
-1.812686764672443829e+00
1.064641459613271390e+00
-1.660582991559369725e+00
-7.621660253704751753e-01
-9.892378305030679053e-01
2.112018328491885866e-01
4.282730178845363112e-01
-2.929328051001782285e+00
2.266473670516217176e+00
-2.126641266875765712e+00
-3.975068409134897007e-01
1.093634835293183283e+00
6.197067045225822524e-01
-3.671304389482255015e-02
7.619154406662806966e-01
3.449413049589259428e-01
2.018712236876480867e-02
-1.135841762330219051e+00
1.149611743326396818e+00
-1.070236598290478902e+00
-1.251221085934159039e+00
-1.084525058893321736e+00
8.160051777560128894e-01
3.873765021563714273e-01
-1.329163144506986471e+00
9.662552659776054709e-01
-1.089571266804209015e+00
2.983062908156730586e-01
-1.105453914177473962e+00
1.409311115991241259e+00
1.306346509804176659e+00
-8.566396128785914721e-01
1.301062964757966345e+00
1.282784015807753253e+00
-6.669237201019518890e-01
-6.988339888807773015e-01
-7.906005647153003801e-01
5.306010636809188608e-02
-5.059682321737677402e-01
8.276020270208059859e-01
1.391741701537301479e+00
-1.220079589688843225e+00
2.186198391659258389e-01
-9.072439972817476495e-01
-2.110426070954141586e+00
-9.421000848191196653e-02
9.504929132199204656e-01
4.689496091808655898e-01
-4.338446753184821425e-01
-1.004435185584009904e+00
-9.875351011800419521e-01
1.055764026784213216e+00
3.327181498235361357e+00
-5.144655946041809536e-01
-6.373178709220227445e-01
8.784668212905469287e-02
5.787818291484916333e-01
-2.657557753222278829e-01
4.808007187767795454e-01
1.446420467705800794e+00
-1.012642044404255204e+00
3.315549018984595420e-01
1.175132038913534460e+00
5.232808755865230310e-01
1.285222725805373223e+00
2.168357903707586853e+00
-9.290502225957047999e-02
7.317474019577951960e-01
4.405561379085367602e-01
-1.020506453777505707e+00
-2.098307075349243878e-01
-2.463755572246563830e+00
3.046950523351799944e+00
7.107607317254801549e-01
-8.395642606830349131e-01
1.018933925692316222e+00
-3.368599302914086491e-01
-8.575569940731500029e-01
-9.516278965363820230e-01
-7.272835769995120714e-01
-6.041175384646033653e-01
-2.139772151141302037e-01
2.315382752355420876e-02
-6.468001444200008887e-01
1.501123208204030002e+00
4.149322177661945998e-02
-1.185252875499193115e+00
-1.839111754329766091e-01
-2.845198815168305528e-01
-1.029461999862307575e+00
1.516203198871468150e+00
-6.258652732095041360e-01
-3.634724987661847040e-01
1.610411048951923885e+00
-1.419452014764194248e-02
-1.181229566475094250e+00
2.106511254614762407e+00
-2.254035889436763362e+00
4.478502372679787347e-01
-2.851353096924711394e-01
-3.256417942125506393e+00
-1.662976355597717504e+00
-7.822316248239672420e-01
5.670242053550572647e-01
1.838318338119020234e+00
1.690518759490355905e+00
8.474068816099744605e-02
2.491320121030337620e-01
9.144941795889587333e-01
-6.955797097104330362e-01
1.788814724928255107e+00
-1.248903177542075582e+00
-8.013746175228917412e-01
-5.569528826038483427e-02
9.499166315525597870e-02
6.844759605642798395e-01
-9.220309832524872240e-01
-1.638062360724228839e+00
-1.416894915368718699e+00
-1.398842786347453515e+00
5.914917521899720754e-01
-3.533909182439235686e+00
5.867594874292070273e-01
-3.017545392070186683e-02
-1.014854521423111278e+00
-2.131902424426118881e+00
-1.395884339912861538e+00
6.333541201673509313e-02
1.447844789737910975e+00
7.871503457545490079e-01
-1.644855576096174055e+00
-4.378757464830598245e-01
-8.579816794372719171e-03
-7.996262733464898353e-02
-2.685702877054303883e+00
-1.235059958512230827e+00
1.343106575594453511e-01
-2.176007477874275065e+00
8.460922110906549110e-01
3.084457627774737642e-01
4.317853901721683818e-01
1.413548685939639560e+00
4.889825465266249838e-01
-6.215103128057536397e-01
4.328027150348829899e-01
1.756118638500793638e+00
7.579629212576489694e-01
-1.600330224427182202e-04
-1.595720209907765419e+00
1.367277581429278133e+00
-1.365918173482443709e+00
-6.845743887727406829e-01
-9.011777111263664652e-01
1.163265759951642941e+00
-8.381029250040331613e-01
9.687473766910860151e-01
6.841182326729265961e-01
-1.077080424447220297e+00
5.167174894663598694e-01
3.617065373329512168e-01
2.329760920014617431e-01
3.123780089881476041e-01
-8.782991847635484017e-01
-3.208160916030767251e-01
2.830621100435534832e+00
-6.666126514825198024e-01
1.352800396584277420e+00
-2.389147559705573354e+00
2.726483001269831341e+00
-2.391125578359424853e-01
-9.353662927803252369e-01
5.768492548214335658e-01
-1.531748797023753106e+00
1.728556592627227495e+00
3.396018483964178269e+00
1.112896275612732744e+00
-3.053778241839140151e-01
1.545477519975379188e+00
-3.599005740311366219e-01
-3.595367358847483819e-01
-1.872485527375057635e-01
1.156531065702993022e+00
-5.943640624055062105e-01
-2.865071885736816815e-01
1.832627651811480796e+00
5.072775240452501722e-01
1.297118263617212275e+00
3.531203838406089535e-01
-1.419218722536254029e+00
2.816523444159374279e+00
1.676453835159263717e+00
-4.834480809606381824e-01
-1.301275847445668710e-01
2.129651095035205444e+00
7.442629121018712324e-01
-1.014091183615495328e+00
-1.090251492958278057e+00
-4.146986021093074015e+00
-6.257228283196714091e-01
3.068667146563111015e-01
-2.962354009474616579e+00
5.922978732768012788e-01
-2.198811604135073594e+00
-1.643799338395319554e+00
2.467063536880197638e+00
5.374301174920048663e-01
-6.571726770109354021e-01
-1.677472066447645682e+00
1.946012920002050395e-01
-3.066852691860073588e-01
7.190733463918579371e-01
-1.390144638895241425e+00
1.144868248938719857e+00
-6.916862331813402598e-01
1.064334356066623410e+00
-1.954060984526808875e+00
-1.770563139368342531e+00
3.996067590835776784e-01
-5.636755538143281008e-01
-6.927215376071303998e-01
2.870792466777365437e+00
-2.929617284441531910e-01
-1.359159708961928947e+00
2.047242752592179471e+00
2.416261118649512873e+00
2.620343365519540502e+00
8.253043972423932395e-01
5.354559830430893896e-01
2.031341117804874585e-01
3.310907206883001441e-01
2.061147092792695035e-01
-2.168950432146131035e+00
1.446525576170342386e+00
1.839615610045580940e+00
-6.980387630089712747e-01
1.853595005560781939e-02
-9.950384216715409957e-01
-1.394573994042085374e+00
-3.979965902682437440e-01
-2.504261714413172246e+00
9.356800646022112034e-01
-1.184307950493493466e+00
4.045550936963262512e-01
-1.234400819644131619e+00
6.327110451525792545e-01
2.910508405322289605e-01
8.227462275137653602e-03
4.544388895466239808e-01
1.672202781560415685e-01
-8.588861457243928132e-01
2.520632227886326682e+00
1.959961733081573509e+00
-1.121643563517744080e-01
-6.982125960067118164e-01
2.429999606112557942e+00
