1.328210277377354975e+00
-8.801206872910389833e-01
-1.016179434861536723e+00
-1.133520567072489493e+00
8.171477444734043249e-01
-5.851456455500283482e-01
-3.938232123716994826e-01
1.297142710657135378e+00
2.395225678612974141e-01
-1.703309023895797636e-01
1.395236829971270298e+00
6.814122159295077363e-01
3.641306089200123663e-01
3.829343139136281993e-01
1.128769824570726305e-01
-1.333515753838847573e+00
1.174790300373711904e+00
-7.699499590045871811e-01
1.236505753440203303e+00
-1.381486386752081574e-01
5.231523293516848749e-02
3.295134829077306926e-01
-5.009720185893310473e-01
-2.107537259737085611e-02
6.847631045905337999e-01
1.584344217428022561e-01
-5.366382570345439307e-01
6.886008714553116805e-01
1.791095858455896694e+00
7.266546734290916243e-01
1.181304805061885510e+00
1.894019663195689596e+00
3.068178974567080664e-01
1.675563600422058652e-02
-1.209435598766517739e+00
6.752849969571835809e-01
1.030561909468627579e+00
6.852519382910770007e-01
1.617764556514921903e+00
-1.920551744619966250e+00
-1.189678988858204667e+00
-8.314029410840564349e-01
-2.447221899867785044e+00
1.022121218980786006e+00
1.644466000763177949e+00
-5.781358198565154094e-01
-1.642271440924255588e-01
-9.892900198782303978e-01
-7.421098891578838952e-01
-7.780037516313018653e-01
-7.734929123854565602e-02
-1.375192245118895373e+00
1.201436218189979033e-01
1.958987451273339397e+00
-5.465282673820833770e-01
-1.109767315973763102e-01
1.490886479161664280e+00
-1.662373894838385935e-01
6.347483876651666135e-01
-2.269002101110570102e+00
7.206443358547409694e-01
-2.864975650417848074e-01
-2.130602688480257578e-01
-2.414474181791400331e-01
-9.321220524072013625e-01
1.604543630932275117e-02
-6.366703450402912967e-01
-4.336683100695106763e-01
2.911521886800595205e+00
-4.515338438164115398e-01
-2.637013073975201571e+00
5.224069104307030864e-01
8.094293176930611455e-01
-1.817976406426450531e+00
-2.141400625181764106e-01
-3.773090971632449553e-01
4.715607138122061004e-01
1.952517357279415222e+00
-3.341782054412142378e-01
-6.092194242850537123e-01
-1.006220351637560295e+00
1.450445795287144790e+00
6.659698517946188723e-02
2.141423076876106890e+00
2.173970560930067464e+00
8.633703446015046357e-01
-5.002296408165246566e-01
-1.781976102716260613e-01
-5.919878996734228016e-01
-1.740680139127500636e-01
1.245685101487617796e+00
-2.139106715508591883e-01
-1.530011999604990347e+00
-4.855644778492356206e-01
1.116383206240642467e+00
3.612644517844380010e-01
4.097527316732629821e-01
-1.572680531392024683e+00
1.571655520813344808e-02
1.320991734567921849e+00
-2.009594349781570755e-01
1.595891916232471619e+00
9.281792736167260305e-01
6.518205166994867072e-01
1.444937924801525275e+00
2.208508015832492122e-01
1.501784610594782743e+00
5.263539438782631752e-01
-8.896709832765210546e-01
-1.577007483428372048e-01
1.868834031510689719e+00
-2.013207533980675201e+00
-1.337087991797788478e+00
2.459527139273457230e+00
-2.683079869037944043e+00
-1.249796446287012364e+00
-1.549507691557356015e+00
1.304913781943461970e+00
-1.234072329220732067e+00
-1.328579693217464552e-01
1.702680432606758831e+00
1.658773675628788080e+00
5.787920951994798280e-01
-3.483292333482760350e-01
3.107516242305853882e-01
1.016624009417653740e-01
5.265243791250773242e-01
-3.769387645206393467e-01
-1.645879929152634480e+00
4.842007053993669929e-01
1.231253532246822990e+00
4.794070580973613382e-01
-7.257950359834900445e-01
-1.146194555342319621e+00
1.638700735537125475e+00
8.181136785597604710e-01
1.139746043448221613e+00
9.867351893593570011e-01
-8.352544997497796109e-02
1.878747972913701325e+00
9.364107004848403193e-01
-5.054096801170990805e-01
3.653207082079427126e-01
1.411147885039872873e-01
8.089808748156085416e-01
-4.628435772261506598e-01
1.214409601776544223e+00
4.267524269097075496e-01
7.092004579453021762e-01
1.432964395011921521e+00
-7.730429557607569890e-01
9.687452855662000983e-01
9.513261077078146721e-01
1.506641906206817705e+00
-2.053474507126847037e-02
2.636501685323648481e+00
-3.902680863672435274e-01
4.843513830873981685e-01
-2.366961596970143522e-02
-1.366728749993054270e+00
-3.901557650363436935e-01
9.959037399073588093e-01
-1.520439803245229871e-01
-1.349387134481450534e+00
8.402581376191264884e-02
-1.255795966121831420e+00
-6.080135967541591135e-01
1.224933305416453067e+00
1.536857809766150496e+00
1.754703160848511079e+00
-3.035785680589649094e-02
-2.535521341540918350e+00
-6.839847413849481361e-01
-1.324851710063606802e+00
2.259677240918761765e+00
7.806522212101452141e-02
-1.027545216266680272e+00
2.074229297325169696e-01
1.216012178612835948e+00
-2.480605509992850344e-01
-1.251926435714982411e+00
9.351186846073941128e-01
-1.185294692071020339e+00
7.438609786220566900e-01
-2.772980339592590493e+00
-6.050113212831975673e-02
-2.256547562015237818e-01
-6.658394515996242380e-02
-1.009863394295521077e+00
1.702941873661328653e+00
-1.458766697733178130e+00
1.557810497438757658e+00
-1.062690520995778487e-01
-7.824202730602324296e-01
-7.992907556563038085e-01
6.236316210861259091e-02
1.123220101033580498e+00
-1.310179340406981696e-01
7.604115995826380425e-01
-8.878667977652557886e-01
6.993430128112462230e-01
-2.398553505013168996e-01
1.521329896600565279e+00
-1.256745469002160442e+00
-9.256327522510399142e-02
1.059337240048446205e+00
2.209631387104359135e+00
-1.022556264422085359e-01
1.081741260555849626e-01
-1.853422825852923950e+00
-7.771659841862275098e-01
-4.934892106949063662e-01
-1.348096077127029835e+00
6.597420187462494923e-01
1.304566723546088935e+00
7.829632572611497365e-02
1.160623402242254132e+00
1.688742448855627742e+00
-2.262127197626143671e-01
5.244094335056650458e-01
3.183254541668655291e-01
4.045963523309108467e-01
8.447963935051994167e-01
-1.212379000666003126e+00
-1.391455893969061108e+00
