-2.203739346604909333e+00
1.532104995524405489e+00
-2.830187711728693323e+00
-1.538457957233238638e+00
-4.008326270458753005e-01
-2.081685908829348453e+00
-3.226508891377534383e+00
-2.456315139354046551e+00
4.091246661938445328e+00
-3.041017599441317554e+00
1.066499361059645157e+00
3.381419866338626345e-01
4.439783770549411424e-01
4.777423802942604159e-01
-1.457926946809842139e+00
-7.402910035113738907e-01
3.095197858484603159e+00
1.374654347506794716e+00
-1.422794039727333537e+00
-1.921568249087988844e+00
-3.056246415095752678e+00
-8.826192185346047880e-01
-2.760572594442423089e+00
-8.672269457246242208e-01
2.559016616221322593e+00
-1.844568034604251228e+00
-1.179292069809829258e+00
4.305295591475325478e-01
-3.081109909829674365e+00
2.240806225892355119e+00
8.456153478869483653e-01
-8.804486266751555545e-01
9.275678892041031576e-01
2.255629230502997906e+00
-1.623368109105936208e+00
5.326303426521959983e-01
-4.769927324582820538e-02
-3.482174059546294664e+00
1.825583863792669348e+00
1.551157188229433714e+00
-5.494599751780350871e+00
-1.915569154346207670e+00
2.620495163685586881e+00
6.327540331065530932e-01
3.303562374580619299e+00
-6.337257412917146615e-01
-4.917521641119375619e-01
2.648939220225144275e+00
-8.974377239935182882e-02
-3.640288936814214171e+00
1.875748993288175015e+00
-4.349335902833942891e-01
-2.594493030292133184e-02
1.447709890067316651e+00
2.674796761775214637e+00
2.082213403885535108e+00
1.808887323900199240e+00
2.167637663294753381e+00
-2.028060314448580481e+00
-1.116598193783520099e+00
2.391702352197343728e+00
1.697010026729088850e+00
1.644703864129894111e+00
2.937327991089526691e+00
1.093713988486391120e+00
2.343686943690613145e+00
-2.715547966378634159e-01
-2.257612687616825653e+00
-2.886878179184831694e+00
4.375975470513604471e-01
-3.492336908064681111e+00
5.820286821838976943e-02
1.972974941653993453e+00
2.110093593767906839e+00
-7.613915234161063861e-01
3.902379941105156291e+00
5.577725088474146942e-01
-1.087455070622199038e+00
2.384262370560705779e-01
2.668214151030317893e+00
-1.021453512580623002e+00
-4.030182954020954611e+00
5.994852683699463114e-01
1.505705569013444656e+00
2.356998535808882078e+00
8.566147314286189918e-01
-1.360922559022438749e+00
3.498457082887831415e+00
5.926238005904037598e-01
-2.528758154942232661e+00
-1.111559962739903096e+00
3.469487958907745195e+00
4.773989632188813115e-01
2.157197008397282012e+00
-1.046361143190813969e+00
1.348789502251396488e+00
-5.471768364396634166e-02
-5.364395999078610533e-01
5.011745104113929372e-01
-6.021589462841228091e-01
-1.673766185324248035e-01
-7.314768429975320174e-01
1.424283136673717864e+00
-4.768992335878910360e+00
1.488964676992223346e+00
-2.455869817321918447e-01
2.286660239209436785e-01
-2.571484543138490064e+00
-7.302654196725375524e-01
3.079629525233725573e+00
-1.044480251850495645e+00
1.527893350615006307e+00
-9.509410307135972573e-01
1.108219147676622551e+00
4.916348262248311229e-01
-5.026061585946610677e-01
3.288551762918312082e+00
-1.996271656150444107e+00
7.480981204961056896e-02
-2.518805646415254618e+00
-3.855379407395159053e+00
-2.040379024902016170e+00
-7.716962001988891817e-01
-3.005982880895642917e-01
-1.365649572859066518e+00
-1.387374566680493748e+00
3.832022137469552447e+00
2.929180788442885763e+00
-1.815897999995238266e+00
-4.536612171662596227e-01
9.226437042704156433e-01
-1.137251611936285767e-01
-3.151926688023102496e+00
1.257978567446293772e+00
-2.649171961640351736e+00
-1.086253115043582351e+00
-5.200282512966470927e-01
-1.325640816481654216e+00
-1.554217961121340252e-01
-2.585590445625767675e+00
-1.792879444877943929e+00
-4.646728180441207501e-01
-4.632063364387080662e-01
2.651363253286197263e+00
1.179320606335166222e+00
1.160992030722940660e+00
1.544233033670126876e+00
5.596236713945184071e-01
-6.894481944588445321e-01
-2.086383317448076369e+00
-3.759640201166943863e-01
-1.625239049384284096e+00
-1.546110645209124446e+00
2.451266057907174112e+00
1.136078738486199669e+00
-5.337044790542365691e-01
-1.396768194181762457e+00
3.344859030110892029e+00
-9.960795809038686111e-01
5.197789906540739580e-01
3.788376518248018909e-01
1.402806843086028821e-01
2.236022782954559140e+00
3.187505833359510210e-01
1.829347680991946778e-01
7.224417276771547547e-01
1.563198841433949826e-01
-2.779982080204407957e+00
1.179926018155460943e+00
9.071827465150479330e-01
2.181363865556769976e+00
4.731249376748432045e-01
-6.304382751603765378e-02
9.958070523919405614e-01
3.133325003317293800e-01
-5.911190134376049787e-01
1.948247943690918360e-01
3.695905656376951010e-01
1.546755305587663276e+00
1.300632639615364683e+00
3.142307302491499144e+00
3.177311870745824329e+00
1.734043694256959256e-01
5.576414811061196630e-01
-5.373018938349902740e-01
-2.100283136265543860e+00
-4.641791412877307454e-01
-1.910662127737031701e+00
2.914552879376306915e+00
-2.725278867476414568e+00
-2.297594185535260181e+00
-3.016634283246600878e-01
-6.537724289201587435e-01
2.444011622063295253e+00
2.450108070235678781e+00
2.628755922567520997e+00
6.879463286673703770e-01
-1.438890652017631888e+00
-3.971856737762546885e-01
6.407239970847381505e-01
-1.574050394812752662e+00
6.351013141272779938e-01
-7.126369179865198467e-01
-1.806741350112376354e+00
-2.592084886214101047e+00
5.385343097886373664e-01
-2.088983254187328220e-01
3.219075832812583471e-01
-1.326189376099865314e+00
-3.026678578537174702e-01
-8.215946320438749506e-01
2.768720683140874605e+00
1.629706729348607608e+00
1.416157311868328605e+00
4.044573139827400077e+00
-2.859774987242341915e+00
-2.749236105582522960e+00
-1.086830166643930617e-01
4.115252561577551482e-01
3.688205080983918638e+00
-1.699806088048823494e+00
3.026699709128293669e+00
2.850670928163387963e+00
7.409839315702264617e-01
2.289193780194064276e-01
-2.728937441964193411e+00
-6.222157187611973006e-01
6.175324138545936759e-01
4.534691898380511788e-01
-5.227503364284270537e-01
2.291430741421379480e+00
-2.632243556696499454e+00
1.492874410674447372e-01
3.768388860170062138e-01
-7.055877098421350357e-01
-2.592361508315439877e+00
-2.906119244665467338e+00
6.394663054548694880e+00
1.148176121644464809e+00
1.248832291705938680e+00
-2.859307237094316001e+00
-4.161579752156128187e+00
-1.885377640838477475e+00
-2.180851917977492338e+00
-4.576489776259157871e+00
-4.332840664097863392e-01
1.623167804711595386e+00
-2.261420058697002355e-01
1.252590190113974877e+00
-5.397322974670328843e-01
1.634922141900299053e-01
-2.011284464607428824e+00
3.189499876302162029e+00
1.945029495427164523e+00
-2.058201931722520861e+00
1.469688025643754337e+00
-1.724922290072494091e+00
9.268885322699642604e-01
2.793589702104976702e+00
1.540101233998979469e+00
-1.135842586141228905e+00
2.131292174065634093e+00
8.045214723892333275e-01
9.831588307685912298e-01
2.291357309608845316e+00
