-9.892458269252135672e-01
5.985170078850243769e-03
7.125979960025794480e-01
-8.716285652795958683e-01
2.354599418677025824e-01
-6.687171336291650725e-01
-3.053002680112348877e-01
-9.067736373578350051e-01
5.650014284890410021e-01
-8.194404546912585907e-01
-7.595074752577255506e-01
9.845439180897632703e-01
3.303390453851995368e-01
-9.670389778733945452e-01
8.837919947308976454e-01
-6.735338911677324347e-03
-9.965962724726449284e-01
-3.063431009017372197e-01
-8.371956464682674959e-01
1.499234136045841659e-01
-4.950815540078321586e-01
-1.238101074530084666e-02
4.815946891822491249e-01
-5.099628760996610666e-02
6.110609184059803134e-01
-9.120639001174424276e-01
-8.651899259657915842e-01
-7.962326337177918489e-01
7.948020168297973420e-01
4.735372750995319180e-01
6.423915507205775199e-01
3.108598365814252418e-02
1.409424236346410453e-01
3.070037815005985937e-01
9.197009799370094996e-01
-2.970504523800909791e-01
-4.059332534843260731e-01
6.153833949330609343e-01
-5.913243349439167851e-02
8.141700406507346166e-01
8.648199377991330206e-01
4.087409792638654338e-01
-9.533662454486278026e-01
8.487155095487541878e-01
8.834291016958426557e-01
-6.399186750644236810e-02
-4.576348545369230969e-01
7.422343163682603162e-01
2.984778440708251157e-01
9.350878673396725294e-01
-6.932890658823784857e-01
4.821405341187956495e-01
8.158420490329612029e-01
9.594668687513876471e-01
7.583230171948995846e-01
1.024249305416771172e-01
9.411462413229905177e-01
-9.585137199574726985e-01
2.397601195321403811e-01
-7.907499880808317450e-01
-1.530076487122344897e-01
-2.297319018749859332e-01
6.642781489690594565e-01
9.656615897401208404e-01
-9.916622247754611763e-01
-5.937896806690130536e-01
4.381813864082884091e-01
3.784270177070907515e-01
8.098333442323595310e-01
-4.205514617947021527e-01
-9.203541840908302518e-01
9.259435181165089901e-01
3.549496468072168565e-01
-1.055699757019552543e-01
4.760711142660349893e-01
3.495002578481793964e-01
-4.861742528181696166e-01
-2.093046674746468216e-01
1.116349202948947461e-01
-8.928580207480820707e-01
-1.602255274267272434e-01
5.766689962437530070e-01
5.771032420779789174e-01
3.197206466387829682e-01
-1.011870411423433369e-01
-8.330302805680289691e-01
-9.420643119463867343e-02
9.965080936669370448e-01
4.422095448036571508e-01
-8.135873380398497279e-01
-2.049832439316086052e-01
-7.346103048198560082e-01
-7.878101778077299944e-01
6.267767062105922271e-02
-4.765902775381469780e-03
8.836014651430377231e-01
4.610286200874775808e-01
5.642209193377734078e-02
-5.123539716747873562e-01
3.818179105204100310e-03
3.939903536934130646e-01
-9.227727211908139937e-01
-7.529471280212964857e-01
-3.477283764278915612e-03
5.907198695269713085e-01
-5.994076132036982862e-01
3.244086410234670037e-01
-9.163691093513481878e-01
-6.586884970466917455e-01
-6.577592865797208255e-01
7.466295456916853812e-01
-3.714081649461691281e-01
6.470868643256484365e-01
3.615264096570607322e-01
-8.557089437273135424e-01
-2.298821261585743958e-01
1.726868406749075824e-01
-8.482352797380796616e-01
-4.390341948081541990e-01
2.670949293221365206e-01
4.341667282131798089e-01
6.994948325861640726e-01
-8.292919672077947446e-01
-2.665179242737722998e-01
-4.727816757365193023e-01
2.386713177420975995e-01
5.028426554024112427e-02
-3.887328340828224427e-01
3.364195564307290720e-01
5.071919740664998510e-01
9.806746459317248199e-01
3.561198370107059308e-01
-1.053060862179959756e-01
-8.139337453809609713e-01
-5.059829215533198088e-01
1.810454109658101274e+00
3.600436899208478980e-01
-9.412617685286130964e-01
-8.983543402598437311e-03
4.656827517180561760e-01
-9.776178344279173871e-02
1.598458746665048391e+00
7.105528593022034656e-01
-5.015983735382678610e-01
8.487994610315352517e-01
-8.388953156553418111e-01
-1.902557503679627837e+00
-1.638661226556129114e+00
4.781135607541573407e-01
-5.048224283903739451e-01
9.164936527073683781e-01
2.257238575913274037e-01
2.511350880423781629e-01
-9.768465475046546054e-01
7.555176079325678362e-01
2.448193628742167949e-01
9.596683733303910113e-01
-2.918711959322388694e-01
2.956387979960974910e-01
-8.570265628308426642e-02
5.054331145038561957e-01
9.041817720701199601e-01
4.309751638975061194e-01
6.473077110723255423e-01
-4.342283775845769966e-01
-2.192652131942687266e-01
6.876380047216532621e-01
-8.058802205114412587e-02
6.154175403367372343e-01
-3.415135933893800324e-01
7.277910377314356083e-02
-8.147412440126255984e-01
-8.696101944479086576e-01
-6.060797639995723074e-01
-1.219420864251772318e-01
-8.544984368829837695e-01
7.587412278826712875e-01
-7.526195159239335020e-02
-1.156860155627842612e+00
7.866099835984883271e-01
-7.795405077559802720e-02
-7.702581638162879774e-01
4.455215620934118714e-01
7.014842094240867354e-01
7.011016701135983631e-01
3.409767471675797523e-01
-1.980362212993229676e-01
5.999821609240973963e-01
3.998706513222212156e-01
-1.068707109267192923e-01
8.114882212985470300e-01
7.507800548736722757e-01
-5.741941519789932613e-01
-7.424006760160803964e-01
3.905575891556813950e-01
5.361535912050913177e-01
9.609616151227535763e-01
4.148230534435320971e-01
-5.166989751752588678e-01
6.110532712126459653e-01
3.917763534228354549e-01
8.158900090203198285e-01
3.717817414016295618e-01
6.811473232295168767e-01
4.935251009202890060e-03
-8.249014269413046385e-01
1.421527813768497239e+00
1.159716843207588166e+00
4.090988391345384834e-02
3.693124097044346854e-01
-6.092640869557639505e-01
-3.822858154698782762e-01
9.121873743110953114e-02
-4.888821394182023550e-01
-7.036006864373463010e-01
-6.274071324683212492e-01
-4.149807709624262486e-01
-5.052823378997198800e-01
1.258312618912329039e+00
-8.234238667212334661e-01
6.554889913691972492e-01
5.728881291456722202e-01
1.703955594890853575e-01
-2.711164145042006535e-01
-8.751530423884805732e-01
-5.494080865995487617e-01
4.108548361870345556e-01
-7.107998147289882329e-01
-6.324958410835501699e-01
-8.862281985595790168e-01
-4.403350736273137223e-02
7.059173162085874420e-02
-4.249567891526517815e-02
9.365259533339034270e-01
9.756829887914597599e-01
3.997423128027728367e-01
9.693973578793382284e-01
1.911683565035158794e-01
1.676308343113474653e+00
-7.721628746629404239e-01
-3.998956766345811431e-01
-1.150447310718987204e-01
-9.107824004563422893e-01
2.298980520571547004e+00
3.412357473994085399e-01
5.389707560783429940e-02
-4.150901299505527220e-02
8.053735363687644089e-01
5.241410199763403277e-01
9.774489364651079981e-01
4.750499894909261389e-01
8.254800381663711661e-01
9.713271988186813477e-01
4.836124875057736805e-01
1.276631051461056821e-01
-7.906761409120233175e-02
2.441070136140566227e-01
-7.305555603288556021e-01
-3.971307563638355465e-01
7.905487726767983503e-01
7.411171580484754440e-01
-2.595899584906002477e+00
9.108807958206701638e-01
6.395221065084606415e-01
-2.270180820520952825e+00
