7.942585943077282717e-01
6.135543454764078586e-01
-4.635530246237860030e-01
-5.892926630821426759e-01
1.467155614986771939e+00
-4.213788991906921577e-01
2.589294176130598757e-01
-1.810258995785600789e-01
9.598121869536009321e-01
-5.320991655038092016e-01
-1.866873112083291986e+00
9.044650264140912110e-01
-9.947283797400181538e-01
8.470339366922425839e-01
-1.391549287181157446e-01
8.250566916987964738e-01
-3.191494216724068966e-01
-5.523146774241565193e-01
3.579459079243647590e-01
-6.826163953587305322e-02
9.369346961011282282e-01
-5.556266554404207803e-01
-9.364297151962244214e-01
-4.688861003945634653e-01
-1.243718553918045089e-01
-7.206634369230457970e-01
-2.708432299527837595e-01
-1.068212341319196845e-01
5.304551693950450009e-01
-3.440316818822213296e-01
3.384842733211193000e-01
-4.718642671962796076e-01
1.399370586598071564e-01
-6.517557411883674323e-01
-5.381078491586708257e-01
8.836877798534410466e-01
-4.020942997188039492e-01
-4.313252105526159674e-01
2.083812199984884650e-01
2.052773693551150025e+00
-2.214566895869507501e-01
-5.500804392998049908e-01
3.595108712166896758e-01
2.643538716097759700e-01
-5.496989325740795351e-01
4.978182357756739673e-01
2.925266640326151801e-01
-9.476905878341956857e-01
6.368622696594548049e-01
3.761996716628213666e-01
-9.515758287441768992e-01
-1.066195569566706913e-01
1.551716420642164973e+00
5.827522444673449709e-02
-7.248185191724112464e-01
1.550261002841295532e-01
-8.617067782090279682e-01
9.880440333653834895e-01
-1.900487906691805229e+00
7.942018807169692884e-01
5.697150478052415146e-01
-5.447579673375886333e-01
-8.359675402992652327e-01
-8.620024195987991966e-01
-5.260431730429826480e-01
4.183024061477134126e-01
2.603280591667043176e-01
-6.301105676563938385e-01
-3.395191979554579298e-02
6.893594385891166354e-02
-4.610265192767066811e-01
-5.806708864162157813e-01
4.229048194858653353e-01
7.191881873191141583e-01
-7.394222886608747825e-01
-7.349691495061662083e-01
7.723032336871571424e-02
-2.830773200180392024e-01
3.044327828466795172e-01
-1.061307825540718675e+00
-2.199373161259876586e-01
3.661693932990860434e-01
-9.315520204836869045e-01
1.440443473996380064e-01
-5.540603377529627060e-01
-2.934118117091319977e-01
9.605682720273991393e-01
3.430559400611425946e-01
3.899999188884706314e-01
6.546356254222305271e-01
-9.919884337380315831e-01
6.924260893734266453e-01
4.281950941056944515e-02
-8.142724111416230759e-01
-1.411174275994983462e+00
2.217981615402122575e-01
2.309225975671242992e-01
5.684299239720358443e-02
-1.682038933267648861e-01
-3.473450686087087291e-02
5.429396903598915358e-02
-4.266179777705487730e-01
1.844670991662327175e-01
-3.941686849578169838e-01
6.792261937407122474e-01
-3.132915755949545744e-01
9.223378039549914309e-01
-5.818784424978913350e-01
-6.110637927963200600e-01
5.560902349326490857e-01
-1.045069060698266217e+00
-1.515853328910168774e+00
2.884647004687834748e-01
-6.676786942484520537e-01
-1.620101918952995934e+00
-5.540938321208459527e-01
-2.142520057587837812e-02
2.459606384347485797e-01
-3.438126576356808073e-01
6.483698209777126742e-01
8.541556684157920465e-01
4.815750699924046252e-01
-9.574134455152538692e-02
6.565404423671323819e-01
1.616254109440562470e-01
-1.561019336504791966e-01
3.102167479300277364e-01
-6.147434851458444260e-01
-6.221465959855139172e-01
-3.532215387662307471e-02
-3.217480522278488575e-01
2.457431160673992920e-01
8.281876146527946680e-01
-2.631709571926887925e-01
1.903169580604244793e-01
-4.783590195890579100e-01
-3.881190089202630755e-01
-1.595305276165182251e+00
6.914969938378150438e-01
-9.345848388050104205e-01
9.998011324218341045e-01
5.278803300360290773e-01
6.299763862456999597e-01
-8.554522393485899379e-01
1.359587607374047602e-01
-4.400057454336370188e-01
3.751092482161316743e-01
5.631721381352428057e-01
-1.196812718874962211e-01
-8.465846531560365928e-01
-6.748648796669438621e-01
2.090148540130114529e-01
6.034693518386166078e-01
6.182651657628468467e-01
-6.382788608992883139e-01
-3.768437806216586861e-01
8.904271640424323842e-01
5.546778576873165889e-01
-1.144758987153205787e+00
4.924948408846288039e-01
1.384477318155351799e+00
5.879551989113647181e-01
-3.324983887421986140e-01
-8.363847335134320105e-01
-7.136714395230059349e-02
7.456538865412583039e-01
-6.742777858251580714e-01
9.517750859502329686e-01
-6.796213347336277355e-01
-2.898233890477581731e-01
7.904877832323327080e-01
9.490630895191820571e-01
1.603449664952114606e-01
2.687550232012825280e-01
-1.961287154310602521e-01
-6.491336921540920013e-01
3.425368400888237908e-01
5.419688185801746494e-01
-9.880097903994924380e-01
-3.804818706863111188e-03
3.808039149593180905e-01
4.638933322925828939e-01
-7.970970905630284653e-01
7.798544579398500876e-01
-1.928052798192771977e-01
-1.900610397084219194e-01
1.413158106620595600e-01
6.345696885581817437e-01
1.544772279698019668e+00
4.736537447664161959e-01
-1.127838773860085908e-01
-4.737067793523745962e-01
1.886644426396920426e+00
-7.956262572967531810e-02
2.527596432201111298e-01
-9.379676543029733526e-01
1.823525060524393560e+00
3.557160584618705990e-01
-1.687546832561265475e+00
-2.459131951873272381e-01
3.806132506378154812e-01
1.996034744471555378e-01
-9.503941174694923166e-01
-7.360930359903177234e-01
6.327308573517502754e-01
7.553912470927395262e-01
1.656436927716651297e-01
-9.976762754562944480e-01
1.302274113997881066e-02
-4.930444908869913156e-02
-3.794174901164892866e-01
9.183341726679117301e-02
-4.888288424524185327e-01
8.537202925640396955e-01
7.342324787144951515e-01
-7.047222294366555229e-01
-5.434498822906890236e-01
9.183035178047302960e-01
8.492414925536577730e-01
5.652780076318588698e-01
-7.515699934396489201e-01
-4.135411870025174075e-01
-4.977630655283338257e-03
-7.996828092934766818e-01
-2.328412482133257466e-01
9.152959621625591513e-01
-4.627791872563740139e-01
-6.381953006541645212e-01
8.591866884220422662e-01
-4.964507374142077545e-01
1.725654479956650889e-01
2.812688829657670198e-01
-8.798380879401441756e-01
-3.059403436300591750e-01
-9.833605395017119832e-02
6.529580592250006088e-01
-8.269185606263709243e-01
1.702640837607121149e-01
1.377698339211308465e-02
1.041679372351511423e+00
-5.844750358746177987e-01
-6.434174678466644259e-01
9.546795575431998859e-01
-5.199971676590733338e-01
-7.610966466941309072e-01
9.253808756227388521e-02
7.935320638587157749e-01
9.144859241758140911e-02
4.081002015473929045e-01
-4.006639113842076494e-01
-7.650991729415210774e-01
2.830981205271698720e-01
4.853406331454819256e-01
-7.469970626267179448e-01
8.970820410550197632e-01
-6.445721088195106585e-01
-1.867385627605118392e+00
7.058921121188761472e-01
-6.741498284436953092e-01
5.859987346602326674e-01
8.510028602307931900e-01
8.808081155508857840e-01
-5.553027815558897462e-01
4.209160305581756134e-01
-1.175624510697697023e-01
