-1.379779270825027382e+00
-1.344261211414900181e+00
-8.496970876373199921e-01
-8.270328361263479255e-02
-1.234866212231662708e+00
1.287633232913143466e+00
-1.458461130403140071e+00
3.080563832369885624e+00
7.777072151926303079e-01
1.674859948811177501e+00
1.346638578433709821e-01
1.093506856190832544e+00
-2.693723150038297987e-01
4.355973871562682231e-02
-7.283839696249228002e-01
1.994303816333380830e+00
-1.308453933060051089e+00
-3.067818395798208808e+00
-5.591358863880655505e-01
6.759526103243718165e-01
1.331355300546545939e+00
1.262343683373530201e+00
-5.855928594195399794e-01
2.509433130329454809e-01
1.563425813253121799e+00
3.851508255571600703e-02
1.527992081513388056e+00
-1.259220046245790980e+00
-4.147580271640438632e-01
-1.411179803204141381e+00
4.637815824647361085e-01
-1.704395053667326909e+00
-2.152384728529985303e+00
-2.189679309780924399e+00
-1.002111069090609208e+00
2.048809664023732324e+00
-2.435165022457121964e+00
-3.501044797630775918e+00
6.064521263494453862e+00
2.025852888131676188e+00
2.415384457285196795e-02
1.844604003579843887e+00
-7.857219182515307043e-01
5.869619203547832287e-01
8.657452554048283844e-01
-3.746898178717385619e+00
-1.644549086746147637e+00
-3.846761485704868200e-01
4.740072864593946056e-01
1.887402901145976308e+00
6.265263970831568274e-01
2.493978602978141890e-02
-7.089792064943678529e-01
1.156636608336064076e-01
1.126043301988717715e+00
2.701365314217592406e+00
-2.931209442176755609e+00
1.307204302041790611e-01
-7.470472588880250342e-01
-3.434964670050391078e-01
3.889216753376463220e-01
1.617322320758388221e+00
7.578247377212798952e-01
-6.761402535957403703e-01
3.257111496441085774e-01
-3.800778945041682899e-01
-1.211289772883731075e+00
1.338145698949604112e+00
-7.572629794266891867e-01
3.331693129412659715e+00
-1.175764514869145350e-01
-9.491756883191233563e-01
1.688585086138655988e+00
1.707789972810502377e+00
-5.004394889920026346e-01
-1.862506280172163908e+00
1.624439887266365234e+00
2.322224821505060710e+00
-3.928892302203796927e-01
-2.387373410516186123e+00
-1.758857135862838872e+00
-1.425136544251091875e-02
-2.424255641924478732e-01
4.550529451462705932e-01
-5.573006550131620607e-02
3.453084289350906833e+00
3.337182918655661190e+00
1.111726288922783024e+00
-2.630901138693542141e+00
5.699785405843704744e-02
-2.340812928347069111e-02
-3.982094760228143571e+00
2.233781997991535206e-02
2.274211639939308860e+00
1.694888299514735630e+00
-1.955051115767638681e+00
1.903086366262466189e+00
-6.805540359321944344e-01
-4.824833062202189993e+00
8.966527419617675854e-03
1.851901516091341904e+00
2.046456035382854255e-01
-2.973133713531564304e+00
2.269346576325765419e+00
-1.568962528733637285e-01
4.505820281460423793e+00
-8.557747898055256819e-01
-1.295788230373405181e+00
-4.556167236968287071e+00
-2.435346840368192822e+00
5.340595016704396958e-02
-2.000353258014114566e+00
6.984477528607424546e-02
2.279400790121248299e+00
-1.764074767164124591e+00
1.593207614010500262e+00
-1.688180870729610872e-01
-3.717250177386653753e+00
4.945108929769315154e+00
-4.099502552021925816e-01
2.616105404242031529e+00
1.795268196837945807e+00
-3.272020461590630092e-01
-6.070810670703949974e-01
-1.491030231221343705e+00
4.585777988129611238e-01
8.926031222873624937e-01
1.572913349592347299e+00
2.732554476342180294e+00
3.584333194891142327e+00
1.245604921138441679e+00
-2.312823858055390591e-01
-1.875961886634209375e+00
-3.912353420631009104e+00
2.154061420466672150e+00
-5.490615454090734815e-01
4.037191227684216455e-01
1.269437448764221932e+00
-8.544034126516020233e-01
-6.512030089171276792e-01
-2.199263595036213381e+00
-9.360221912774316921e-01
-7.792539871366422899e-01
-1.797466995629001918e+00
2.824498542318099603e-01
2.173450524549939811e+00
8.387978134685107889e-01
1.212079580112038979e+00
1.834130924226653914e+00
2.384233283401589354e+00
-5.845984613444932254e-01
-1.141095588902905078e+00
-1.833865274611379492e+00
-3.908532450976470507e+00
-4.422043366336890990e+00
-5.382183378705989174e-01
-8.420515658590717045e-01
-2.386101122582317213e+00
-8.150603423646536339e-01
1.293566377163298808e+00
6.854183457514212430e-01
1.983488691061159104e+00
-2.860879722930854463e+00
2.018953570566656697e-01
-7.394740544477858002e-01
-1.438289011104888271e+00
-4.582046636322053557e-01
-1.905343551704334226e+00
4.210840759396716315e+00
2.715394272786922691e+00
-8.237583185059411672e-01
1.263113287520216010e+00
-1.851675844991664266e-01
-2.977303196672453911e+00
-5.268084475736113381e-01
2.355601099639496709e+00
5.853138454004944702e-01
2.544925681628375180e+00
-2.592210787491399770e+00
1.033232723770741490e+00
1.768632434646681517e+00
-2.297177931889584190e+00
1.294432737842241998e+00
1.785011253950939958e+00
2.462265682794161581e+00
-2.625128181796346993e+00
-3.172594302111519937e-01
-1.562669993041215233e-01
3.085565606864570237e-02
9.623994839914599142e-01
-1.194819210989003233e+00
7.733387468587593627e-01
-2.855884707040365011e+00
-2.633764316223850432e+00
3.270858370633953349e-01
-3.066992023124062161e+00
2.707767878977523690e+00
-3.974021974536093849e-01
6.715403932813123200e-01
1.801986795843633526e+00
1.490460254595919798e+00
1.550076202779439472e+00
2.744390831523784713e-01
-8.062866501436257716e-01
-9.227900952120540179e-01
3.039584782935109697e+00
-2.510632028355491041e+00
2.199167899310785046e+00
5.925846949431926580e-01
-1.933154667807129412e+00
-2.030636395885147216e+00
3.833517878830104308e+00
3.340785675487052853e+00
1.226000978471547320e+00
3.316815791883826581e+00
-4.598360380573802697e-01
-3.502367433386106121e+00
4.418487147858660258e+00
3.722193682181454299e+00
4.376660047433541756e+00
-9.334305539992184819e-01
3.508457830213545847e+00
1.339927184645207880e+00
3.757748837816944576e+00
1.737775412409206632e+00
-4.713566547657961348e-01
-1.232463398665285537e+00
-4.878311213343153874e-01
8.546815544317930557e-01
-4.208270829824681258e-01
-1.299728450693874438e-01
-3.366773517439872077e+00
-8.306507647132271854e-01
2.029011447927736800e+00
9.531526012875138898e-01
-1.164891411295792212e+00
-1.039200601207461716e-01
9.601056643936918267e-01
-2.416106086163081201e+00
1.166669373787608821e+00
-6.784172547989438806e-01
-3.282214201473586446e+00
9.094425343483877322e-01
1.376388218294501309e+00
-1.461440926666127682e-01
1.179755460707206716e+00
1.393719120315850768e+00
2.538513217816426248e+00
4.241203686828076691e-02
2.896111017478428806e+00
-3.282567418507094548e+00
-2.372671699222521191e+00
-1.309513340471648801e+00
7.402015580004928097e-01
3.930969444065659069e+00
6.367602101089424593e-01
3.152901476201413811e+00
2.726539852137372044e+00
-1.781562205403479093e-01
1.134764064196107425e+00
-3.863828118979633075e+00
-1.393730716503579048e+00
1.555334846376270397e+00
1.906457010590357548e+00
3.862436694424282280e+00
