-5.158447780413263906e-02
-1.690386514577624233e-02
-1.221918629568518488e+00
-2.715449964694242713e+00
7.283186253645773656e-01
-7.252833632343822501e-01
3.656898098056063917e-01
-1.080213469417272476e+00
-2.730618997108084756e+00
8.785422902697106462e-01
1.672686748072103047e+00
-6.733234713366015312e-01
4.015065235126997756e-01
-3.064245858381240417e+00
-3.069952565302745406e-01
6.789234142464148913e-01
6.643729405887701667e-01
1.113562365428196532e+00
2.435199321551239748e+00
-1.154416002958959631e+00
9.243330569866746727e-01
-1.452095448553193835e+00
-1.099301712945024434e+00
4.000995501902137041e-01
3.554741750391521293e-01
-4.516924336146144192e-02
-7.303738812724784868e-01
8.194806925400366371e-01
-6.824154798868019567e-01
5.014222684046593104e-02
-1.489651344231862851e+00
7.724765933603262580e-01
-1.690431746107200039e+00
-1.808072739288864250e+00
9.659345899348272813e-01
3.791648263437938371e-01
1.015059303470305263e+00
-1.104285521095052097e-01
3.577273691012954338e-01
-8.664960613781954590e-01
1.351439087104766790e+00
3.048965565506602804e+00
-9.438604258946786674e-01
9.630287235776034960e-01
1.152591163179560008e+00
1.088354294731818772e+00
-1.907726412254506787e+00
7.418369050665243325e-01
1.251098210596081506e+00
1.417121340211437763e+00
-5.034475622972856002e-01
-1.613116770414908530e-01
2.131503440986531883e-02
8.942435753530814102e-01
1.577280457496280874e+00
-1.215612751393311042e+00
-1.935529128370931051e+00
-1.060358088969628465e+00
1.958812059173802300e-01
9.688042713140906370e-01
-8.280098316077386666e-01
-2.432333944701537298e+00
-3.851003473832833590e-01
-2.814786458726495910e-01
9.211313092047552775e-01
1.823121599153106231e+00
7.752901482066715255e-01
2.313777730651467301e+00
-1.264856168775969181e+00
-5.449149301949252067e-01
-3.802443307484011936e-01
-2.466727441195889492e-01
-6.010621840135401683e-01
-6.857335419019101597e-01
1.327503386695288778e+00
-8.901601437534403805e-02
-6.210926476702400834e-01
-6.926600783627934188e-01
-1.238503294686505024e-01
-2.332865894566340081e+00
-3.748165381381262651e-01
-6.169417337939203660e-01
-2.506414419328644172e-01
-1.272197548271735368e+00
-1.899353595662266248e+00
-6.485198857125598071e-01
8.066459181576606241e-01
-1.765820918959255525e-01
-5.373443507859620993e-01
1.345389633255066997e+00
-8.672082722959993939e-01
1.489956537730837027e+00
-4.306480764487715662e-01
-4.300679409913121809e-01
5.778634378455805853e-01
-5.324462407600586422e-01
8.983103086464907516e-01
1.251288133829353999e+00
9.441885444073936373e-01
5.398126476285056707e-01
1.224356854565453734e+00
-2.431464048783114507e+00
2.454694935693491953e+00
-2.572578381119411395e-01
-3.222982073223175536e+00
7.792227837750727026e-01
2.008146286794032509e-02
-1.537307313260654507e+00
-9.428139147744257764e-02
-1.775497650063092125e+00
-2.448450465474451221e+00
3.639284234468229684e-01
-2.589989546152962063e-01
1.069310198307505289e+00
5.868134726401958989e-01
-1.723887659088037205e+00
8.782775774715823047e-01
-1.470124571352072973e+00
-1.534666030274765003e-01
1.679638094709109630e+00
1.183028477132416212e-01
2.280985420582731571e+00
-4.937851662365124739e-01
-6.079784609008351270e-02
1.460115779636557143e+00
3.066526966117518738e-01
-2.102007174592898098e-01
2.571346476210403242e-01
-1.725668012514933514e+00
-1.651154480476288433e-01
1.393124137636625903e+00
1.710515535144177868e+00
1.319108473998422681e+00
4.305771772036504075e-01
-2.163006999019525978e+00
1.758200536318466067e+00
1.612118374630613582e+00
-1.432937942796403519e+00
-9.356516777983590050e-01
-1.096805662573718587e+00
7.304700249274156398e-01
-1.817164392635405301e-01
1.680444044158737604e-01
-7.118703392767595783e-01
-5.652405895936144509e-01
1.796691713026719039e+00
-5.625546369119146517e-01
-3.538559193273593251e-01
1.529974218820008725e+00
-7.301817865280220143e-01
1.059507760177579527e+00
7.046806785785055816e-01
1.360940827034896605e+00
5.347150090869380312e-01
7.434126105205070001e-01
-7.517499359339419041e-01
-1.673882384729718176e+00
-1.155954093026904328e+00
-1.166883813516284230e+00
-3.453998437042335445e-01
7.813815301201488817e-01
1.226902617567790399e+00
-1.110606235894034510e+00
1.228969957940196922e-01
9.068830084782520951e-01
1.072988736298716050e+00
5.792803029222277633e-01
1.409045920743957403e+00
1.686716250658979455e-01
-1.447548249875173276e+00
9.621897078798926639e-01
2.636472395804510871e+00
3.430509651967608153e-01
-2.354428160023136485e+00
1.116724620687268743e+00
1.318906026854239411e+00
-1.736274343026425804e+00
1.220195915309743029e+00
7.361917626766878442e-02
1.090752409905588749e+00
-1.480626081189668763e-01
1.731672047736230624e+00
1.970992944679981207e+00
1.469704212446004687e+00
-2.901033858405116517e-01
-1.971221673138973118e-01
-1.031332561958721916e+00
1.736257836743746896e+00
-1.387087013221765197e+00
-1.593247832037750999e+00
-3.904000636537026669e-01
1.193430140156779506e+00
-7.478523893849652326e-01
-1.034530224187987679e+00
-5.954016787924810705e-01
5.389952221655126552e-01
-2.623122195196873729e+00
-1.438680754909832160e+00
-5.482145771323981842e-01
1.831930343376501735e+00
1.177988566060245379e+00
-5.019569424100207566e-01
-4.011901983611471101e-01
-2.367567555587088979e+00
-2.061696002932791760e+00
-6.011881244535411950e-01
7.076646896481301185e-01
1.623956678123492647e+00
5.187417254129561561e-02
-2.704096033254375642e-01
-1.990595032837225720e+00
2.625322536769339798e+00
1.992152429106441858e-03
2.628843280926578707e+00
3.695139262744825626e+00
1.490999397141368865e+00
2.617013573532100956e-02
1.341017941692773441e+00
-6.565864195981373497e-01
4.126055925499955146e-01
-2.279304916667819203e+00
-1.723621787674104011e+00
1.433615643840526532e+00
-4.002486180980824870e-01
1.167210717172702639e+00
-1.203471594826644342e+00
1.860085485813664841e+00
4.178434396587140665e-01
6.126540071023225398e-01
-7.790875094880216345e-01
-1.212005124475252105e+00
1.358957579508357050e+00
4.564501296518139184e-01
2.017983810134900136e+00
-5.241715728301381549e-01
3.191237947984222334e-01
-1.659577510971473213e+00
7.106311099777783413e-01
2.117206987528542861e+00
6.882974245414594794e-01
-1.437606011162595232e+00
-9.892731031289925259e-02
6.332383202335416517e-01
9.909481106847216614e-01
-2.756784617439946017e-02
-9.213833906884825176e-01
7.422358866704817926e-01
6.812646957774526335e-01
1.067552619437710515e+00
-4.678890501282254033e-01
-5.747452590776618297e-01
-5.025946367613903787e-01
-5.810205699767941878e-01
-1.591059624775182035e+00
2.111669600604412445e+00
8.694292808566121966e-01
-6.057164372314692846e-01
1.359362062344046329e+00
-5.116124614755699351e-01
2.158634960262745262e-01
4.516893303265278603e-01
-6.492984176184110057e-01
2.010074334207712532e+00
1.105614564006620393e+00
-1.574917408936887586e+00
