-2.423128931943209496e-01
-1.371027866362737546e+00
2.601567247340356381e+00
-6.853771953542442397e-01
6.378726969098852395e-01
1.168789386809831576e+00
-1.696437093048864586e+00
2.136422172873188252e+00
-1.868760872690740982e+00
1.095414863996632127e-01
-2.053647659649964652e+00
2.288757145602077436e+00
1.777504887957942259e+00
2.897378114220217959e+00
1.144592373692964182e+00
-6.019268132266492044e-02
1.891522703591432819e+00
-9.917753047229160845e-01
-9.940939667692757498e-01
4.999681773289461617e+00
-1.323711442231675139e+00
7.202052757703509833e+00
2.877998279946808236e+00
1.368788473708798747e+00
-1.027614169596819726e+00
-2.419724419617060640e+00
7.359299532157719703e+00
1.886531232558033899e+00
-2.101954141760342676e-03
8.439390801714161672e-01
1.769845766345756299e+00
-2.608422478534872191e+00
2.585528111031321075e+00
-4.479708395607778115e+00
1.041021076569016657e+00
1.817964821616539606e+00
-2.105988102048817368e+00
2.501036818522771821e+00
-2.046182782563999325e+00
1.738616398514041927e+00
3.545970894563436726e+00
-2.734010397086204414e+00
-1.845575192297908229e+00
4.259022107065674745e-01
1.877052521084659809e+00
-1.047643660832167756e+00
5.070607883836322216e-01
-7.332997383273622827e-01
5.475104014289716714e-01
4.776539737598968216e-01
2.323048406989214332e-01
3.781147895894152455e+00
3.211568242639158965e-01
-1.654970228160204115e-01
1.605763051528536156e+00
5.210772552003439806e-01
1.643068509229614449e+00
-1.798614411870455232e+00
2.693013299853725950e-01
1.881826418252150246e+00
1.862962216328660325e+00
-1.267502184580038271e-02
4.685794902855434430e+00
-1.301279539060029578e+00
-7.191163043630375284e-01
-1.269150035671097854e+00
-7.260140522235949412e-01
1.372746943830465360e+00
-9.246875518966789498e-01
-2.110749377575522612e+00
3.846930751860424103e+00
3.380890519916346371e-02
-2.637795360944941159e+00
-1.154417201424801975e+00
1.008829022237747175e-01
-1.685960362901582688e+00
6.879358305873215507e-01
1.422364042285462427e+00
-1.017735602048247312e+00
-3.906375091067877947e-01
-2.289928779559863514e+00
2.388707565347641282e+00
-2.185769823205464757e+00
-4.200824955842374919e-01
1.337317163119775110e+00
8.642279013761047235e-01
-1.336451047878298715e+00
1.318769639422685547e+00
-2.257486574990679618e+00
-7.375683626712108421e-01
-1.678567459512026794e+00
3.351923176639346469e+00
-2.443981909398405428e+00
9.341042893392503821e-01
6.089746862412520612e-01
1.425088622298596563e+00
1.437525613941319502e+00
-5.749266458215007702e-01
2.764931601150705465e+00
-1.067600569406522704e+00
3.618992581882134907e+00
1.430191123327879898e+00
-3.605613320828136015e+00
-1.284166982393021295e+00
2.576703846209556836e+00
-1.245609039651325745e+00
4.237420249198247113e-01
-1.276705133213534626e+00
-3.159683662490752276e+00
3.129014305145325636e+00
1.667007029887796143e+00
6.800671986668254121e-01
7.194836716343100402e-01
-2.552957772827678662e-01
9.575725105001193782e-01
-8.024207136675254315e-01
-3.059777272098996193e+00
2.441221967202038989e+00
-7.852246244769454098e-01
-8.020636369317167558e-02
-1.584263657423347293e+00
5.417075489755487361e-01
-6.622478884872886606e-01
-2.308491213022386024e+00
3.110591615198093685e+00
-1.164229930626026199e-01
1.995103671708601700e+00
-2.635458440633502875e+00
1.406706726859084267e+00
2.970166481876398423e-01
-2.156016190482566763e+00
1.400825097908710681e+00
1.557597006885921953e+00
-2.464790938897436057e+00
-6.215710648063397237e-01
-9.625239595254229119e-01
-7.346816402740538043e-01
-8.519772527104316762e-01
1.656269019424255973e+00
-3.827658625760578914e+00
-1.733244252274290131e+00
-1.119302692765674401e+00
4.412142365542248257e+00
-4.905115785854695432e+00
-2.590281337426705299e+00
-2.234078576148745832e+00
2.645920750260101872e+00
-1.239320013642753571e+00
3.970912628091223806e-01
9.149574643218095771e-01
2.592010237306043408e+00
1.568693814272441589e+00
-2.912840677192802818e-01
-2.073376731819957186e+00
-4.433254597894340954e+00
-1.826941431121305914e+00
-3.396503859651613055e+00
-2.545595220815682902e-01
2.037473044060534644e+00
-2.386061945202250012e+00
-1.820243143123197793e+00
-1.782108981980724316e+00
2.829518046473009196e+00
-7.705307249830745109e-01
5.753533139013255138e+00
-1.542885807287888378e+00
3.914714570901467461e-01
-9.799110632684286948e-01
9.090163349887874222e-01
-1.582851409478035931e+00
-2.566227821654303298e-01
1.238145422317998401e+00
-1.005036122905716534e+00
2.177846531364650673e+00
-1.220950436753911683e+00
1.776319931424668486e+00
-1.194148010852580377e-02
-9.323843335092275586e-01
2.157181969545722833e+00
2.134369486739478017e+00
-1.617295610999312405e+00
1.297984707709801677e+00
-3.573073076970917583e+00
5.582600830343665832e-01
-2.295480432122378289e+00
-3.292329373636333045e+00
1.468578138544644363e+00
1.721779960934319176e+00
2.502657021142690841e+00
2.175654492489806913e+00
1.631661822023836361e+00
-2.193453845732395546e+00
-1.415493133606319898e+00
-2.886978351365962148e+00
-1.425611247809980942e+00
1.726376497715768288e+00
-1.395901233372077721e-01
-5.266872010839316331e-01
1.367953662210366073e+00
-8.179369395113298413e-01
-8.128791621228059761e-01
1.308789653214338822e+00
2.004372864921284858e+00
1.174894991317787518e+00
-1.458214600045817377e-01
1.137874548685882781e+00
-1.667707228055147928e+00
2.279396694859017636e+00
1.144417311600455012e+00
-2.393791833700810834e+00
-2.720556118615053087e+00
-4.912220776007118594e+00
1.951679806140556472e+00
4.447450471492047974e+00
2.687075207996838522e-01
-8.619593027131503549e-01
1.790586897004369238e+00
2.170124374936966305e+00
2.288434929150964248e+00
3.697365017906732554e+00
-7.152263893299615205e-02
-2.168939563754557209e+00
-7.870106917861232620e-01
7.324464310805762768e-01
-2.613039508091286933e+00
-1.211750846518707236e+00
2.459250616681261548e+00
8.223615953903186115e-01
3.077418729952355325e-02
-2.275369989404063542e+00
-5.526152170877023373e-01
5.397744067986497418e-01
-2.443788229547830149e+00
4.148751154780216055e+00
1.268631801871918707e+00
-5.179940376264345225e+00
6.327442772351763445e-01
1.949682832046321757e+00
9.502957996998994128e-01
1.589759088442898260e+00
-1.911320343558049251e+00
2.726100421290710951e+00
2.315015881047600033e+00
-1.880915497873253628e+00
-7.799695356861797713e-01
-3.177543495143573260e+00
6.519279724350930394e-01
1.467101507713277631e+00
3.680782569013899330e+00
-2.421185138736620779e+00
-2.501765682089702736e+00
-5.635132529234207155e+00
-4.158864415930818570e-01
4.426128349721122568e+00
-2.381351573355474205e+00
-8.854572090655237204e-01
-1.712444216251006068e+00
1.029780691492932609e+00
1.615893519147858726e+00
2.823829774937881787e+00
-1.100872000639049997e+00
-1.551149396268689973e+00
2.113413393070734170e+00
4.229786160215034396e-01
7.856345114260583351e-01
