8.108559468297225070e-01
-3.758744087789371857e-01
-8.061649468246315231e-02
-8.951061762289802548e-01
1.007394574627104245e+00
1.360478063172218810e-01
-4.174538807774792470e-01
9.618449155605461875e-01
3.371019137922263709e-01
-7.123651382916423858e-01
-1.182855349418623137e+00
5.904350168757399597e-01
-9.187156461487432368e-01
-1.608550978752535110e-01
5.162407323711716567e-02
-3.927857902251370992e-01
5.117701823106870496e-01
-2.957943134245443750e-01
-1.725573578078210657e+00
-5.675756078236534607e-01
1.062493563146662101e+00
5.566354576864620540e-01
6.874812760928082911e-01
-1.313217825010076334e+00
-1.942594049479637042e-01
8.562714553117752869e-01
-4.109767475420499083e-02
1.420462308838547072e+00
6.038916177803057561e-01
1.180350584556549398e+00
3.334525329592286091e-01
1.218310530734998176e+00
-1.488047316247901319e-01
9.060987374170292874e-01
-7.247344873101589646e-02
-2.919462629395435105e-01
6.239038207483013077e-01
-6.923358341549148420e-01
2.305914394816671376e+00
-3.922684351578298867e-01
-9.985151908703212564e-01
1.866217106871302711e+00
1.597973949692458762e+00
-2.626975215451838874e-01
1.375784639001764065e+00
-4.844055487214843359e-01
-9.409074649903686333e-03
-3.254993963270938373e+00
-6.254065679383403742e-01
-5.423025340230122060e-01
2.199514294820161808e-01
5.591574414342814769e-01
-1.402904335185947149e-01
9.579700028422514224e-01
4.766169225137412840e-02
-3.813525010320405195e-02
7.664355928118599115e-01
5.627706221980109946e-01
-8.263386740005534969e-01
-7.850485663555555327e-01
-6.382312394677125411e-01
-3.788150397909173517e-01
-1.818650899911010921e+00
3.886438516822888212e-01
-1.723172342842450577e+00
-1.335737698146649777e+00
-1.030279173313157326e+00
-2.245217898701752091e-01
6.159783211992132523e-01
1.012111104307191756e+00
-1.395410613382802312e-01
-4.410333259309451859e-01
-1.385740635943641497e+00
2.801864141865775815e-01
-1.112195078868438491e+00
-1.492357960594789645e+00
-1.536733365526871564e+00
-1.127069789553002188e+00
8.053248194220226086e-01
-1.595981499884713273e-01
-1.616916922966268766e+00
5.922060826170078007e-01
-9.682521897260013555e-01
-1.867587655371042432e-01
-1.272721605903608166e+00
4.458576129376650155e-01
-7.188599558480439355e-02
1.086793993663202507e+00
2.060333913909715708e-01
4.099637912190902400e-02
9.319500304393936174e-01
2.727820298007036293e+00
4.003115712582667740e-01
2.581166920667938847e-01
7.191543143545364725e-01
4.460691411220197300e-01
6.412796058331530213e-01
-7.658548049769424715e-01
1.200087034603877223e+00
8.287819854342079462e-02
-4.843983388765951137e-01
2.114180110447013983e-01
-5.234424144436565507e-02
-1.198733916284573597e+00
2.688216665350796619e-01
-6.649066076023193439e-01
-1.082550142839128426e+00
-1.548176931235178966e+00
-1.642473557710229404e+00
7.697354142534631460e-01
-2.882066940752439632e-01
3.693116871439252602e-01
1.676350811522634876e+00
1.657182625739068493e+00
-8.370953099325141311e-01
6.776477360779777914e-01
-9.953868977546504945e-03
2.215888032718477396e-01
1.347060754997852772e-01
1.168880049556554113e+00
2.722513012456875825e-01
-2.454486739954609698e-01
-1.558203022085992817e+00
-1.039933524709167667e+00
-4.197383547134907467e-01
-1.464852195039211546e-01
7.359882082605442299e-01
-1.882253871519536936e+00
9.429538442387425112e-01
2.294503044749076071e-01
-7.382784825742773060e-01
-1.484688253273622471e-01
3.103707950705496543e-01
7.617805200835547907e-01
-2.348903175717699521e-01
4.101373320814199475e-01
1.241659423259426021e+00
1.928568580907413121e+00
-2.250936701503996051e+00
-1.978039516849982304e-01
-2.206574037557492041e+00
-1.984679810046875437e-01
-3.112470353698129077e-01
3.634596399312771120e-01
4.271723427631205494e-01
3.046806656204042452e-01
7.479562365931393189e-04
-5.928910851492792400e-01
1.375054413725246727e+00
1.912335807932118215e+00
1.718447725952452765e-01
-2.759302883448360610e+00
1.041438383449349692e+00
1.977884752546006597e+00
9.730356394733039038e-02
9.491770416251885667e-01
-2.053658784556015241e-04
5.547589211444049484e-01
1.719640599177753859e-01
1.622261789203107929e+00
-1.426817753132168409e+00
-2.335623793303182261e+00
2.675482223447904762e+00
-1.123604734585294418e+00
1.242653182854203120e+00
7.952627601032654647e-01
-2.115667170586531601e-02
-1.337752262160121886e+00
-8.937149198662530658e-01
-6.841941618654269197e-01
-1.548577254009708470e+00
6.090877600119597446e-01
-1.013341985341644769e+00
-5.912216471503980442e-01
-5.397068509192265440e-01
4.199135570183365473e-01
-6.345728149185346778e-01
3.229094827989078542e-01
6.042713257717556852e-01
-8.492844219910972159e-02
-1.430690129441127001e-01
6.856848361772412970e-01
-8.329495458603182190e-01
7.170485685602275838e-01
1.062069002879220819e-01
7.337710962430202821e-01
-6.979599621652285979e-01
-5.791189853265561460e-01
-4.018154136511927210e-01
-3.370115994267801063e-01
1.914993605639674634e-01
1.630819846990266830e-01
1.382209803541228244e+00
7.629627256917025369e-01
1.132192798775733422e+00
3.802338013161208896e-01
-1.302675688976615342e+00
-1.179886083827580839e-01
-1.156006981170071501e+00
-2.983559586128298746e-01
-3.554409397985330288e-01
7.338659429640230769e-01
-2.238803029069421080e-01
1.292536673571586636e+00
-4.833793431182200062e-01
-1.870109113314841753e-01
-4.623203380614766822e-02
-4.901631269508181510e-01
-5.640111118745233520e-01
-1.596451654474783377e-01
-8.555166402425156136e-01
-4.685002469739851794e-01
4.673732128528704927e-02
-1.115778252508853763e+00
-7.513928793293436215e-01
-3.625115094909021063e-01
1.624986591243588796e+00
5.911829702481385951e-01
-8.756424700845536480e-01
-1.922127466960705799e-01
-8.757967287854374616e-01
1.829970522214469986e+00
-6.197430917895939417e-02
-1.137689000151464347e+00
-1.595927943241340907e+00
1.232194786431136890e+00
1.261689114111641530e+00
-3.532216687278459943e-01
2.962043025024199139e-01
5.047096703388123107e-01
1.293585627832690932e+00
-8.518569092398755593e-01
-2.034521141701530311e+00
5.047455798453436282e-01
5.539629824436005379e-01
1.320240018365231194e+00
-4.714563727908476221e-01
8.747389323943928208e-01
-2.834953267400852073e-01
-1.092156834406097232e+00
4.048142919917718241e-01
-1.105332512784211740e+00
-2.812242529197544472e-01
1.357302134378473857e-01
8.753748482804570852e-01
-1.914638131831439827e-01
-4.673483942304438865e-01
-1.486467549351342843e+00
7.302266935327814679e-01
7.558694405449298825e-01
7.957765424437746038e-01
3.072524085993998400e-01
-6.743929188099246907e-01
1.379963558385005173e+00
4.544515402874247934e-01
1.184971284636974070e-01
-3.263192046882265718e+00
5.311978547964426589e-01
-4.243715279696322895e-01
1.502063052489166495e+00
-6.273378353853571732e-02
1.223027675169768430e-01
-7.626613178578889318e-01
5.310147642381293220e-01
-1.095028105263128326e+00
7.699554102474596151e-01
1.053856866349714316e+00
3.945825004068532205e-01
1.907261869581534430e+00
-8.335521976138354772e-01
-7.231938308737111409e-01
-1.657054609637030662e+00
1.956763756706952906e+00
6.273612322492065907e-01
1.423630794498052243e-01
-4.966266093175463192e-01
7.156404146019181844e-01
-5.429556138775062935e-02
5.672768473934706179e-01
-5.661981734841607938e-01
-1.147326547201363400e+00
-7.461432731497966708e-01
-1.799078416520975665e+00
8.324493819724688715e-01
-3.868742024016580960e-01
2.105058497287161323e+00
-3.385469252210731583e-01
-1.286376128854896717e+00
-1.173371754965597979e+00
-8.506946756704234502e-01
-6.623760639141906825e-01
7.099607691465953385e-01
-1.918526743520043709e+00
2.795528045557190033e+00
1.508641195354089581e-01
1.545513462008837990e+00
9.292198544051988307e-01
-5.869988171646970398e-01
1.641853029460944136e+00
1.654499749285917032e+00
-2.598931700388346436e-02
4.329485387764659549e-02
4.450339221289729141e-01
-8.566647813501219177e-01
-5.609019533554906456e-01
-1.044710760654084192e+00
1.385721401324370383e+00
8.838792969107924780e-01
2.200416118653098163e+00
1.332169855372131728e+00
-1.066061442498727363e+00
1.087090593936858030e+00
-1.775240787499132056e+00
5.607353028579706855e-01
9.412480799630792427e-01
-2.293852292293406814e-01
2.403742764262028486e-01
1.461993718038280932e+00
9.264224282169023494e-01
-4.519323490601352966e-01
7.830141934872877907e-02
-1.340011430457827002e+00
1.671513603243634183e+00
-1.952617828821803680e+00
1.684739408458224841e-01
-8.798232209837503204e-01
-8.918266263092328172e-01
1.554144529717764511e+00
-1.581199079070170876e+00
2.074679237574303947e+00
5.023030135409587427e-01
1.326516767815654418e+00
-2.079189134733800959e+00
-7.271796305997494381e-01
-6.951764953171808425e-01
-9.985375809100558442e-01
2.952644402538239232e-01
-2.735326691281560474e-01
-4.502110876148168184e-01
4.114081968711463116e-02
-3.301138230267913976e+00
3.185904005695398555e-01
2.236061563538858987e+00
5.169531232033994922e-02
9.643650314377291144e-01
7.503268199201430788e-02
-1.784236886422542412e+00
7.341199264621824927e-01
-1.641182024479656221e+00
-1.520149272472822721e+00
5.840621849269185262e-01
-6.393645520543533856e-01
3.706336908879350744e-01
1.032610774568048617e+00
1.618276805248528571e+00
2.354267745744122453e-01
-9.664479230024694001e-01
-6.697881751755069279e-02
-2.837444293616795399e-01
-1.613044452912873350e+00
9.765563938905156283e-01
1.274894563770961053e-01
2.612108116749046749e-01
1.882379296959026727e+00
-8.788547581253101093e-01
-3.624635157075002945e-01
5.216592943238089752e-01
7.137273469478110366e-01
-7.037938286433148560e-01
-1.558471857448327613e+00
6.837371334213910856e-01
-5.206516630674190571e-01
1.515334605798172862e-01
9.424571683626504770e-01
