-2.907133406751426286e+00
8.717666525776359698e-01
3.435455222536085707e+00
1.389832937156776360e+00
1.539860471924143492e-01
-2.577786864673042633e+00
1.535343473803876035e+00
1.575687623914929336e+00
3.664328199249502482e-01
-1.497181433320601496e+00
6.098920145445461571e+00
-2.615151020985043040e+00
5.022912891008890490e-02
-1.776743445993861803e+00
6.115456193884303282e-01
-5.335230535297861287e+00
2.023589132030001458e+00
-5.585563301218712251e-01
7.970112380665352880e+00
-3.138878942642690184e+00
-5.751217092995280389e+00
-2.461763847041382736e+00
9.564832273894656733e-01
-1.676827923888877692e+00
2.453976232463673135e+00
4.374198140809881785e+00
-2.411995220702140230e+00
-3.435353802455351158e+00
2.531228931931604809e+00
4.990279287662069407e+00
2.778999265677875918e+00
-3.900095521413496247e+00
-5.822203493210804659e-01
3.334541230481487428e+00
-3.406894693478768055e+00
-3.282448950747258176e-01
6.263251835871159745e-01
4.990329794710234523e+00
-2.364657685314363267e+00
5.901730075218660776e-01
3.002130122852422645e+00
8.164407053034294925e-01
-4.083126888718356939e-01
1.946616481433336987e-01
-2.849763685771990129e+00
5.743896292665495729e-01
-1.574282039663028154e+00
-1.465755450365050505e+00
-3.099791054232535981e+00
-2.037934628967037032e+00
-1.964436327218538780e+00
-2.075089322914967838e+00
-3.363564827813088964e+00
-2.678118636388947760e+00
-2.637763160688344488e+00
2.405132713062689831e-01
-5.066622801545290766e-01
2.114591168601042792e+00
-1.804407491869786107e-01
-3.916437093730724683e-01
-7.465265893275901732e+00
8.789418510955950836e-01
-1.199439473713596049e+00
-4.673606215551084020e+00
3.067358000472926172e+00
4.257698885760019536e+00
4.078177853338180725e+00
8.581962684913697625e-01
1.181519240540007676e+00
-1.544299083753858826e+00
-6.552671831972444849e+00
1.824622354830633730e+00
3.664670051029732978e+00
1.538220558907174018e-01
5.111313423793706789e+00
4.680693198586173054e+00
1.939782239658546459e+00
2.331234573287340073e+00
-6.365969453112197307e+00
-3.547542912301246076e+00
-3.771663881242335759e+00
1.138554005972538974e+00
2.982407115743389348e+00
2.815534571186300461e+00
-1.842575794845311421e+00
2.212476995978351013e+00
2.416924745430421240e+00
-1.589784780166964895e+00
-2.724533651548200375e+00
-2.119678161269006988e+00
3.144981692362082804e+00
1.469172799433803078e+00
-2.875871364457172064e+00
3.284389176739847649e+00
5.333631627941719522e-01
-1.456064865286011756e+00
-2.605202757077095477e+00
2.542977558104653202e-01
-4.285786519985760101e+00
-1.110133579983086705e+00
-1.976268965538119371e+00
2.895489686804380014e+00
1.807882702856349333e-01
5.692875079037239550e-01
1.315509481101563516e+00
-4.847863557448730543e-01
-1.068622384268039793e-01
-4.399381391846456379e-01
8.633054775827886385e-01
1.023812463368430681e+00
3.401794831833367727e+00
1.048727101726580235e+00
-3.978084846306068734e+00
-5.154612410560870384e-01
-3.035984841420387714e-01
-1.304125177234668920e+00
-4.100755890083389588e+00
1.185285216241036776e+00
-2.559217160373394861e+00
-3.977720778855119432e-01
1.306531115743201577e+00
4.409033246839382247e-01
-7.199618655402229006e-01
-6.881190014281692857e-01
-1.885391049233298144e-01
-1.877155986154392275e+00
2.629617671596618411e+00
2.357629217837822200e+00
2.875413527884080001e+00
9.902971116782764982e-01
1.537680667895184428e+00
-4.967701265974244773e-01
6.166195789432551422e-01
-5.559276335680267689e-01
-4.399088164789002331e-01
1.977973284802016618e+00
-1.834133025503005276e+00
2.177772792139404112e-01
2.678133937480215110e+00
-4.509095559249017171e+00
5.498988381339512399e-01
-3.168882823674171068e+00
-1.730039757420918090e-01
-1.659177754549651551e+00
-4.212882576530677881e+00
-5.776580717693464706e-01
-2.598902969782690420e-02
2.496949823307625493e+00
5.538341791187658680e-01
-8.126602120575865396e-01
5.644854196787589817e-01
1.923570016485573575e+00
-1.168203090850248094e+00
-2.583973565327150279e+00
3.759915885255355139e+00
-1.739953365528223994e-01
-1.568815635662627272e+00
2.775950061346847075e+00
-5.131314646785423150e-02
5.499807589648267658e+00
2.875380618161028412e+00
1.083341782692500699e-01
-3.002086322108632022e+00
2.489724307501406386e-02
-4.764536791612556499e+00
5.051740016452973547e-01
7.956119911436410064e-02
-1.388800211259469064e+00
-2.229203379559770770e+00
2.940313158148239570e+00
-2.766759682578984414e+00
2.488156147004620955e+00
9.720268588107539021e-01
-1.810049719547079050e+00
-1.854208037325556058e+00
-3.029492695483493314e+00
-3.427050731226983338e+00
2.152491836128718639e+00
6.202069046149242260e-01
8.716843940016651970e-01
1.542000448722210759e+00
5.177154315287289421e+00
-8.448182983698673265e-01
-1.054395577243084414e+00
-3.044849031308194842e+00
9.253453169825723856e-01
-2.132304392564497775e+00
-1.590811985395544692e+00
-1.339692805783431195e+00
-2.700938094889751007e+00
-1.225646432641086747e+00
-2.044281577882454570e+00
-8.286769559810329699e-01
2.633139259800245657e+00
-2.015565060897116734e+00
3.056160867372611722e+00
-2.462795623233566822e-01
7.051672121519199088e-01
2.400606901662763470e-02
-2.401609827555544641e+00
-1.837365702418779279e+00
1.244663459412769235e-01
-3.686799218049531479e+00
2.045803312404378183e+00
-2.724645163400523540e+00
3.814448584121379326e+00
5.328993017370288188e-01
1.150722545055454571e+00
2.337829964544778427e+00
3.921448547922593342e+00
-4.122330585393224389e+00
3.482012765910835750e-02
1.838375198514425213e+00
5.690616234034278076e-01
-2.108302086375268836e-01
-2.553125815245479657e+00
3.626665268253978169e+00
6.689905977091806122e+00
3.989095154487461770e+00
-2.759624856492992162e+00
-1.665966116389156593e+00
-3.953316366445177366e+00
-4.581295665741226486e+00
6.756343002677173359e+00
-4.784941733179984835e-01
-3.688026107523469488e+00
4.828265825257839206e-01
7.186861878933722414e-01
-1.678760370218590037e+00
8.936771395744462776e-01
-2.879266589965952861e+00
-1.241102019036007809e+00
4.603257303192506811e+00
-1.259301632789791237e+00
1.488276538710457952e+00
-2.232056583778265768e+00
-3.393592406793312310e+00
3.708128998498869677e+00
-3.735668421747220247e-01
-2.809953852157264009e+00
-9.388044849209360443e-01
-9.147936948588009543e+00
3.420807931975646810e-01
-9.764161455194857453e-01
4.565159213569732755e-01
-2.848197851697463978e+00
-1.595649181128961924e+00
-5.586540288381722785e-01
8.359363967998050260e-01
3.256226902658136524e+00
5.266720944605986610e+00
1.082902533798096867e-01
8.076838665671893791e-01
3.874884590546820995e+00
1.757786138224131545e+00
-2.545707261843642488e+00
4.507147174061001849e+00
-4.695840992608071862e-01
2.746156249639133407e+00
3.610178990145728406e+00
-4.790731219530308671e+00
4.002806094210873411e+00
4.117654356352658418e+00
4.047401495780330372e+00
5.760910641235499341e+00
