3.896684353737496220e-01
6.699175977580962282e-01
4.136344075996185587e-01
2.762712975622367839e-01
-7.345695409482733140e-01
9.606945851120767266e-01
-3.565062402874740188e-01
1.248784146337706957e-01
2.801403173771379596e-01
-6.359401630830974206e-02
8.304239872146634838e-01
-1.451987636816070015e-01
-8.613857827891893137e-01
-1.285869571575213310e-01
6.666633576102651837e-01
3.964239555418518357e-01
3.621449680650865588e-01
7.366600804901279886e-02
-8.624977613010789135e-01
8.353336941680649108e-01
3.521887691966850698e-01
-5.946848478379651581e-01
-8.366542301863066911e-03
9.953487546585624290e-01
-6.473013367085482805e-01
6.784821077512823706e-01
-3.408854210111278427e-02
-8.422717619409418877e-01
-8.861594174420144299e-01
5.134993547029627070e-01
8.486235453208108570e-01
-1.201581839140128949e-01
-7.726927282307898270e-01
5.450525845333629160e-01
6.487402106011181946e-01
-4.030452046865973248e-01
-8.727264405742078957e-01
8.750645068655160674e-01
6.615175254555907269e-01
-1.284512331425991194e+00
-7.010629185499306359e-02
2.825438779022373392e-01
-4.896335778804055128e-01
-3.859876794308356729e-01
-7.592258710173356295e-01
-6.577701254009751253e-01
-6.483683854330314356e-01
-4.272461151329041140e-01
-8.582013888178603445e-01
-4.891972201150602828e-01
7.099968115200749885e-02
6.216108806463591652e-01
-5.701912436365561554e-01
7.662610269628493675e-01
-7.891009487519571319e-01
-1.221692245722598713e-01
9.912590993660543859e-01
-7.067356851949913032e-01
-9.304645411550116485e-02
-9.181674477783159372e-01
1.016753608586530300e+00
-2.563811197056956370e+00
-1.381502753744299206e-01
2.290476130114793119e+00
5.633497017766585513e-01
6.344372050373678906e-01
8.501319722694409275e-01
7.418158790648536893e-01
-8.193795239039245448e-01
6.744604347854525894e-01
1.628995201865339082e+00
8.917278480248327366e-01
7.642342840350493383e-01
-8.283777692881133525e-02
9.447433097379160927e-01
-5.128644644721180867e-01
-1.482482931049831087e-01
2.053258410692334390e+00
4.839196511577577575e-01
3.425794745524881613e-01
2.354709020860474844e-01
-8.161007156559669795e-01
3.606315364885434027e-01
-5.797775474072084378e-01
-5.920866357405338842e-01
-4.132823575787314407e-01
4.839144793812988343e-01
-6.281642541601051288e-01
1.901323366067433351e-01
1.089614488562886674e-01
-4.425953127815756005e-01
4.264825327043806347e-01
-8.396618100726957468e-02
1.813236467911817140e+00
-6.169250076611734190e-01
3.918165989920694425e-01
1.049730399151970417e+00
-7.794850039808616238e-01
-1.043546511047994008e+00
6.570077954891104799e-01
2.535453815038937742e-02
-1.050303887435746208e-01
-8.794550867828121454e-02
-6.761716423916841467e-01
-9.072014355777091588e-01
2.548208112968593841e+00
-4.867630472773940564e-01
5.381301989510713923e-01
-8.264320918208003519e-01
6.256868926844618706e-01
-4.264881521680028431e-01
7.068385847289015977e-02
-9.324868589257226947e-01
-7.023597565208814508e-01
-7.769470955479071961e-01
-1.394464292256963667e+00
-6.530001650516961131e-01
9.741955835992404111e-01
5.820404641871892437e-01
6.302535993696958272e-01
6.375927046815241805e-01
-8.023583744464193312e-01
3.998788249845044440e-01
5.683739663591635960e-02
-5.770254513625248105e-01
1.044194309780207108e+00
-4.527831907866519678e-01
-9.284258240152589714e-01
-3.921032297322919469e-01
9.974009467039550714e-01
5.594902002488444381e-02
-1.433236625928611119e-01
-6.008280541874229108e-01
6.247467830232742436e-01
9.505330730384111693e-01
-7.067972374503301847e-01
4.068927670408410968e-01
-2.720204512458517243e-01
-6.873695047603629593e-01
-2.591385957497203130e-01
4.958100628897565976e-01
6.283189408000000586e-01
-6.222772124381921177e-01
-6.552092364496415744e-01
3.487204450255658728e-01
-6.462333128964488083e-01
4.877339525095452100e-01
-1.867997913913344021e-01
9.386668714424024618e-01
4.881678295263482958e-01
-5.444653162884520725e-01
-6.291824446262572756e-01
5.598361892742789170e-01
-2.193683254594225751e+00
2.680741603858005639e-02
8.933116393262610089e-01
-1.185168485591314713e-02
-3.002429281067120481e-01
2.083748545858844725e+00
5.119941383405188784e-01
6.654292927236029609e-01
-6.562669898165096605e-01
9.429029523371941224e-01
9.050602912514575937e-01
5.514075123898924957e-01
6.714902027096827375e-01
-5.161543429585631060e-01
7.900231982916687823e-01
-1.613858654890207855e-01
-8.368537676549312465e-01
6.160652918543931822e-01
9.442637379341672910e-01
9.237565364412003710e-01
4.953193503009689636e-01
8.796201013779980649e-02
-9.460028978436112457e-01
8.952058622122835985e-01
-5.875546620418079513e-01
3.980862453839228987e-01
6.806352052972188815e-01
-6.977153613264406307e-01
2.601124011664304181e+00
2.789701257799603873e-02
1.864370696291239859e+00
-7.939610874783953332e-01
8.860888974003062746e-01
-7.413568323143902017e-01
-5.093775342622293145e-01
-1.444289850409640641e+00
-6.121844800832911826e-01
-9.822084738107554891e-01
4.010953587718810720e-01
2.295487906778228115e+00
8.301222862144541637e-01
1.855533346925331006e-01
-3.095900251604002396e-01
5.544504704251440597e-01
-2.582529335329757370e-01
-4.549798563657019290e-01
2.634776764375967861e-01
-7.140764326907923509e-01
7.289980969485450046e-01
-2.228552464669407041e+00
2.755877924673759694e-01
-4.533823450833598390e-01
4.359992372764140978e-01
-3.991779431092917774e-01
-4.427311434030347659e-01
-6.803952657828782336e-02
-3.126026677758255712e-01
-9.221112843195036213e-01
5.225247099812928564e-01
2.351021731537783488e-01
8.733842299725016467e-01
-2.599066413850641410e-01
-6.439413228507273601e-02
-2.354384978894437097e-01
3.301220821531281047e-01
3.803337901498338169e-02
3.629438765353316665e-01
7.487546221052532314e-01
-1.954030981651599108e-01
-4.009668365532781387e-01
-9.142896274448157889e-01
-4.977024122747135682e-01
-3.257421701594850338e-01
-7.746615944261454612e-01
8.004227173062992140e-01
-4.507856459166139640e-01
3.624573724679476250e-01
-1.656951047771648700e-01
5.342977245153108790e-01
-9.764357859173726784e-01
3.251662560760193443e-01
9.980907917422230380e-01
-3.149977605466609099e+00
4.404552581907263953e-01
9.638789041856674622e-01
1.364616679542607347e-01
-1.909896141295672756e-01
-1.315191442601926219e-01
3.016455280651424431e-01
3.979298499527519350e-01
-6.776449753497801876e-01
6.038644390213516733e-01
7.387399574222137666e-01
-9.335674180008179945e-02
1.316253500012567468e-01
-1.648283535469892147e-01
-8.307044838915471630e-01
-8.608885505055612342e-01
-6.340530514686055774e-01
1.403018392980919238e-01
3.921463477059363711e-01
8.757797433455551950e-01
4.099486938620515719e-01
-9.644189510488545558e-01
-6.342603829703086227e-01
6.708207028827000151e-01
-6.950759190593092107e-01
1.995679084990220620e-01
2.662961165931276852e-02
-3.351627382848758607e-01
1.291014935796423568e+00
1.609349929376406863e-01
