1.894426017769701875e+00
1.325937435825304878e+00
1.071097656346514659e+00
3.386257836188640846e-01
1.472836730772129288e+00
-2.069012705546353637e-01
-2.802035204960443338e+00
2.107726920586360464e+00
-9.167782133249982035e-01
3.490088374381246084e-01
-2.981492352644055099e-01
-6.991051736262881011e-01
1.744303567338553740e-01
1.598297480033306517e+00
2.841906300745795644e+00
1.305186125128834362e+00
2.054892752285976676e-01
-1.644499868733749537e+00
1.142801507143337059e+00
-1.045374119517896716e-01
1.002344400642203315e+00
3.466889957900226804e+00
-2.611637730794262868e-01
-7.746812774304708826e-01
3.364682129728775450e-01
6.123263725881367137e-01
9.983921156787352036e-01
1.447366353057330413e+00
1.616963852835973936e-01
-2.105254664534428333e-02
6.918424157482544468e-02
1.101491117253818874e+00
-1.151148711998909668e+00
-5.964444597519661384e-01
-4.879578246431248711e-01
2.524308403755134655e+00
1.213709516460644622e+00
-9.075677419419955205e-01
-1.666842620041948830e+00
-1.947853937176930783e+00
1.006079202950021401e+00
2.947968471306612326e+00
6.039879576995128563e-01
-1.112832265323519643e+00
6.276762965897031421e-02
-2.046552855963022388e+00
-1.270009104480402051e+00
5.104172325967986090e+00
-1.085101520815834775e+00
-3.698126306949415465e+00
-2.042921573799432178e-01
-2.282317229754575738e+00
-2.055111721120014945e+00
1.539304333985226925e-01
2.699070437909550368e-01
-3.342781381873014546e-01
-1.705145281321263362e-01
1.828857768870271183e-01
1.164568998847806736e+00
-1.203515252677470393e+00
-6.939983415902404307e-01
3.491726030226651734e-01
3.776149334217671072e-01
1.805721872756758994e+00
-6.558866955241441365e-01
-9.866882086451840284e-01
-3.616688286519597062e-01
2.445876594702913742e+00
6.814833664748307651e-01
-7.540958237861622449e-01
-2.368152867988766452e+00
1.615668532289176618e+00
2.420659152609836884e+00
5.823607806795394470e-01
-8.253871927556376553e-01
-3.770986584157862698e-01
-2.066496229150230624e-01
-1.917831206866150495e+00
-2.666661990394200821e+00
-2.413694455309002063e+00
1.885122546996159443e+00
-1.428737884535345559e+00
2.304609474757941090e+00
1.514712076946647112e-01
7.736566222415866001e-01
1.365418152455225353e+00
1.049177025715317679e+00
1.713240483968187178e+00
-1.019744487169944813e+00
-2.303013595634538113e+00
9.084431671749547688e-01
2.124932888558475952e+00
-1.378111174901898384e+00
1.487401095974807852e+00
-1.072092998358488591e+00
-9.296705065294484926e-01
-1.163794588748273018e+00
-3.134677325793787439e+00
9.330378288783514051e-02
-3.064968144587483234e+00
7.822478937945326338e-01
-1.430729125977298288e+00
1.191888215464809164e+00
3.541754207522498366e-01
-5.942808174736012861e-01
-1.957373481884953637e-01
-1.182769482353439150e+00
-3.219223604489089841e+00
-9.328128065008900460e-01
9.942479757232215443e-01
3.286461767418377811e+00
7.355065245733721779e-01
-3.724580745898246059e-01
-1.287056803647430581e+00
-1.414418163993014010e+00
1.840025189266026429e+00
6.688969315995876297e-01
-1.238018201079287284e+00
8.473471084080884674e-01
1.440430108597963166e+00
4.612833603306425445e-01
4.112869905286749006e-01
-5.025846904279802629e-01
-2.436066936282721862e+00
-1.288292382771661693e+00
-1.543100911923565688e+00
1.014937062490417485e+00
-2.228450631567112872e+00
4.308623476423711907e+00
1.463406689247024550e+00
1.322679767990940558e+00
-8.408059157350319390e-01
1.851275445864927427e+00
-9.826019408497762564e-01
7.859996006464979867e-01
9.061866604456365604e-01
1.177816622114876033e+00
-3.324861788242392535e+00
5.999251248814663207e-01
3.167724169663135747e+00
-3.523222940983586904e-01
4.748763904416925530e-01
-1.171075595848261930e+00
1.592993015322411887e+00
-8.082393046886111598e-01
-3.521452505505712205e-01
1.711063313188323276e+00
-1.032929482622591877e+00
1.825916039276744174e+00
6.548797130942338729e-01
2.429033809795562160e-01
-2.108456741160808612e+00
-2.103652288893823386e+00
-1.002514984296456024e+00
1.782870898444152363e+00
2.248421577461177545e+00
1.199135957851779288e+00
-1.725074121930915361e+00
-1.686790213845418052e+00
6.156307304739145891e-01
-1.006831788911896508e+00
-1.697982601557187721e+00
-9.654274165748618630e-01
6.140298616813908428e-01
-3.356660983003851406e+00
2.752198427965816485e+00
2.403534477557373705e+00
9.615288563000170541e-01
3.115038489264008170e-01
-5.169658231403622128e-01
-1.100192114025421830e+00
-1.700514773809814528e+00
2.255425506063911678e-01
-1.392470321032881042e+00
8.251702785236639803e-01
5.017562739596099775e-01
-1.082875257170891059e+00
1.384487719686610108e-01
-3.621779681420033703e-01
-1.562163712983071218e-01
1.903197534882221875e+00
-1.611485971640401083e+00
-9.509846661988766714e-01
-3.007311117978994197e+00
-2.102150008911344514e+00
-1.032732372317188840e+00
7.875295836006452888e-01
6.985458801205985946e-01
-5.800001072029498106e-01
-8.117195812507398411e-01
1.272939521758602588e+00
-9.534584081414423373e-01
4.051932173431460615e-01
-1.372905979443723279e+00
1.793404656397486807e+00
1.350630742963327080e+00
-1.900465837328896290e-01
9.656766134341954189e-02
2.835806601516196679e+00
-2.550241214534274548e+00
1.719008637877050383e+00
2.257122805369923046e+00
-5.518417505982936566e-01
5.143698789644574054e-01
5.689337807934951030e-01
-7.044134124916535955e-02
2.225051892346028293e-01
-1.779857744269112141e+00
-4.517572951631629863e-01
-2.107902058644642307e-01
-3.001298792046073416e+00
-4.410547867411771517e-01
1.055133401833751261e+00
2.539627212345477059e+00
-1.689260090852596541e+00
-1.753979177934990030e+00
-1.490816518597982920e+00
1.558807381490378674e+00
-2.479505183207635355e+00
-1.387665008756607143e+00
-4.807946332656101163e+00
-3.585187275636847470e-01
-1.448690672906094212e+00
1.340625803298793883e-01
-2.430824454700738269e+00
4.681400253675525036e-01
-5.210981647443204690e-01
3.159859061931915569e-01
6.887387628038403875e-01
1.290571211111885885e+00
1.156015787804897110e+00
-3.290713069429875848e-01
6.637060762199523678e-01
2.369176158364512119e+00
-2.591253754736838832e+00
-1.255731957370055940e-01
-2.341653778878712011e-01
5.103068254870669618e-01
3.200677903922767298e-01
1.448516784148693448e+00
1.839965414940086585e+00
-6.702560306919166377e-01
2.107693378354832170e+00
3.236495513543798275e+00
1.286003085905122134e+00
4.724315821830476353e-02
1.130407719136972133e-03
2.170627575879367832e+00
-1.625654809185909988e+00
1.337359826044722810e+00
1.341602398666620621e-01
-1.317376780020904192e+00
-5.448154184093104702e-01
-1.937238921852909801e+00
-2.543756797695136962e-01
-1.552352793044271984e+00
-6.825763243134462810e-01
1.506319732969086056e+00
-9.485889730955966437e-01
1.726101483503052592e+00
-5.327049794786892889e+00
8.785327467451655714e-01
1.500470449234460046e+00
-1.926219143982923765e-01
-7.571608482053080458e-01
