8.813516304420117020e-01
3.701544990387002354e-01
-4.653355199051457669e-01
6.669383603229237512e-01
1.616834411440103980e-01
5.740467397369775071e-02
6.085138037885069462e-01
-8.321423024067959862e-01
2.947608408976334360e-01
-7.059103879005852455e-01
3.081229730781478438e-01
-3.730725828578462799e-01
6.952289931358544006e-01
5.652109645056812015e-01
-7.006161765927716445e-01
-6.962233706079312689e-02
1.465974075642898278e+00
-5.102985328305544854e-01
5.767165257928255073e-01
-2.941202385540855335e-01
-1.027363712264220519e+00
-6.538766446743160543e-01
-5.390469295172051201e-02
-1.716663893527223594e+00
1.797709124970303662e-02
6.219970612409368993e-01
-1.686263877155610436e-01
1.384535657654373253e+00
2.707901952882973085e+00
-1.658518394443464938e+00
4.356366241429723285e-01
-2.226970638039760253e-02
-7.508173368046455742e-02
-2.622190072985466358e-01
-8.446977300730960092e-01
8.506329343524705600e-01
-2.512906955932687758e-01
-5.816939336165214414e-01
1.271168080060193883e+00
-1.848381009644881612e-01
-3.333870892606349834e-02
-3.508319271516864291e-01
1.646810186046189506e-01
1.374269856055335026e+00
-6.668608659950336914e-03
-2.959118358255172776e-01
-1.138428675262126877e+00
-2.892001364358449678e-01
9.016038195808420141e-01
4.520631390609175515e-01
1.068652059449034075e+00
5.433664559832036556e-01
-8.849611244559867362e-01
7.739105449047996022e-01
-8.936090609054281320e-01
-2.892563669965180218e-01
4.113018534941028648e-01
-7.234839926592331327e-01
-1.124300339362706014e+00
-6.599138139709068707e-01
1.387590976711338797e+00
7.157470643121347509e-01
7.891449588369185975e-01
-4.158078073146322939e-01
-6.593932571078300331e-01
4.760575704487357562e-02
2.309804592616654162e+00
9.755145347168170389e-02
-4.986696549680575963e-01
5.855789782254461340e-01
-1.517442392932064177e+00
1.245176740419176031e-01
-6.563480853474359389e-01
-8.772821158570320854e-02
2.802338694206123471e-01
8.442584167104416615e-02
1.725542984657919554e-01
-8.959454561877390200e-01
-6.277625861408329122e-01
1.728201155559863311e+00
-4.773100802998915260e-01
-2.434814724274764419e+00
2.418467478976988438e+00
-3.539841809631648073e-01
-9.374096888053611298e-01
1.587985187731040249e+00
-4.510810104221232297e-01
-3.140823229976542064e-01
-5.965750414588777417e-01
-1.946722826692799391e-01
7.853181065304841724e-01
-6.693306133822649606e-01
-8.870198773654101032e-01
-4.444924781352270760e-01
-4.196341150401934894e-01
6.778998102590130248e-01
2.311774455951727258e-01
3.702880192199741183e-01
-1.319403303845136932e+00
9.895913991996949655e-01
-5.580019498862445193e-01
9.591188388247258167e-01
-4.509979480131200980e-01
2.493481057723425209e+00
2.280418739608544243e+00
1.568298412208286141e+00
-1.323864970215579806e+00
1.177226250475212482e-01
-4.176549545813478481e+00
-2.799105695985485198e+00
1.973870917420236681e+00
3.883437243283882623e-01
4.589943741379703956e-01
2.160324367643018384e-01
1.367037423593276957e-01
-5.335979812973650205e-01
-2.409156203962792731e+00
1.509242342983043272e+00
6.541809177559493316e-01
7.211495317619275314e-01
-2.447991342106616841e-01
-5.590002427111195882e-01
-5.054182833591427393e-01
8.690932760273566426e-01
8.872657168272009010e-01
6.582418408142107769e-01
-1.555100356774231862e+00
-1.488754864525578814e-01
1.513557621745550641e+00
-3.417021727250815211e-01
1.971474988111988846e+00
5.346234608025768331e-01
9.505244355802622280e-01
-1.667597305380257300e-01
-9.384281204455140468e-01
-9.931057743088698153e-01
-6.987556348296741771e-01
-2.677902400121985327e+00
-1.484247409711686672e+00
1.467615796652508298e-01
-6.068422043224711571e-01
8.900985670517436166e-01
3.485063635170282392e-01
-4.361423248787483775e-01
-1.255078849175744082e+00
9.447344330709472882e-01
1.116534103573683240e-01
-2.153908167848353372e+00
-1.749803032939982295e+00
6.702466768966142130e-01
8.216533760383715190e-02
-7.108535407732307077e-01
1.342567065453721398e-01
-1.691574223611221006e+00
1.524064817430101471e+00
-2.543204401865265751e+00
8.821826044402033551e-01
-1.916606106374041385e-01
1.822282226858517040e+00
-6.971826762293364954e-01
1.417692900253353372e-01
-2.575392721008915031e-02
5.793130227418918921e-02
1.878978441304133051e+00
-3.309581752077213612e-01
2.043909925074085976e+00
-2.276491291918547044e-01
-5.784877098874656731e-01
-2.242581031514261358e+00
-2.707481978734772587e-01
1.613616193306974811e+00
5.027187769479994905e-01
-6.035560858504078752e-01
-9.225886433129126818e-02
1.689338375412781090e-01
-2.193581188431291018e+00
-5.977517109460969147e-01
1.608666799970389638e+00
-6.723640474765575359e-01
-2.522786122415269006e+00
1.466542316115308831e+00
1.280247308169561782e+00
7.222910010003031900e-01
2.040220945015019272e+00
-1.068253238802690630e+00
3.076650534523884595e+00
9.038953900496520255e-01
-2.033559142958425436e-01
2.013460345415076347e+00
-2.748312143710327504e+00
-6.786437021130651281e-01
9.264114032286685507e-02
-3.410790717976755482e-01
-2.337765953335365854e+00
-8.718048702489193946e-01
-9.316616364510132975e-02
-9.180794189108707481e-01
9.503521261165712719e-01
-1.066066057438869397e+00
8.516188093352738964e-01
7.515230959425853730e-01
2.537896895663721564e-01
7.792905302747387131e-01
-1.796198785709696599e+00
2.824358076814503793e-01
3.800900000880633178e-01
-1.560680578034953747e+00
1.386961857148229615e+00
8.018288706427512125e-03
-5.054093739463016988e-01
-5.758110428036695705e-01
2.327806648403267786e-01
6.244006898844232101e-01
4.383384042535010128e-01
8.421676021456305783e-01
5.328629596768630350e-02
-1.042358455672813822e-01
-3.351764134605441647e-01
-9.254572715115585435e-01
3.325025924629769758e-01
-4.034360735767783535e-01
-6.034785020111171905e-01
-2.713630309771458471e+00
2.688223677320269900e+00
7.979207921236719514e-02
1.613925738518013908e-01
-9.989178445976016896e-01
1.209419314044913318e-01
1.601787265196593424e+00
7.072196725698516317e-01
-5.891775316968170806e-01
-1.029878965805842483e+00
-1.009437113445058598e+00
-3.655882627032274734e-01
7.413605694681180136e-01
-2.097905572448246492e-01
-3.686505887875832777e-01
-8.779702052885998143e-01
4.503162601984636026e-01
8.965046422579734386e-01
2.176256706284902531e-01
2.276171799332918688e+00
-4.514178417935834631e-01
8.857757336920528690e-01
-5.739455886658251238e-02
-9.592852982633648384e-01
3.036610686639525380e-01
-1.731747591957442101e-01
-9.830723088015953515e-01
-2.621306677175920807e-01
2.757599383868159393e+00
-5.854036821170669480e-01
9.289683474735590529e-01
-1.166102363032631484e+00
-1.124813282454486529e+00
-4.515553878904206009e-01
-1.445508905227008034e+00
6.282168253904629740e-01
-2.258959107714234582e-01
2.274188145691749874e+00
-2.939153332738032809e+00
-2.194500536604109264e-01
-3.202670732330681336e-01
7.585867761977247437e-01
9.104845482790306921e-01
