-1.593663524592698000e+00
-1.100823089393389687e+00
8.403570533255475539e+00
3.642827271654250687e+00
-3.497019604033848594e+00
-4.478904184519618248e+00
-1.002957671122334249e+00
1.790286578285446017e+00
-2.678310472559318534e+00
-4.180688636249852763e+00
8.679628405914978639e-01
1.144436385887606544e+00
-6.395672756811826787e+00
4.812917234768351871e-01
-2.663598912729983503e+00
3.561382264256146346e+00
-1.072505147529221770e+00
-2.878512862805781225e+00
-2.943660233038603025e-02
1.634389567687085654e+00
-2.292996505873567514e+00
-5.827142540799606252e+00
2.067367092443312515e+00
-1.932684770998529533e-01
1.096000027879399985e+00
-6.854529621419483965e-01
-3.972134734272001921e+00
9.982022864560069486e-03
-2.563462887198840079e+00
-6.982131257685275649e-01
3.724835757200334552e+00
-1.733478385177025016e+00
-6.139087788084928166e-01
2.635671711684064888e+00
-1.473346711413624721e+00
-1.090519157412349838e+00
-2.473075119889655227e+00
-1.520120892659057477e+00
8.635315563714093257e-01
4.716158793567270635e+00
3.414520453886131790e-01
2.053525981848323134e+00
4.973419847313687470e+00
-6.122883555283857859e-01
4.134613991207463535e+00
6.264374375074469592e-01
8.481532541070888609e-01
-2.188770224765440586e-02
-2.056909849513437027e+00
3.377607181918889978e+00
2.673264618324219022e+00
2.938761657540745809e+00
1.178012077843832994e+00
1.582269401697839584e+00
-4.775406022536278883e+00
1.399898891119515820e+00
-8.910207148022534218e-01
5.101826678522985326e+00
-3.437917984061090948e+00
-4.168473469029176925e+00
8.764701301348121198e-01
-2.801584563941012185e+00
3.637373906518754918e+00
-3.441125193897307533e-01
-1.284268187277221029e+00
3.700689543203245169e+00
-1.798227497689041332e+00
-2.454685316186097310e+00
-8.045974684877310601e-02
3.831515401259551368e+00
-7.759832227869640775e-01
-1.088201367238972983e+00
-6.727302381655727359e+00
5.442885233227396924e-01
-1.337318524109762707e+00
2.284039567862902853e+00
-2.225261008100872129e+00
-1.826242069190092465e+00
1.140200590415853199e+00
1.084690242105169622e+00
1.207190089343127992e+00
4.785410518919592349e+00
3.529161979248585546e+00
-2.672211057552741131e+00
-2.677914418183040102e+00
-1.559004426639219343e+00
6.394908138097621375e+00
1.768628988269978608e+00
-2.617897440671175247e+00
-3.536370633593794999e+00
-5.825815800525091959e+00
-4.196484380534097447e+00
1.877926025713626546e+00
-4.971228680880907191e+00
1.023697406924931830e+00
-2.963118190001660768e+00
-2.274238998656790578e+00
-2.106375617747526796e+00
6.340766309370560183e-02
5.985146726964609698e+00
-1.372444039789987524e+00
1.890982705831614430e+00
-2.547862454185842118e+00
1.571258058388186551e+00
3.456716401939014638e+00
4.539986488302112377e+00
1.038041390306051248e+00
1.335733600256161058e+00
3.316907209677129487e+00
-2.753349846716276472e-01
2.332506906813538450e+00
2.831895718676822327e+00
-5.726813079067005763e-01
-3.011773162362278100e+00
7.164164808350769853e+00
5.543503583825009073e+00
8.460291722702935058e-01
-1.710276587960677830e+00
-7.499645588660849072e+00
-2.523689058455142575e+00
-1.691293295564532340e+00
1.379644226118707628e+00
1.584763246224048849e+00
-1.083016986084025524e+00
-1.204004668402765432e+00
2.966690954941541669e+00
-8.190190008003713773e-01
3.900927404645516905e+00
6.093042635108352201e+00
1.778044649125540833e+00
-5.311589615173002432e-01
-6.651552541267622409e-01
1.677243303157897714e+00
-4.108355515324550566e+00
-4.733617816419969371e-01
-4.854469539986799864e-01
-4.062425557278429800e+00
8.965114726795282429e-01
9.494466526803977402e-01
1.363264400500296292e+00
1.999044846723798230e+00
-8.079289395371485938e+00
1.563709407035835497e+00
-1.479886742930273336e+00
-3.954799842963080181e+00
-1.560010567737714959e+00
8.731825577641716407e-01
3.861128147330113780e+00
-2.750755832787956656e+00
2.086731681501081237e+00
-3.425020457880309177e+00
-3.455751481549014237e-01
-2.580314891237946551e+00
-1.681867586035430406e+00
-8.901927989809707009e-01
-3.144572571899857838e+00
-3.404400096654725871e+00
-3.374555634197287657e-01
-8.736835344801877623e-01
-1.066553686174832372e+00
-3.956078565198184460e+00
-5.226714130491478372e+00
-3.481657234501073006e+00
-4.415581080534859426e-01
3.013384163955285633e+00
-2.012863586659658033e+00
-1.795512722567633723e-01
-2.509521521679513256e+00
1.527239898941456175e+00
4.354088947879853677e+00
-3.119060271345928115e-01
6.264547562577100770e-01
-9.802437490898192607e+00
-1.134092177650848576e+00
-2.525062039968685390e+00
-7.292948456713608252e-01
-6.892545407311687633e-01
1.199284197674738817e+00
-4.575444205851120216e+00
2.763105909261519333e+00
-1.473391618011453685e+00
4.451610166693733550e-01
2.220733931896696767e+00
2.739299860082626381e+00
-2.716550901082001701e+00
1.777278033846384497e+00
3.891774045450837605e+00
6.234116686500924764e+00
-1.856434523115156887e+00
-1.576299091718229572e-01
9.585346842178303906e-01
-5.764512456742389990e-01
-4.894703940712485490e+00
8.581675778782356101e-01
-4.705506117310349623e+00
-1.028327668453147270e-01
-1.739181399537576223e+00
3.061342024666422468e+00
2.795477022794822464e+00
2.109435648650973327e+00
5.384389268207592671e+00
6.358232622249908594e-01
-3.853824958887867691e+00
-1.978332996964194734e+00
2.113912512337162486e+00
2.993875903167079189e-01
-4.083294616546591094e-01
-1.141745398426204039e+00
4.391350954248623317e+00
-6.684130262671825307e+00
-3.551825627978783650e+00
-3.384441468573388345e+00
2.474490191212661117e+00
-1.867782990167985879e+00
-5.567088889864924006e-02
-2.812152628035349711e+00
1.343327946554933927e+00
8.709349568725248680e-01
-8.748036735091879734e-02
2.817569282708787703e+00
1.208712518684383896e+00
-4.229982054444318074e+00
-3.765818254578507940e+00
-1.383680055282178634e+00
4.149397605853062387e-01
-1.797387393264126221e+00
-2.199508576605185617e+00
1.003498581209073315e+01
4.265864499933659459e+00
-5.479532413865221052e+00
-3.075507498377156423e+00
2.298594493753289392e+00
-1.392348490259877059e-01
3.435840984927383879e+00
-1.484477092359851369e+00
-5.089101601445329415e-01
2.621296005027646370e+00
1.936698839178629727e+00
-7.409158611441934994e-01
-1.855884899178464664e+00
-4.635256067694425219e+00
1.541942943501726671e+00
2.775000730733113485e+00
4.376865837432679207e+00
-5.726313945283951767e+00
9.185442781284640645e-01
-4.492279127607711864e+00
2.965925798493115551e+00
3.049338348404491583e+00
-2.050455563533248871e-02
1.108804592072927697e+00
-1.339791565861608635e+00
-1.563871365875340924e+00
1.961597938588192536e+00
-3.296493180221490071e+00
-4.612453229368346896e+00
-1.577656516788228380e+00
-2.387241837255352550e+00
7.091238339281535907e+00
-1.827038629527131919e+00
-1.006787315380698988e+00
-2.296097737894274626e+00
-4.565200685418520976e+00
2.206958831553317957e+00
6.736715700977777832e-01
