8.716474569778124293e-01
-3.441837465828719855e-01
-7.832397057038321675e-01
1.468720035462551365e+00
-1.085887068488419344e-01
1.356517408312694351e-01
1.835667725046717713e+00
1.143713571518684136e+00
-1.191808778412371872e+00
-1.163911978511044554e+00
1.963859295242427416e+00
-7.032333970376198895e-01
4.157860295795388073e-01
1.919886767429891172e+00
5.891725840061451391e-02
5.876677427617100768e-01
5.052031474762372909e-01
1.926941381748803472e-02
7.030279632532719647e-02
-1.946812095147771204e+00
1.579367643018700251e+00
-9.226377658103848134e-01
1.401613210221605454e+00
-2.975322650376600042e-01
-1.039112789165128059e-01
8.171706129462249502e-01
-8.514514188862882804e-01
8.569251227165700646e-01
1.229009470859912856e+00
2.656003929595233681e-01
-1.139001438339680483e+00
9.328637556898962124e-01
-1.560036846070674610e+00
2.687893077682038112e-01
5.171658471933240353e-01
-1.927049009796160117e-01
8.095662902048530452e-01
-4.602034415409906876e-01
1.442056170907784762e-01
1.807423396868659826e-01
1.150478976295244982e+00
1.777865966437918610e+00
5.075409572183317009e-01
2.271289366286563194e+00
6.917779248856626984e-01
-2.123962635027280221e+00
-1.427305460906335588e+00
1.158978966098179741e-01
-2.616173016828323039e+00
1.653317550820598836e+00
-2.818253128788294481e-01
-7.640611343152234336e-02
-3.843833585285257315e-01
-2.040651086946760007e+00
3.040926500699330237e-01
1.895917373196626954e-01
4.383041259376526666e-01
-3.120430745637403636e-01
-8.110359639797841413e-02
3.413040519923779659e+00
7.546958735685201924e-01
2.201153829018946517e+00
1.148245493274088758e-01
2.062868825684273377e-01
1.147110903764104739e+00
-1.795844937650220796e+00
-9.355137969871772652e-02
-9.841844741609691027e-01
1.224766654536428856e+00
-3.767994382449537105e-01
-5.637962097045325083e-02
6.538856650692511652e-01
7.358140645960060677e-01
5.627959214228940299e-01
-9.339241489615890401e-01
-6.479838112439199882e-02
-3.708321504543047459e-02
-1.516556351013574222e+00
-7.695607970755757865e-01
2.938830357814912198e+00
-8.829689229716971566e-01
5.100097205951036328e-01
-1.085624066619704564e+00
1.660231901688484779e+00
8.016687469375629593e-01
1.139145014731673511e+00
-1.379501869311410944e+00
-9.332709002452029834e-01
1.625520343979747762e-01
-5.624958298139712959e-02
8.350200731571033597e-01
6.903900105220884820e-01
-1.075175238267499278e+00
-1.447970676977464510e+00
5.318850259441794126e-01
-7.261136849557193740e-01
-6.370824627596527456e-01
-6.185549322274040973e-01
-2.327608620596733902e-01
7.733851741372602673e-01
-8.599945619192118640e-01
1.572524955053202333e+00
-1.927920572190817916e+00
-1.434913298228680523e-01
8.881960077963800826e-01
5.110335220169485160e-01
-1.680210860201656109e+00
-1.122761432075966237e+00
-1.027373852629022144e-01
3.353316001783112066e-01
-2.949325004089363156e-01
1.705718091136669834e+00
6.377090593231578008e-01
2.926635596674489914e+00
-1.822594611732271552e+00
2.213937770085037671e-01
-6.622383791028537692e-01
4.114604990180926181e-01
-4.334900319518389389e-01
-6.432404275773319080e-01
8.222818856225152517e-01
1.008729460335586747e+00
-9.856054460869554390e-01
-9.372613653851414872e-01
-7.190995674807005855e-01
-1.804423803245454927e+00
-1.349720079912101856e+00
3.651297622695856560e-02
9.322960445754563397e-01
6.888056475967139214e-01
1.222625812015941893e+00
-1.156710935881003210e-01
1.002590160780704800e-02
8.992476868596678274e-01
-3.873432718320716228e-01
-1.104253923155893879e+00
1.266209889904759356e+00
1.532453320292902044e+00
-5.207356785909508234e-01
-8.652544144808739235e-01
7.300072383184074143e-01
-1.023814233803906681e+00
-6.293125386542044453e-01
-1.712596809725661640e-01
-2.553736257068326410e-01
5.499314572507940646e-01
7.952121273899018239e-02
4.655924713088002154e-01
-1.161955381662713283e+00
9.733615568346781766e-01
-6.400046314306491180e-01
-6.921184671198084004e-01
8.007654548707017206e-01
1.149967456621139084e+00
-7.481808489460313183e-01
1.421698920605257710e+00
-5.590751847620034631e-02
-3.967085113933567775e-01
-4.647142519600622190e-02
5.368581102568952268e-01
-1.281230460717164954e+00
-9.079141343279033549e-01
4.296408277540937348e-01
-8.468334258962405547e-01
4.849560989894828866e-01
-9.799885155140464210e-01
-2.721839416229578035e+00
-4.725048343176960729e-03
1.134281476282409384e+00
-5.849404959964070727e-01
-2.526768575846621845e-01
-1.579081816528675186e-01
1.748873497734534599e+00
6.994765810022370023e-02
4.716910492671289035e-01
2.182845647341097539e+00
3.637267478637741247e-01
-8.710349656271655361e-01
-3.839859366590639422e-01
-1.549453774750858992e+00
-1.020739798364203699e+00
-5.226836251463634619e-01
5.265854166918738644e-01
1.011660505772412844e+00
-1.906907917364653704e+00
-1.239687808551798387e+00
3.752684465590042651e-01
-6.778201435614958914e-01
-1.418596303152002358e+00
3.926852843022280437e-01
-1.289121455162414831e+00
-3.896754657924040854e-01
4.658714240970671661e-01
6.521269600258583488e-01
-9.300598727913121921e-01
5.541337781064313850e-01
1.362835518251161782e+00
9.556052876930630768e-01
6.152375169271633304e-01
9.815177038253117825e-01
1.055709442078733407e+00
-5.967308097433746683e-01
-2.188974533468075023e+00
-6.537943565034491922e-01
-2.444122289300093787e+00
6.292928957282090119e-01
-1.160826811182688489e+00
-4.833908450621820507e-01
-1.051420065139997195e+00
-2.652689913855588721e-01
6.436371045516467437e-02
-1.297358910658512388e+00
1.139821796234654488e-01
1.670897071303571568e+00
-6.570575115274093214e-01
-9.380669761892119762e-01
6.059558514706212540e-01
-4.504280255476689199e-01
-4.881533720473368171e-02
6.644620092538165990e-01
-8.799003974501157233e-01
6.234346766066810597e-01
-3.516909347778842676e-01
-2.323992005903599889e+00
-8.186573881672247754e-01
1.198259721238141284e-01
-5.766673400373754227e-02
1.259811571347573489e+00
7.708412784128197970e-01
-2.238578552998349014e-01
5.045904051404590529e-01
2.502141430709564976e-02
8.545293407903867822e-01
3.818867952859073545e-01
-6.761805305772933261e-01
-5.009228725042532693e-01
1.424319116298927934e+00
-2.336901629890212884e-01
1.278417082186499965e+00
7.467758116072648056e-01
-1.179905271635560693e+00
-2.810092025519341230e-01
1.860245312423413067e-01
-2.941600033144324278e-01
-1.903760404975840537e+00
-1.075777917916660886e+00
1.680041443285919256e-01
6.046021659794064140e-01
5.661918930282116014e-01
2.137440392047972093e+00
-9.489620394555262628e-01
-2.866933420182751768e-01
1.489922521039467540e+00
1.686771802282552857e+00
6.318952698396315126e-01
8.747220274820673991e-01
1.752536753411203518e-01
2.495615399862114447e-01
-1.304715000639188993e+00
-1.186302315123192591e-01
-1.242392564506348940e+00
1.515762219381771914e+00
1.559231154852295020e+00
2.896815475583870703e-02
3.508438538593523504e-01
2.400699357537139367e+00
1.466783373387150036e+00
-2.540392763250199915e-01
-4.329946976414549287e-01
-3.777845044273931557e-02
-8.156194418404613122e-01
-1.376189907041069915e+00
-2.474946834647342886e+00
-3.622649726969258133e-01
6.500766854742170420e-01
-1.925703464896368455e+00
-6.262385805968372354e-01
2.831469444248428946e-01
5.430310036448259270e-01
4.456081742352940162e-02
-9.334379410028979807e-02
1.592216985421628817e+00
-1.307975625335011938e-01
-5.382600229982641427e-01
6.420280619640280628e-01
-5.860773144106379284e-01
-9.557015747772009684e-01
-1.311737603267121521e+00
-5.108002935659724519e-01
-8.520227707706338194e-01
-6.699659571735204766e-01
1.513855936366918613e-02
6.958581264372800668e-01
-1.132285959625167315e+00
1.669972913482997701e+00
-1.180291087869148825e+00
1.863980118201232106e+00
-9.623158800431206306e-01
6.229012373101753264e-01
-7.427585239154807506e-02
-1.256721025408064962e+00
-7.577694720530318007e-01
-2.857669281497934866e-01
1.451907836755469972e-01
-4.024291771756058900e-01
-7.312785658752090079e-01
-1.060247764241278201e+00
9.551372802705722087e-01
1.656046890473863664e+00
-5.660662864055908683e-01
-1.551893956597142632e-01
-7.952073044872703944e-01
2.081059467241609326e-02
4.046565504659146995e-01
1.517198291069741467e+00
2.817624941268991878e-01
-7.223240772577435020e-01
1.905410147741392890e-01
-7.807641847017139369e-01
7.366828776454660277e-01
-6.367536729837873777e-01
-1.568274555309703056e+00
-1.309567186454888787e+00
-6.838372560831811331e-01
5.048050163454178563e-01
-9.211438851873628986e-01
1.393690164699834977e+00
9.894283575826098298e-01
-6.842348012630862231e-01
3.396109836494239365e-01
8.641264707654795485e-01
-5.975111605093179623e-01
2.038635784276582541e+00
-9.726235364452093801e-01
-2.226542693181849053e+00
-1.067242580764201781e-01
1.531500256689233064e+00
5.206175967456976306e-01
1.514821847599999938e+00
1.279897100138397414e+00
2.021769275258238352e+00
3.436995191814737338e-01
-3.951090796980954445e-01
-7.017103468783583153e-01
-1.604846514366185639e+00
9.921143529164685448e-01
-1.183564245177028296e+00
-1.436071573180952576e+00
2.180094120206845787e-01
9.279133916390920334e-01
-1.772313234902810897e-01
7.885288574437060438e-01
4.184283700594935151e-01
1.301987627449943785e+00
-1.121321879420973611e+00
-2.391344953246060112e-01
-3.447116231934851394e-01
7.249765372757399629e-03
-5.773584702386678341e-02
1.634711778485277822e+00
-3.123001450688249192e-01
9.400665368887516360e-01
-5.279313989922371775e-01
6.078625385220662869e-01
5.316591996282471477e-01
-1.547088291053684506e+00
-5.663688677824834095e-01
2.561511413259574543e-01
3.328597452300943726e-01
-1.493518154743661119e+00
1.100674010957328752e+00
-1.774627364582784139e+00
-5.955149662800169469e-02
8.653486634953252432e-01
8.063014859739789930e-01
7.228584914323203936e-01
-9.862312488540508904e-01
-2.632944774171781521e-01
-3.311539357125680816e+00
4.707158351918360739e-01
3.083265148192969041e-01
-3.125455473784131133e+00
-6.661081932308882125e-01
6.652448494856577632e-01
1.180330392930479810e+00
-1.077312204131871454e+00
-1.719837590910209546e-01
4.535998634822686892e-02
-1.115200687827468506e+00
3.765138430339031728e-01
9.367017858759890681e-01
2.056996152816075174e-01
6.178453437021235173e-01
-5.985845277828648614e-01
1.663243747094448888e-01
-5.068836085711320161e-01
-1.458202393257066243e+00
2.565216903069124088e-01
-2.856226903004301376e-01
-3.237856693386888529e-01
4.388544677603914423e-01
-1.931845948601308649e+00
2.079232145960547284e-01
9.165858572007793414e-01
-1.226145173125628984e-01
6.878885076273716370e-01
3.252292428448684825e-01
-6.521838276491945252e-02
-1.993922073189370314e-01
3.988029969204314740e-01
1.881313201069524599e+00
1.365146982300212419e-01
-7.544678118820441481e-01
-2.089610417316531410e-02
-1.468720878051761325e+00
8.237430114525475799e-01
1.050563288627529124e+00
1.548453373497873153e+00
-4.391780243457089616e-01
1.637868755989338107e-02
3.486268103300168425e-02
-1.526113522670267786e+00
1.239386688072413367e+00
2.276074951061691110e+00
-5.607168738024882471e-01
1.230235448992221814e+00
-5.041512947913183718e-01
-6.036374273351227115e-01
3.963702017158617363e-01
-1.784548068165076051e-01
-1.418909938419369576e-01
-1.465278088581531746e+00
-1.269240365726519215e+00
1.710732176271797744e+00
1.816994838916006216e-01
1.380993975397083906e+00
6.513229180247750438e-01
-1.917129207494183141e-01
-2.062148094711950264e-01
4.148728709443509632e-02
-3.685887945635774043e-01
-7.922909087219116575e-01
2.267393486783347289e-01
-1.578659008433467736e+00
-3.577169751103614348e-01
1.438100873499597698e+00
-5.323435620471446139e-01
-1.242001535338044527e-01
2.225301871800369202e+00
-4.615071493514462109e-01
8.160896475058289079e-01
4.399114592311729188e-01
-5.224627734915762156e-01
-6.957911966101488765e-01
2.324140937110661942e-01
8.794742721169602762e-01
-3.911533095284926986e-01
5.318707352850399195e-01
-1.716136095281969032e-01
1.282139262481364561e+00
-1.455495237999320457e+00
-7.821046654579510982e-01
-4.574616855605423416e-01
1.853410737226349081e+00
1.711918388251080711e-02
-1.214521110168107709e+00
-9.418219520946896628e-01
-1.284189193585069999e+00
6.747862592798403725e-01
1.501946852578537606e-01
4.256071502927165628e-01
-1.770820013610211685e+00
2.693456135899118253e-01
-1.943671277279408693e+00
-1.066795049046836530e+00
6.708470383495207523e-01
8.569943616155841770e-01
1.835860876842692946e+00
-7.039214362050165430e-02
1.397468265829005407e+00
-2.230246864767757853e-01
7.405971377890634422e-01
-1.018946605348598045e+00
-7.466663877562881857e-03
3.428516409498579831e-01
-1.894180037720012200e+00
1.163588543933635533e+00
1.643367388319557865e+00
-5.934136557345091045e-01
-9.822429356908203291e-01
8.895544813419862251e-01
-4.673246471414472247e-01
-1.086884812897027208e+00
-1.124481802507984352e+00
2.033417500938520028e+00
1.273052100718934099e-01
6.444598650850549282e-01
1.618958193801328105e-01
-4.735804890708589232e-01
8.144130791710330053e-01
-2.902470246497514950e-01
-2.586220492447506292e-01
1.129138304030786299e+00
-9.384454714397103547e-01
-9.735141852058309953e-01
3.343303485475335179e-01
9.276696008013950445e-01
1.603217822947290983e-01
-5.665556008988700265e-01
1.959388590375815697e-01
8.306400015347807919e-01
-2.138883620712302147e-01
4.442902251719401119e-01
-4.880409116670979541e-01
1.844595128521778760e-01
1.225889558568862059e+00
1.189864398923647704e+00
-8.366599699110750799e-02
-7.860407740721123693e-01
-5.423340677281246469e-01
-6.838395945058022285e-01
3.849266615442742401e-01
-1.404051419487409857e+00
2.573237696910296579e-01
-5.844089127495274427e-01
-7.643002744242826108e-01
-7.598606535506327031e-01
-1.095785599691665890e+00
1.541254293527364316e-01
-3.300775541625050047e-01
-2.234413673213015095e+00
8.897961374373040133e-01
1.303854175447803243e+00
9.789541772448387968e-01
1.739998544624951959e+00
-4.572722355919314197e-01
1.135802962315763109e-01
7.931828166381800493e-02
-9.643489082365352960e-02
-6.825260938613434414e-01
1.573140710808187626e+00
-2.760566329420910403e-01
-1.547206647190399798e+00
-5.455101026858737434e-01
6.128443420938991387e-02
-2.358547172340751813e-02
-3.635603371202231759e-01
2.682089264444241228e-01
1.308242666956000111e+00
-5.527888471357489397e-01
1.228591869287453342e+00
2.514802471496033198e-01
-9.631038883654960969e-01
-4.695643798414466663e-01
3.490875045978682478e-01
4.673224982072950451e-01
-1.233817261525319786e+00
7.179933111832874637e-01
-5.879378062175805164e-01
-1.281432975955608122e-01
-1.188562032072660202e+00
-2.772236584661523118e+00
2.592765171556158932e-01
-7.864860680199890763e-02
8.785292718470290030e-01
7.287594186916181160e-02
3.907235156345794103e-01
-6.805877309632351047e-01
-2.936047760467866419e-01
-4.973532342884406376e-01
-1.458161235764081409e+00
1.471700490419890484e+00
1.095976864253855432e+00
-5.355866605011516679e-01
-1.179337760268157398e+00
1.132649394340380145e+00
8.115917770320819624e-01
2.228897376482935844e+00
-1.747017788070630850e-01
4.232128253079364688e-01
1.729841856397674738e+00
-2.003496706761398016e+00
4.822817894689285234e-01
-3.450967325734341506e-01
1.456571735877106200e+00
5.250299808999749906e-01
-5.484597690527189817e-01
-1.236268247711459767e-01
-1.004257939533726107e+00
-1.780441904346880655e+00
5.972172351612459185e-01
8.731588604745268989e-02
9.193511047455807939e-01
7.923911250587738486e-01
1.006341935345542948e+00
7.232593310973094158e-02
-6.989172794339865158e-01
1.587406558348109509e-01
1.140261178037614620e+00
-5.674582604542471875e-02
-1.212234465320072008e-01
1.561678927384068327e+00
-2.144424520992788130e-01
2.817562579094264885e-01
5.500144663428762071e-01
-7.701824134318017989e-02
5.836767832823056557e-01
2.268311033474310068e-01
7.080442153867868571e-01
-1.025118137870201229e+00
5.082399417406733289e-01
6.237737059249480742e-01
1.588030208192177939e-01
1.311395174295536092e+00
1.168777601016562251e+00
-1.832702372651891509e-01
-4.451798804364526935e-02
1.797355575025913588e+00
-9.336596078619947559e-01
9.527697112941385660e-01
-5.885625095410367269e-01
-3.231418101257422237e-01
-3.153308407013106218e-01
-5.406541843339232045e-01
5.208523661603413624e-01
1.133425787221967740e+00
3.945498797729776186e-01
-5.661534186526511192e-01
6.411493983639227068e-01
-1.907874327872544074e-01
6.491232106751911868e-01
-7.778111509907598142e-01
1.269224795832988861e-01
-7.027150884445595436e-01
-7.146110170283588303e-01
1.826112736291039262e-01
-1.494514514001043848e+00
1.100728797851380669e+00
9.641435275512268976e-01
1.245558098051328111e+00
1.783521511273537419e+00
-8.650004830581828341e-02
1.753170205572562645e+00
-1.853061770397858021e+00
-1.118680835461067558e+00
1.360171442289350718e+00
-3.119439343209386845e-02
2.032076950644501778e+00
-5.316748357646937651e-01
9.077650138897174203e-01
-2.794403905895705975e-01
-9.492727438414953756e-02
9.082295617664688514e-01
-4.641569289769145734e-01
1.991430605971511003e+00
1.145756529033783999e-01
2.181760028340596680e+00
-8.524188039463264088e-01
3.244273681603551118e-01
1.592413623228249864e-01
2.289919884621283985e-01
-1.488127879479621773e+00
2.113640840941868049e-01
7.133676012809821165e-02
-1.797036136994685895e+00
1.573603035459818278e+00
-2.850372166412649677e-01
-6.575110205890886128e-01
-1.441877390868421704e+00
-1.674303867176173410e+00
-1.159133400141652004e+00
7.502555870243874381e-01
9.607490360455697709e-02
-3.842266320836729698e-01
-1.047565476452722244e+00
6.018965916035019514e-01
1.400297145442351621e+00
-6.029704718999250312e-01
-7.606986213354245407e-01
2.644748738215966788e-01
1.616125966169200956e-01
-2.502931046087352243e-02
5.566600831225836377e-01
-7.907607639816742751e-01
-4.071796836552944443e-01
9.431385405747670925e-01
9.622759952834224473e-01
1.104048353867995713e+00
-9.471847437494389510e-01
5.188463062212617105e-01
-1.118488468227512689e+00
-3.141257517416664591e-01
-9.640811198763928891e-01
-4.596179423790182073e-01
1.762644343919863799e+00
3.478046207061524786e-01
-1.206931055846948847e-01
4.158788010808314173e-01
-1.243337151857675016e+00
2.876435461231452440e-01
1.337346428254974906e-01
-2.155216765827796810e-01
1.518927315525576138e-01
-9.445466094699963566e-01
1.197707993541402560e+00
5.216544316974730533e-01
1.588981134991386712e+00
1.438971181257439891e-01
5.667254060354943723e-01
-2.122737019340368736e+00
-5.449147494971038341e-01
-1.885953315663261742e+00
-6.478530380942427724e-01
5.512573545676038300e-01
-3.942845904595999179e-02
9.095476119970949958e-01
3.515376267128761945e-01
5.207326324017138575e-01
1.000000000000000000e+00
9.082295617664688514e-01
-1.426979606678645984e+00
1.000000000000000000e+00
-7.312785658752090079e-01
1.226727990853826222e+00
1.000000000000000000e+00
-1.243337151857675016e+00
