4.311432306345316379e-01
-5.843734421608843821e-01
-7.664910128595169014e-02
2.614322967050060509e+00
2.036889109245670237e+00
4.390252951059812891e-02
6.570026703054044903e-01
-1.981602477749593305e-01
-1.671723345173687036e+00
-2.729556552563406346e-01
6.104788356496664292e-01
2.458555157112280723e-04
-8.216176715466622094e-01
-5.028784457241067818e-01
1.776944599654545209e+00
8.729708909330445854e-01
3.098949660385346139e-01
4.102948091547911624e-01
-4.599652814459650324e-02
-1.120088133571937705e+00
9.943755710945961779e-01
8.283700064840111565e-01
4.778239406624464336e-01
-8.449006620671165591e-01
9.522262651377898512e-01
-1.140897971205161676e+00
1.556002000809764363e+00
-6.065556662152938872e-01
-9.855350413304375667e-01
-9.949494767516244842e-01
-1.132671786116961510e+00
3.162148884215802425e-01
4.460570860749020761e-01
-3.372211132621673046e-01
-4.234691717126433108e-01
3.965054360480557705e-02
5.319270051685485168e-01
-1.318195953079693838e+00
4.065260281804108922e-01
3.017446121810279935e-01
1.134394825390978800e+00
9.456771841764001485e-02
-1.659386629078994702e+00
1.687545733516624846e+00
4.817832664642274221e-01
-1.283088278453588860e+00
-9.749277134974897452e-01
-1.299074576965171479e+00
8.935046412242880765e-03
2.372658901675668286e-01
-4.276272591766061004e-01
1.731231033617529613e+00
-1.541981893386993319e+00
-4.847855341284077468e-01
-6.551354303341861973e-01
-2.309397592283256806e+00
-7.851929574832967884e-02
-9.716970400651478434e-02
-1.065082689287587980e+00
-8.698496686517628862e-02
9.741964647312747472e-01
-6.284134119952456965e-01
4.475426099159795501e-01
4.672399182039088661e-01
-3.273021651507417862e-01
-9.516370391405981621e-01
1.053904583450247623e+00
1.026845267946693951e+00
-9.290265481900390476e-01
-5.364513296967503564e-01
9.478230374339496889e-01
-1.339892637901836325e+00
-1.262372616831120453e+00
1.147844244065455488e+00
-4.143290319928735754e-01
1.144153438080647012e-01
-7.577654129144157924e-01
-1.806412145275780035e-01
2.856441145964003225e-01
5.885399204215253643e-01
-1.298642174080130607e+00
9.612923630007726983e-01
-1.597860492355001050e-01
-2.069649833671403538e+00
4.232051700036816300e-01
3.325373287077638684e-01
-2.114322233106131765e-01
-7.320520741529743525e-01
1.453510356843881191e+00
4.238512012486426173e-01
1.443267458469205122e-01
8.789121721703665457e-01
-1.582213485456832047e-01
-5.488664730310465201e-01
4.068629136239527710e-01
1.742447289355964823e+00
-4.781664941519775391e-01
1.604432172204571128e+00
1.003203803895856616e+00
-2.461389058203922175e-01
5.867365827739500217e-01
1.257546878959529435e+00
-1.715398229497186566e+00
-4.538876892243533523e-01
4.340002051682215894e-02
1.764810103951196529e+00
4.961209735764471329e-01
2.920884542183282973e-01
6.769757237054635501e-01
-8.854279942311699125e-01
-6.065622182809555785e-01
-3.609753985450938479e-02
-4.966701062512570708e-01
-2.046960610730569063e-01
-4.182547296442254425e-02
7.850543293860641203e-01
-1.508101301480888390e+00
1.529964106264904977e+00
-1.309908351609224697e-01
2.614386485204638899e-01
-3.547034169474088117e-01
5.495834805328241313e-01
-3.691801503546872643e-01
2.816239891252670410e-04
-1.334638635040416244e+00
-9.062119132932097143e-01
-3.129741602022582114e-01
5.679519571191347094e-01
-4.680072369124135268e-01
9.781065838007777513e-01
1.346264507319842041e+00
9.558834194564074238e-01
-1.746799046337578210e+00
-1.556895438776491725e+00
-1.307043571263401427e+00
4.128198784019047607e-01
3.642220679474041378e-01
1.232627797618324195e+00
-1.061438814535871522e+00
-5.190513370333226656e-02
-1.443796466998889860e+00
1.794170783483591158e+00
4.338687860458368961e-01
-1.385733223757669830e+00
8.175585742723356919e-02
8.434253512888183479e-01
-1.599077856925555707e+00
-1.176982725653717532e+00
-2.196408476952925515e+00
-3.646455543988441628e-01
9.865981540511906678e-01
1.073299685263187753e+00
-6.336710335373344494e-01
1.011828795963200411e+00
-8.075437519752346471e-01
4.922944739704328554e-01
1.973779407154302890e+00
-1.644156016149920685e+00
2.168099769935031507e+00
1.398936508820887159e+00
2.063042963475696656e-01
-5.925926570981471242e-01
-1.467854445535218488e+00
5.211787355617059081e-01
5.167905996969386351e-01
-9.598613899772884261e-01
1.073104228181190667e+00
-1.827300046436116654e-01
-1.324729990646567268e+00
-1.158974480868109946e+00
1.171229350606911579e-01
5.557783928973968335e-01
-1.075331754446322341e+00
-3.859908519954360906e-01
-9.015658851348478109e-01
