6.033581914136251223e-01
-1.152373490340799167e+00
3.659730709782910846e-02
-1.369459558905572027e+00
1.461142594117295523e+00
-1.672377036764285174e+00
1.638133975249716601e+00
3.880221708632599631e-01
-3.861690450471084723e-01
1.330422778687275098e+00
-2.677174271143604734e-01
-1.230529263678881158e+00
-5.515926636132789662e-01
-1.402955363369341735e-01
-3.501156193366250502e-01
1.557073475905536464e+00
-2.698855632781359537e-01
-2.886628922083073201e-01
1.310243387541773830e+00
-4.295584862681041671e-01
-1.927203121730980628e+00
4.941976894868591041e-01
-1.300051433617626984e+00
-5.412968944826793694e-01
-3.006598618938455258e-01
-1.195124063350688215e-01
-7.541190995246390694e-01
-8.130504559012360355e-01
-4.460237866972369125e-01
-2.999554130090149040e-01
1.606226448044158150e+00
-2.906106555746672537e-01
-4.554534000575394259e-01
-9.365898411084672137e-01
-5.184301159823133665e-01
-3.248863763892753109e-01
-1.444894305343077168e+00
9.723012541909431539e-02
-9.500619246082115943e-01
7.894594604734814780e-01
-4.886709434746449032e-01
-4.635973469905103200e-02
9.153324995927468732e-01
-4.110254738662875162e-01
8.589052256221161308e-01
-9.571696614709640505e-01
1.678625853305146132e+00
-7.467223372577154183e-01
-1.526085063789783536e-01
1.598752523508106371e+00
-1.464605367317091789e+00
2.059616451888770072e+00
-6.966411782943966458e-01
8.678771847551053353e-01
3.648561209502301176e-03
1.127889293512495117e+00
-1.586170854474687475e-01
5.006800721975248614e-01
-1.376498749118330478e+00
4.248362819907051668e-01
-6.801405130158344470e-02
-8.968237181437289651e-01
-2.565537526614998232e-01
3.859749094750942189e-01
6.990541089825587084e-01
-1.808020467997502045e-01
-9.825633245483670342e-01
-7.475012854537695928e-01
-1.319549167235209319e+00
-2.585504033783500577e-01
-1.632185983980292965e-02
1.580821670229588527e+00
8.352031602703071655e-01
-5.452275056174539503e-02
9.093140634902927566e-01
1.261661251832484343e+00
-1.473866528438947165e+00
1.315719922767982553e+00
-6.852573919254847379e-01
-5.163863313990514348e-01
-6.610126404489631291e-01
2.539590728308533940e+00
9.559769335332599649e-01
8.006287702114343874e-02
-2.841180632944794171e-01
1.349843288504622540e+00
8.208913136542742572e-01
-1.679563777789213619e-01
7.695400524635674921e-01
-2.183172533751219113e+00
-3.206083736494631520e-01
1.035710860013026036e+00
7.732110773728956277e-02
1.195641011309801077e-01
-1.938778604137987971e+00
3.224791345438210999e-01
6.794587443542140504e-01
-1.661458531036682951e+00
-1.344284419308738210e+00
1.083496576855900839e+00
-2.433824616821573250e-01
-4.211195317768894053e-02
1.712181535867092208e+00
-3.020737252427036206e-03
-6.584393869744469274e-01
2.072833624884331094e+00
-4.048405520425346071e-01
1.741977164795023958e+00
-1.289189221008137487e+00
6.811961138569794239e-01
-3.285783035060306223e-01
1.511568982946739137e+00
-6.980794367061174954e-01
-2.383217559811539321e-01
-4.704011583169985800e-01
-1.226393589116213212e+00
1.210456883434148700e+00
-5.606313198753322125e-01
-1.236645554065698871e+00
4.126902279854644667e-02
-8.826054992964736945e-01
-2.535012999876431472e+00
1.176447994837764854e+00
-1.500180622129386965e+00
1.449501414343718819e+00
-1.495240111918150427e+00
-5.940064837255483177e-01
1.229701098392191216e+00
-1.061859295601209618e+00
4.792604361658788781e-01
1.334847592813400985e-01
1.158908917342015066e+00
8.470884124500873691e-01
-7.512406185460908103e-01
4.878642097200069361e-01
-1.666937178615631066e+00
1.120908196577554028e+00
-1.462877559434799135e+00
-4.857292864786038056e-01
9.145050510351042661e-01
-1.691478965876960006e+00
-8.299278767024254044e-01
1.182617857411449869e+00
1.084341840187656558e+00
9.389519554246497091e-01
2.177889844322929980e-01
1.337614581811229053e+00
-1.226034542019238449e+00
9.697351197919183985e-01
-2.380218708995127663e-01
-4.809504421727910928e-01
1.860567936945331180e+00
-1.281919673680581795e+00
8.622698797037273710e-01
7.802019604813346942e-02
-1.312450536542405732e+00
6.710332259825388945e-01
1.321831256710064739e+00
4.762359111995019822e-01
4.600206250791862850e-01
-1.639713134478769929e-01
-2.311204909842395350e-01
-5.729104709723731315e-01
6.695695243833363897e-01
1.202157911377476074e+00
-3.290022690975420994e-01
3.691346394506393996e-03
2.514728318443850696e-01
-7.774413028383234670e-01
7.993396575132527548e-01
6.017792028053545739e-01
-1.558402479692016888e-02
6.540628121331477640e-01
9.480806594375083829e-02
-1.936331125617523741e+00
-1.117827833669725601e+00
9.511791886393351492e-01
-2.285431544589337782e-01
-5.167807762972598251e-01
-1.582418271444273605e-01
-3.271104687327064386e-01
-8.570306112449096458e-01
4.100145107943035105e-01
9.586077788615732231e-01
4.267262698660848064e-01
-6.920764870299463967e-01
-9.662875322534084654e-01
-2.256317761630229679e+00
-8.162830978810641236e-01
-2.809638682808883112e-02
9.702993824392078803e-01
1.087346965176417601e+00
1.091780131950516264e+00
1.960892226146330852e+00
1.348412119137871734e+00
1.735533451605000721e+00
-1.251431983286059590e-01
-1.229066143270412859e+00
-1.620399036185755925e-01
-5.524757021790880490e-02
-2.702502934290786918e-01
5.407781143742677044e-01
-1.347671292009121391e+00
-5.108048498314562424e-01
2.847475233576700626e-01
-5.114052235692422288e-01
6.358219528352060390e-01
-1.015606048594155375e+00
1.155080307737058748e-01
-2.271437934963928207e+00
5.788704164453036816e-01
-6.688829902702421171e-01
1.382929269277596296e+00
-1.715093962181011067e+00
2.288335012275968527e-01
5.479848795687287666e-01
2.671513659951489039e+00
1.050769673071742405e+00
1.228644485335259225e-02
-1.766247045145426409e+00
4.854482075074609826e-01
3.833719355155928293e-02
-5.783813872356939889e-01
4.516248889470588779e-01
6.350192003010466379e-01
1.206158586567726704e-01
1.464045462957340282e+00
-3.867978401658105359e-01
1.213336622349776794e+00
3.779226401744230635e-01
-7.529249753286822999e-01
-5.782526648268149216e-01
-9.413063527948185572e-01
-1.245528097671730478e-01
6.574339639743443930e-01
1.741505024297026333e-02
8.765963084312015097e-01
1.025705709719873182e+00
-8.812913264366736277e-01
-1.054662435809337939e+00
4.797175985241008411e-01
9.761163653904801618e-02
-1.202422505541363429e-01
9.267929394202797377e-01
1.308875466409396227e+00
7.399739757260366535e-02
-2.053068974424755222e+00
1.183034073545791820e+00
-1.599982673943777689e+00
-1.866824529333319660e-01
-9.931998803687752675e-01
1.468603546344440236e+00
-1.456923197990340202e-01
-2.122119830533294449e-01
5.597736989325532431e-01
-8.194120741317122147e-02
-2.534750653981238111e-01
-9.676528862825104493e-01
9.908219552145404174e-01
2.373899849172714793e-01
9.745974372063760383e-01
6.126423268419903811e-01
7.520740820815452476e-01
1.179901962636048934e-01
3.432256197569849010e-01
-8.173647851615561954e-01
-5.385806697065570470e-02
-5.551781501838658900e-02
8.666021587336183440e-01
6.738977354388413499e-01
8.270148129580819907e-01
-3.600273314911046074e-01
8.119762193796925542e-01
-1.496203181349326228e-01
5.324846518243316895e-01
-6.735245649115352284e-01
7.888755773870228527e-01
1.099221727400537363e+00
-4.400206992016343355e-01
-6.386309869572160958e-01
3.006051233986498095e-01
-4.296846394484000742e-01
-1.368712671235818634e+00
-6.402626500750426830e-01
1.729759753618125839e-01
-8.675251896937687113e-02
5.444844067552018219e-01
-2.938324174669825206e-01
-7.382553179563201562e-01
-1.066863339857239135e+00
-5.486179105355354357e-01
3.503522750790695581e-04
7.636691477152385277e-01
4.835030920191249471e-01
2.451591107534323993e-02
5.139520145745593016e-01
-1.917841774242496494e-02
-7.714036833288088202e-01
2.911874105391845546e+00
-4.564228682615832366e-01
-3.483714870720329149e-01
9.539038203632235202e-01
1.839779394425018255e+00
8.600969717307053175e-01
4.218366163497084265e-01
3.612924625513339039e-01
4.413260185009947878e-01
4.296433002375909527e-01
1.766811893249041310e+00
8.700923518254594091e-01
1.146260776855197783e+00
-8.660362992459911258e-01
1.219844879990899633e+00
-5.291789524629119112e-01
-1.686542332514431752e+00
9.316128858057635131e-01
7.214707182676870501e-01
-1.229429139820009009e+00
-5.884661653339574583e-01
6.751664071784970744e-01
1.245905767169858347e+00
-1.575361470851947443e+00
-1.040054588409576874e+00
-9.198208548568425069e-01
-2.341807913243756922e-01
-1.458872337973734501e-01
2.750810811999417349e-01
7.810468585080329040e-01
4.893459331585028327e-01
5.583294011140504942e-01
-1.149052228800982345e+00
-2.925496036097284813e-01
-1.565627782227774489e-01
-1.463125167262513682e-01
8.498091440530698426e-01
1.553795329580777151e+00
1.122118438184475098e+00
-1.906099960953035466e-01
1.905354449496192704e-01
-7.616052235271912885e-01
-8.524577591626517625e-01
-8.654249689157771375e-01
-2.699784787707573130e-01
-3.445449627298228790e-01
-1.014899511619121952e+00
-1.062277531483645232e-01
-6.900984389193259849e-01
6.860435277434062673e-01
8.830723536340676638e-01
-1.169074511875629607e+00
-5.576947828790537742e-02
5.122623816723842483e-01
1.474945921138290039e+00
8.269378362157783213e-01
6.668611391049178438e-02
1.123315046275203288e+00
-1.177508820977898052e-01
1.957057583042170201e-01
3.430308371308507520e-01
-2.590410388223678972e-01
3.112767626232348928e-02
-1.153002696255851500e+00
-1.192853016314405767e+00
1.450265863130244803e-01
5.439304005870604364e-01
3.127561897953688441e-01
9.870016016997863462e-01
1.599515327406122234e+00
1.083497818313391647e+00
-1.022773834136986026e-01
-1.138463521584121896e+00
-5.420622395284974138e-01
2.831972836648980696e+00
-1.377499401777631638e+00
8.218254618031843872e-01
-8.542740668149592098e-01
4.129106904067914585e-01
-5.170355695073522995e-01
1.162842553254699318e+00
1.912420255945081582e+00
-4.918994133441622063e-01
-1.919868348151265058e+00
-1.019076343835293441e+00
2.811577457453403373e+00
-8.360338313846197300e-01
1.292948259321698545e+00
-1.505088253735268777e+00
9.790118260238701575e-01
1.339222936566147659e+00
-1.458193124917843475e+00
-1.450457758096615146e+00
-1.252222163338362337e+00
-4.422056396368036491e-01
8.273495827726567997e-01
-4.963012749083760000e-01
2.679297456608125128e+00
2.075173818607856990e+00
-6.485765585357752272e-01
-6.974392350792820716e-01
1.362053655692759546e-01
-4.898497118508917669e-01
1.892385824211829659e+00
7.942138304622589073e-01
1.069600640328659980e+00
7.162883274398152977e-01
4.884326493389021251e-01
2.845353649427079024e+00
9.031763492214647804e-02
2.694442488536508140e+00
-1.258453243828899337e+00
-1.537631890011997404e+00
-5.681276588909928149e-01
1.069734209820963011e+00
-1.964127343853722563e+00
1.083571507389226030e+00
6.964763433096922141e-01
5.272045039330156557e-01
8.182951999475697180e-01
9.769100986747109028e-01
-3.698391968290776766e-01
9.061743431395048731e-02
6.718488698578106710e-02
3.755669471531361547e-02
9.657890308913705812e-01
-2.063026875965870421e-01
-1.887958143675153799e+00
1.814651235498759396e+00
-8.045132374531227537e-02
-9.304524050008882163e-01
7.385922123226124070e-02
-3.299274252760389103e-01
-1.344719562193129381e+00
2.005551916143585578e-01
1.311809522016989860e+00
6.946056374016441604e-01
-1.993427753872814012e-01
4.073474526157858794e-02
-1.251735707257019437e+00
1.551032902952046655e+00
-6.958266110845191532e-01
2.409049202136543055e+00
7.798308958057063034e-01
7.110410967209271904e-01
-6.229374507305441427e-02
-3.251785235162972798e-01
-5.328507557179922305e-01
-1.029813305611732899e+00
-1.148324852339994845e-01
-8.097857066757675470e-01
-1.517468346240689270e+00
