2.456503621465532916e+00
-8.692824155568150690e-01
1.878607206970893895e+00
9.653993552066282291e-01
-4.008322554106579783e-01
-1.277178927782542273e+00
-6.441921509291760328e-01
9.510065864274503955e-01
1.096373564829458136e+00
-1.303609040078815617e+00
-7.310499337294749100e-01
2.528433371386189066e+00
1.465622441920911179e+00
-7.042013388185116574e-01
-1.524330666977184723e-01
-4.059614590558952019e-01
8.351529518567037957e-01
-2.552261667602872541e-01
1.913260092838218462e-01
-6.682237526796428462e-01
-1.180200063846731151e+00
-1.368064682944538091e-01
-1.539954025010876748e-01
2.255369061677694908e+00
-8.477623675360738131e-01
-8.109058676359684470e-02
2.341654358733829433e+00
2.229931169755699827e+00
8.239493694069579544e-01
-1.758263687584601165e+00
1.521427111456284287e+00
-9.195362939290011584e-01
6.848933006404847035e-01
-5.332265179437204461e-01
2.799813199335764224e+00
1.115805480075727107e+00
-3.076194932988571829e-01
7.882833020675625857e-01
-5.341540657736221220e-02
1.883487739874097677e+00
3.800294642313731264e-01
2.129493113613866839e+00
-4.081002853863849866e-01
1.422325205244722168e+00
1.629522026643592358e+00
-9.375047890533837469e-01
-8.145869818025868181e-01
-3.002438848588464548e-01
2.342169699151876450e-01
-1.093093505455537962e-01
-7.961411218283233060e-01
1.626832555419837067e+00
7.077271815121153331e-01
-7.823534067635762312e-02
-3.049607198260335661e-01
-6.163542271917574755e-01
-3.270845980416873244e-01
-1.074456848864517866e+00
-2.000762577341304582e-01
2.823583262211943334e-01
-8.000251396520310365e-01
4.663599870214358289e-01
-3.943489327939487810e-01
-2.701235235112450450e+00
-8.527185276453999041e-01
1.783964641278951380e+00
-1.962659104021025058e+00
-1.139075953799238539e+00
-4.934492878790325276e-01
-5.203989470486767299e-01
-1.105065633539532355e+00
-5.275229116200618185e-01
-1.436864891258496701e+00
-6.688608801463795661e-01
-1.366006863789213543e+00
1.375416949353915230e+00
1.220273433816326580e+00
-7.136872158953493361e-01
7.717103192856327176e-01
-5.763422297734822619e-01
-2.436054067560281311e+00
-2.993668637459430681e-01
4.688250445722404791e+00
2.685831903801685905e-01
2.114333843055091311e+00
-7.634951911826494131e-01
2.171695571101803779e-01
-1.788628221812882113e-01
-7.307893620139681579e-01
8.598636998884863214e-01
-1.160224681076978959e+00
8.708894934360568163e-01
9.524087156977205648e-01
-2.313925994688022236e-01
-3.775640101687388395e+00
-7.727346028925463628e-01
-7.175970227734357332e-01
7.744434395531245574e-01
2.187971539931187204e-01
7.500285952287033542e-01
-3.870511697495761516e-01
-1.253946886858579912e+00
-3.222658488803966104e-01
-8.824815893884198070e-01
-1.786139318518799035e-01
7.693764307328609942e-02
-1.696335444791758018e+00
-2.625555480912508788e+00
-4.292306274291817769e-01
7.151018841391862946e-01
3.032394835393687482e-01
1.708814574172135892e+00
6.972897723780586698e-01
1.291263203700004358e-01
-7.105709748524146052e-01
2.225515365011059288e+00
-3.740839077264453971e-01
4.651467210103900629e-01
3.015883295598826286e-01
-3.972238021833353727e+00
9.413323545878404808e-01
-2.648751081876846047e+00
-2.226724389930709425e+00
1.056404558725057230e+00
-1.331479650533576198e+00
-3.456780004941340523e-01
2.280175977345240135e+00
-1.973561557949212064e+00
-8.602900885877014237e-02
-4.042508539538700596e-01
-9.674530721883767281e-01
-8.285019868000234045e-01
-2.327964230105288579e-01
5.320328149664472761e-01
3.223112909687567695e-01
-1.819126908516413010e-01
1.598843237343975154e+00
-4.026584613141210300e-01
-8.761697758544404468e-01
6.697524019561966746e-01
1.124327347670768917e+00
-2.644927358040074949e+00
-9.748261026209241731e-01
-3.954677382833269306e+00
-2.110056414645397727e+00
-1.467196979421389269e+00
1.780866614369688739e+00
-4.902521036000190291e-01
-6.897273784197782698e-01
-2.047870741091523339e+00
-1.071406551358172088e+00
4.107701595197670863e-01
4.576656820123304326e-01
6.409849716019836441e-01
-8.446254927912785759e-02
2.410570496648259953e-01
-1.139647561216801108e-01
-1.691789299640034328e+00
-1.766077300678801532e+00
-3.160104996224066820e-02
1.666673408367212339e+00
1.159899585029074753e+00
-2.403818926671295597e-01
9.797254721456041815e-02
6.341508575418177696e-01
-5.790445937882241489e-01
-2.573556198988269372e-01
-4.975528891634118933e-01
-1.599291681555796263e+00
2.745430080919351035e-01
-1.686699273360184603e-01
-9.096609599902497623e-01
8.777295396379491965e-02
-7.855092831048301472e-01
3.153085198060072702e-01
-1.942862511236920220e+00
4.951570232124367088e-01
3.841292294606613922e+00
-1.660570158160830756e+00
8.252862626823872505e-01
5.403778896740510929e-01
-8.874312750641499825e-01
1.977295354232555535e-02
2.543614464058648883e-01
-5.301458796014428820e-01
1.131234990901357484e+00
-2.065125370475712485e-01
7.107215373573467776e-01
5.842354860733213195e-01
1.040699049525094955e+00
2.243718330995153831e+00
-5.066756972607178167e-01
1.388356912419488776e+00
-2.549834902077013910e-02
-3.368131264748177589e-01
2.966124794809744891e+00
3.428298666997861677e+00
5.315847180730561838e-01
1.596503518641986474e+00
1.859947534266677138e+00
-1.604411680675720486e+00
-1.161777570968244522e+00
-2.426523117729998180e+00
-6.314004144256257778e-02
1.497975170707574577e+00
9.937934966670751713e-01
2.999029156992982781e+00
-9.529862289079602533e-01
-1.825723634923599237e+00
-2.018869101155221779e-01
-3.300218318912677140e-01
8.535141726202201129e-01
1.095901459085959040e+00
-3.151312680028214852e-01
2.769699288338030030e+00
3.779632347590923924e+00
6.103884545869542322e-02
1.107238192376287955e+00
5.072195206689287250e-01
-3.426167439404687265e+00
4.354648054564535520e-01
7.883504272155947845e-01
4.507422785487407713e-01
7.583900946279643618e-01
