-3.281073728862140992e+00
-1.071205379410942626e+00
-4.063492166269990213e-01
-8.494541838286759905e-01
7.263664943010694763e-01
-2.642515638761347985e-01
-1.107663726962980100e+00
-2.048200828687440023e+00
-5.831213839087323603e-01
-5.389889468039321674e-01
-7.187335333215255639e-02
-2.278014242559830649e+00
-9.045661267375486314e-02
1.857396433453455176e+00
1.301535621957458755e+00
1.689660084862820932e+00
5.685468924041838790e-01
1.678581024720849468e+00
2.449843405539597008e+00
-1.687912246236756841e+00
-1.972252109636149497e-01
7.663703987817822583e-01
-9.041689199986910896e-01
1.089132623685240997e+00
1.657741112931252925e+00
-2.268450312008975622e+00
1.332134841665412850e+00
4.274624121288927991e-03
-1.919304953956501025e+00
-5.664881212461611026e-01
-4.363199548074124245e-01
-2.290113828344618963e+00
-4.478414621801444229e-01
-9.978259761387948679e-01
1.439414935436966081e+00
-3.604551380188627530e-01
-1.944059214565841409e-01
2.474452245178678123e+00
-2.479773694265277884e-01
1.050926989238878395e+00
-1.058508924291910125e+00
2.396198891935359121e-01
1.329274941297514889e+00
-6.647813404909758139e-01
-1.588962244778548305e+00
-1.150404150322678065e+00
-1.384701435018155236e+00
2.383796738075690147e+00
-6.238255431419206243e-01
-8.745127437545419102e-01
-1.389348527044961923e+00
1.448043957909492252e-01
2.585203499711626662e+00
1.466211963717394262e-01
5.183468045294923332e-01
-1.315665877312951038e+00
5.771017975822829715e-01
7.137362431638232252e-01
-2.275149864112169684e+00
6.249435143584667340e-01
1.849619733460782456e+00
3.965141774073078218e-01
-5.494524458516769627e-01
-2.821040235510002159e+00
-1.459328050637078045e+00
9.346872012131750562e-01
6.495474039128783517e-01
9.502661761942863272e-01
2.014873183088949027e+00
-1.333259628292542409e+00
4.137709560792783292e-01
-6.441903146070870889e-02
5.102606179468832659e-02
-5.329608323688650451e-02
1.145258653250079472e+00
-4.265823155008574563e-01
-5.346533751400988077e-01
-1.981351554261956638e+00
2.849945087274457833e+00
4.753637365871387632e-01
-2.484255811294716620e-02
-2.552559114788450767e-01
8.991799163152932595e-01
-1.274829956509544227e+00
1.189205832808780894e+00
-1.769686272777469371e+00
1.307279652892585631e+00
-1.440917638582555060e+00
2.209537226316939051e+00
6.036647902419551848e-01
3.363523026859707166e-01
1.175973193829587871e+00
-9.051335690037909387e-02
-5.706501513491319955e-01
-1.413177681925103513e-01
-1.893797399871487208e+00
-1.293306508237087593e+00
5.095327850244251167e-01
4.666967895585797388e-01
5.447430712097686145e-01
-3.194795206781048114e-02
2.734059654341980394e-01
-9.642044145650444653e-01
5.369666681754505788e-01
2.529257971279393336e-01
2.617395705197355760e+00
-1.812200117372532615e+00
-1.942331695850949114e+00
-1.263051294227132582e+00
-6.595458243160081668e-01
-9.560915619789951414e-01
-1.032230793214979458e+00
-9.333689906148165960e-01
-4.962736777654182529e-01
2.373026819576239954e-01
1.078513012821850081e-01
-1.735825001586664751e+00
-3.891739428557850822e+00
-1.592850295962863427e+00
2.231864764238646437e+00
1.103913480768895505e-01
8.223851911611019805e-01
3.998716905854072245e-01
-5.589918717126522718e-02
2.632190379704920424e+00
2.290740980022485829e+00
-1.335648129385643701e+00
-6.203804754605438815e-02
2.181094627676581632e-01
1.207863657034554894e+00
-1.228701095977034585e+00
7.412655542274307896e-01
6.112278340854084835e-01
1.536224941990424142e+00
8.095730334059355604e-01
-2.207697296430528144e+00
-3.699536031889639753e-01
-2.798258847981278219e+00
-8.736485954166639534e-01
1.082738846823340761e+00
4.662903524156079005e-01
6.020988071857824586e-02
7.669591039979550828e-03
2.121787906913978006e+00
-1.186954149601985531e+00
-7.478313579951806345e-02
7.666938640940965666e-01
4.252458367645251536e-01
-3.764927358608215896e-02
5.833254173416555499e-01
1.457090111395081822e+00
-1.049002720223270346e+00
1.831514885544295090e+00
3.964938555290771771e-01
1.127334036338115464e+00
1.148142312012060184e+00
-1.214847382376585738e+00
3.107488144376162609e-01
-6.249713831936145603e-01
-3.832227519531292703e-01
-9.102296273786492087e-01
-8.839199775031012507e-01
-6.006671429181494881e-01
-2.266944206465951961e+00
-3.458505602514904353e+00
9.718072150441513235e-02
-2.676722465862595435e+00
-1.101389991801474122e-01
-1.867453688059556027e+00
-1.638850759978146110e+00
-1.605920913597975286e+00
2.335263440041725203e-01
-2.000097207674721211e+00
2.835857795132952219e-01
3.143790537501866211e+00
2.131864973054931500e+00
5.933367362779502496e-01
-1.508119011866737580e+00
-1.660480837069967741e+00
-2.377068188818810324e+00
-1.264466711490102924e+00
-7.788551052243188888e-01
2.847992977883443189e+00
-5.839133534524507674e-01
7.591338251858501529e-01
1.690921291173964391e+00
4.317752876084831604e-01
4.149784683211541481e-01
1.618379343630369505e+00
-6.587683965167435707e-01
-9.365128383880910734e-01
-2.855083195265072593e+00
-1.914117919655424216e-01
-8.253080307158251472e-01
6.118353812365597832e-01
2.544626410355916857e-01
-4.529816256304418642e-01
-2.168022137130829918e+00
-8.439472790494189081e-01
-2.773715582276990776e+00
1.694265980174234354e+00
-1.031874354729517274e+00
-1.061314012694782871e+00
-1.575576859549014719e+00
1.348982562771452898e+00
-7.149958512317354797e-01
-1.052078969926088403e+00
3.831153838652995303e-02
5.895818277467269608e-01
-8.546104107052446830e-01
1.267889274711660130e+00
3.016644922712007348e-01
2.441507834388465081e+00
8.374218445711024694e-01
1.081942343941610929e+00
-1.187331397554707513e+00
-7.904771250011509709e-01
-8.302795582314804745e-01
-3.769234489781185804e-01
1.965787335156938154e+00
-1.429348921897497071e+00
1.943923927013787134e+00
1.446678676135192188e+00
-3.322873109401458969e+00
1.713309931275053710e+00
6.574671020348680228e-01
-1.288403202797002489e+00
-5.811857599000626040e-01
-1.025865493487345681e+00
2.112673648275037452e-01
-6.454123366148596386e-01
-1.612829447839437158e+00
-1.114397108577485085e-01
1.892325000144971181e+00
7.917422772721575130e-01
6.505275746506936629e-01
1.120672519714321913e+00
-1.850476617764479581e+00
-8.927502872046053639e-01
-1.031814989458588627e+00
3.464351303689005013e-01
-9.899265217632098601e-02
-1.491927856818214826e+00
5.527870038051174717e-02
-8.497116125983197321e-01
-1.317276894621253192e+00
1.130874902151151051e+00
2.070665232312770776e+00
-3.033709762350161876e-01
-9.268465109007244518e-01
-5.518430499922661880e-01
-1.706650349647496290e+00
4.906404545486534041e-01
-3.640010289675088551e-01
-9.904715070139742394e-01
1.229628884241329878e+00
1.315412938499618711e+00
-1.280416221239695895e+00
-9.054610124444895103e-01
6.099552096215705987e-02
-3.586800733735248659e-01
2.500741279161844410e-02
5.123841037912388874e-01
1.912322467616402566e+00
2.239108206273135171e-01
-4.538809844279367844e-01
1.154146038670837315e+00
-5.197527274199462699e-01
-7.252108680440636501e-01
8.983866234090019942e-01
2.254765841173742125e+00
-6.728733819484108425e-01
-3.193202071520395702e+00
2.093466195249796602e+00
2.602197314336510470e+00
-3.697207824475353899e+00
8.066331382497465841e-01
-7.205724167196047025e-01
-3.696561860943762268e-01
7.553096488841197775e-01
1.247192520405428162e+00
-6.154825801256869067e-02
-3.833293208325649348e-01
-9.092973804008359640e-01
1.282921965761501415e+00
9.504032281874132959e-01
9.648069763409672372e-01
-6.606861307146006945e-01
1.270547038658058181e+00
8.793453122669290245e-01
-1.632273647275633177e+00
-3.567502178635954202e+00
1.685233703407141848e-01
1.821370256752023353e+00
-2.694696328253961548e-01
-1.344095029330635849e-01
-9.419874072184188929e-01
-9.582141268651911403e-01
1.251071418324892992e+00
1.157473316467773072e-01
-7.166224152481746046e-01
-1.291846311241665379e+00
-8.347887866083407715e-01
3.003300101778522690e-01
3.797097635356500023e-01
1.539060579759239378e+00
1.798296438536035602e-01
2.241988174722738592e+00
-9.886872867035633172e-01
1.505216685989277270e+00
-6.670523719623258074e-01
2.174078501743184066e+00
-1.806279964976229113e+00
9.747154435624233448e-01
9.044363002785420491e-01
-1.799562020274897978e-01
-2.771316092891399352e-01
-1.679413290358386046e+00
1.425767105008316493e+00
6.913733211104811094e-01
-7.824742422699217936e-01
-1.016527236246313581e+00
-1.274132300583288746e+00
6.180291688765702229e-01
-1.025535375377427894e+00
-9.842803702079716555e-01
-3.816641097585733444e-01
4.081073034196031069e-01
2.797401047606406177e+00
-1.678162320726361845e-02
-1.141419871878849523e+00
-9.765866556616538130e-01
-2.133024299847019911e+00
2.130810191795989184e+00
8.960330129782615449e-01
8.381934897984721911e-01
4.826349300417819843e-01
-9.505178049646678673e-01
3.831569405192647437e-02
1.441779502081582898e+00
-1.571439665578257872e+00
1.490653172947286054e+00
1.230129251880511532e-02
1.762086547879823328e+00
1.257592117803978615e+00
2.776983177929548963e-01
-2.564765912009370208e+00
-8.716799313949665784e-01
3.452097213816716081e-01
-5.403846690029016075e-01
-1.188399564889724092e+00
-1.243193628273247531e-01
-2.133140024243335819e+00
2.959569923556542914e+00
-2.400807649821692813e+00
1.096590924007972534e+00
8.019443715520613303e-01
5.964198006526219009e-01
1.339644259301481455e+00
3.372624823774283964e+00
1.244813923498948038e-01
-2.286622740582811009e-02
6.452656594385824951e-01
1.706907994176954713e+00
-3.862853418748019574e-01
1.734107663743740257e+00
-4.439772553956061740e-01
1.267607710763287709e-01
-4.168530461114656749e-01
3.959529134452364207e-01
-9.609873595721147854e-01
7.444129653360216370e-01
-8.350002957622297828e-01
-3.764739930888130193e-01
-6.994744969928683442e-01
-9.279005250624408063e-01
6.445028587657427588e-01
-1.918143502918590260e+00
1.605632176344714557e+00
-8.961049793637757555e-01
1.761730892225097378e+00
2.984577469712529352e-01
-2.637396714272886022e+00
1.693357869122375403e+00
1.186993703314021265e-01
4.764692133019188258e-01
-8.524757476494609909e-01
4.006641719145612734e-01
6.911086421690696424e-01
1.815348926358275605e-01
-9.375434915989963036e-01
-2.137403030815322236e+00
2.634597042460644190e+00
-5.748296396741896519e-01
2.403975195529950148e-01
1.766499105988774410e-01
-8.215264827628371291e-01
-1.244237063409402655e+00
-2.036894371143603610e+00
1.971833054568131960e+00
1.297814122498340605e+00
-5.400317790404657314e-01
-2.167280596178740026e+00
-4.131010538408342869e-01
8.888312454615729941e-01
7.450508356292658840e-01
-9.732913017036989300e-01
-4.044494987923220819e+00
-1.828919802519197280e+00
-4.759023855688453986e-01
1.009430978352531705e+00
-7.369847636655781908e-01
-2.467237537378064172e-01
1.207725671234084919e+00
-2.482896575056063426e+00
-9.021826545723449220e-02
-1.897203977235843164e-01
-7.248684608993493095e-01
-1.627777427048550329e+00
-3.079308726728957057e-01
8.066144932014995828e-01
-1.954979387155943105e+00
-4.975448944946783136e-01
2.598963096606409895e+00
-8.190022020305189887e-01
2.800202945956089540e-01
-9.402874746350042834e-01
-2.808535396568155651e+00
-1.112453690379271887e+00
-1.499226033426317439e+00
5.110781643577895217e-01
1.564619184800394303e+00
-4.625876406048874401e-01
6.075148858820615949e-01
-2.944599731488918959e+00
-2.870784372006307539e+00
-1.435057645956399508e+00
-1.444203262922914899e+00
-1.284495763125096168e+00
1.677845496825512539e+00
6.930661541360794153e-02
-6.439486927039230757e-01
1.135460358181276774e+00
1.990616790126067182e+00
1.576606057917200765e+00
2.057613543520130372e-01
-3.686890444705496206e-01
-2.183940704933555299e+00
6.492331331771397096e-01
1.212199034350271099e+00
3.756950639113120216e-01
-1.145434019281827531e+00
3.360367137185853892e+00
8.754720135327115349e-01
4.798531156681431487e-01
-3.932357055901168685e+00
1.666775579756045955e+00
-7.780761914655580647e-01
-1.315342147111787874e+00
-2.772980038309948991e-01
3.919163172122205552e+00
-2.334180207647212235e+00
1.431105125963233027e+00
-7.663108103145797045e-01
-2.082581503349864305e-01
-6.196123177647605562e-01
-1.073823023925595255e-01
-1.005621561655769547e+00
9.703481734190327890e-02
-3.512427481390006934e-01
-2.003022728436548050e+00
1.188115426278143483e-01
1.910958536846423694e+00
2.207569352935834783e-01
-1.261218543190591568e+00
3.023723162241452322e-01
-2.119489523450650281e-01
-2.062524883022682776e+00
-5.916732924687893025e-01
1.898048660575521462e-01
-2.965118740107161033e-01
-8.637200947698381315e-01
-2.681194677906148627e+00
1.768150876733288746e-01
2.080661470378982969e+00
8.680097276692988473e-01
1.244559432907973440e-01
4.348002493917589306e-01
-2.222191687808315608e-01
6.109962042593706233e-01
-1.252399201367531578e+00
5.397376042787879191e-01
-3.806790140871119110e-01
5.182887127309481201e-01
1.237936953423260267e+00
2.889540241568744339e-01
-5.495568264691061966e-01
1.562586398644491004e-01
-1.426373983893644448e+00
-2.331797831531098542e+00
-1.383225233691621758e-01
4.842245166033238846e-01
-3.566564065883147117e-01
3.607327849967983946e-01
-2.493326455628078087e+00
-1.684242673804133172e+00
1.072789334343940304e+00
-1.056821590725702809e+00
-5.207408118020071530e-01
5.250300553484277266e-01
1.137352333993388864e-01
-2.066518017813281816e+00
-1.037294635374743423e+00
9.419775827502763210e-01
-6.892046740189140541e-01
1.172818941914499424e+00
8.429505622724356440e-02
-1.988906004279904272e+00
-7.632201178821934606e-02
-1.603674875054166948e+00
1.193268794365482721e+00
-2.299422825887096344e+00
6.722649448481325951e-01
-2.976217469620403566e-01
1.391659890864193505e+00
-1.526600605576597491e+00
-5.004661337430625911e-01
1.154588900072527125e+00
2.301320018201122419e+00
-7.611107616200356585e-01
7.260276659414175437e-01
-5.245722970583495126e-01
-5.193814900268065582e-01
6.996101232998638286e-01
7.976611726418013637e-01
-1.429638186287754298e+00
-3.153115484476924357e-01
-5.964728748679876125e-02
1.176943917735607581e+00
-2.893437192137503500e-01
-5.806771807378396932e-01
3.662967823135597101e+00
3.497046916938478800e-01
4.243530721206488221e-01
2.445244249073493803e-01
2.014624063562638234e+00
-1.604833713460527278e+00
1.057246115902484185e+00
1.161191137946286256e+00
2.440998676389956934e+00
4.984133111879451294e-01
-4.782549102302257049e-01
1.899572307089739454e+00
6.512349174843633515e-01
8.395053535500194286e-01
-2.811217542053355167e+00
-8.496111515581696860e-01
-2.182789137387718181e+00
-8.495845778052708575e-01
-3.316093990600023078e-01
-5.330512890231691170e-01
1.184365201753049490e+00
-9.377647688096767409e-01
8.352573199700387141e-01
-1.644335808297668455e+00
6.833185556931599125e-01
4.302389676049940270e-01
1.040661299678966367e+00
1.292932847232668658e+00
1.310072081033401004e+00
2.957427398107180805e-01
1.136547351183776478e+00
4.263765531348619464e-01
-1.057073001490872688e+00
1.331985185029692431e+00
-1.220548561965724144e+00
9.543084687187677329e-01
9.378779353269505181e-01
-5.572643902972246321e-02
-3.392750628473658048e-01
-2.263847804917461792e-01
-1.603790841304901238e-01
1.312455621274639106e-01
-5.211450857413485460e-01
-1.935331828882583594e+00
-2.296717489298018666e+00
1.361744921314601342e+00
4.127721802576198584e-01
-5.417003014661436744e-01
-8.902073895739036624e-01
1.316072511130657707e+00
3.869668562941893097e-01
1.046201049060059285e+00
1.016137779715105882e+00
2.866196285127625143e-01
7.209458576361870152e-01
-3.518326860248365828e-01
9.056638050282578289e-02
7.855422731916568146e-01
-7.395288124571763877e-01
1.633948460131379177e+00
2.199705656342217930e-01
3.750236643649981882e+00
-8.354418467548578864e-01
-3.200855413559978713e-01
8.994115724382287791e-01
-1.989212249826840750e+00
-7.263909604194611624e-01
-5.301094196280486948e-01
-1.072375605446462377e+00
1.927717044162202020e+00
3.138669902370070375e+00
3.419115963210879183e-01
5.759240581096012335e-01
-2.794730924468539213e-01
-1.559070498342969735e+00
2.287770215992711798e+00
1.510157558150426960e+00
-4.648622786053678291e-01
-1.906384999825593951e+00
3.823670440453507124e-01
1.581693905338675599e+00
-2.389967741926509515e+00
-1.641902308006297218e-01
-9.051209223452643116e-01
5.948879859154252436e-01
-1.820294267350929029e+00
-7.778015558029491849e-01
-1.372034286207978182e+00
-7.293299026045397815e-01
2.645627041550570602e-01
6.467635054583378285e-01
-1.663117990160104309e+00
4.199754628311023197e-01
1.235110701786445331e+00
-6.506610235676308918e-01
-8.001887208934593820e-01
6.675173090990949021e-02
3.442842098380171745e+00
-5.347288855689846798e-02
5.745432608534198904e-01
-1.808034973649818244e+00
-6.073939657376602463e-01
2.316793363016002694e+00
8.851288927969718223e-01
-3.292500140832761990e-01
1.556728041455102129e+00
8.724498021036852791e-01
-1.546166650125232245e+00
6.637600648446095875e-03
-4.027098162152125682e-01
5.804724168916219895e-02
1.865145721875525409e+00
-4.570162159190688800e-01
-1.566355779476480858e+00
-2.250952461742042665e+00
2.095792807668066526e+00
-7.722717625566350996e-01
1.771663891557362369e-03
2.299625265132348440e-01
-1.667870935952409539e+00
-4.386361725641345077e-01
3.514917751206771968e-01
4.028359719466731992e-01
1.407887197790424483e-01
2.614109601871013489e+00
8.305408117949057978e-01
1.297407058552605408e+00
3.863108249711962872e-01
1.140064524988496419e+00
4.330801666175538855e-01
-2.423994848479882336e-03
-1.286150772479218718e-01
5.695019829322035543e-01
-1.010861544307499305e+00
-2.700767271072997744e+00
-6.546806228672910621e-02
2.983322379183461770e-01
-7.834074224057998581e-01
9.717822856622204686e-04
1.119258304760921696e+00
-4.107917268020873092e-01
1.322018836143579179e-01
9.457809812539403893e-01
-2.169623450029678047e+00
-1.421718615666576757e-01
-2.075454874456016396e-01
3.905127984000063557e-01
2.198732784332822487e-01
1.419411249835515809e+00
2.319415881102045329e+00
-2.747690902557362591e-01
-2.886204783273552676e-01
-6.983731991805935957e-01
1.007972456693667862e+00
-1.262050973199669024e-01
-6.734515380568508736e-01
1.247463213118906733e+00
1.602953750350907258e+00
2.174214446742218421e+00
