-9.646694070377748176e-02
-3.377568109325879142e-02
-1.323287746671559795e-01
2.452286084284320822e-01
4.261193031891958860e-01
8.863670831274175210e-01
-6.498663504677062441e-01
-3.898428186167284260e-01
-8.782020944355821701e-01
-7.886443106280995874e-01
5.079449708950167786e-01
8.486378563698924182e-01
-3.330229856251043508e-01
4.776582780597262712e-01
-3.362780493642094637e-01
6.058348413852598924e-02
-7.276288135159569848e-03
4.467465930408449637e-01
-2.889557654877090709e-01
-9.628730166883665564e-01
-8.782911293258659491e-01
-8.215581857194738102e-01
5.791853664438499916e-01
-7.302829309051324103e-01
7.346105192408636242e-01
-9.022889070498751884e-01
-1.994641588983927516e-01
6.680144066643585177e-01
6.751571478461890763e-01
8.265652924177027128e-01
4.500456043985501253e-01
-7.909597940425705520e-01
2.158480173463850349e-02
8.579173004120732582e-01
7.991874839487755899e-02
6.946501030587655112e-01
4.201058073187651232e-01
3.144958906855157554e-01
-9.344085699130937339e-01
-8.613066962558237893e-01
-7.234834686661082426e-01
-4.404801277191960907e-02
-7.174376986474140239e-01
-8.899435428966750994e-01
9.903489592787189100e-01
-5.613313925949880989e-01
5.834325613562787449e-01
-6.038833772896854413e-01
8.063130567124163761e-01
8.657945563093167873e-01
9.739853024306901474e-01
9.891242065346912415e-01
8.375854860994769169e-01
-9.475115823491586653e-01
9.963339816182603670e-01
-3.325632849244715139e-01
7.695447019411494338e-03
3.415345692689257806e-01
-4.092029155784104866e-02
-7.832180219129192267e-02
8.045375850017559838e-01
-8.594432473502997549e-01
4.453616531663919798e-01
-7.714283540373285675e-01
8.784349931972854630e-01
-8.993930222585788670e-01
8.606710896633635866e-01
4.068910609617808483e-01
8.075680971469401115e-02
7.943390872767128741e-01
8.709448429981010431e-01
-9.683230276433563155e-02
8.650390948947572767e-01
-9.838235434742512719e-01
4.812199037251729816e-01
2.283975112634308857e-01
-8.159968062440801084e-01
5.660345753117386192e-01
1.851249325373038879e-01
-3.443899356177329008e-01
-2.349715461554369167e-01
1.106395248581675261e-01
6.321358001011032623e-01
4.453547787671503499e-01
-4.458477242525666906e-01
5.237657919614409074e-01
-6.799840072420151316e-01
-3.910579757740835216e-01
7.523397928674688817e-01
5.996658853224461350e-01
-4.962562491421946831e-01
7.456076405402582985e-01
-8.159593750027498427e-01
-7.458374360505604095e-02
3.409561495459005886e-01
3.501926972499969093e-01
-3.770365084930424882e-01
2.963079988970918066e-01
-3.466049463377698370e-01
-6.655925341608324164e-01
-4.439951305043110530e-01
-3.913764412302742635e-01
6.239553580666161725e-01
-9.939441102620689694e-01
-4.904966440036906405e-03
6.340323332191541983e-01
-5.664436234353611432e-01
-8.786998764433782139e-01
-5.351446649697428892e-01
-4.431702774130630296e-02
-4.122063555302424298e-01
7.804197746900569665e-01
5.377438202600901551e-01
6.136507003032127816e-01
3.851614141420260928e-01
-4.737935008085503163e-01
-9.253423575684545099e-01
-1.589463350045838830e-01
-7.995493159616500201e-01
-2.221145033876366082e-01
1.691857031199748285e-01
-3.664199300946706650e-01
5.549763215955150208e-02
-6.255118442083091868e-01
7.924570354158289032e-01
4.236939361988347752e-01
-6.515296638341410151e-01
-9.788316168651711724e-01
-4.457177534899938731e-01
-1.012417492995594248e-01
5.359189332507430237e-01
-2.684443552167725677e-01
-7.611949143534182394e-01
5.295897273923577675e-01
-7.002356717705406908e-01
-3.385455504238779056e-01
-3.293733350269612004e-03
2.073832428658612947e-01
7.307998021189583415e-01
-3.674741514824033661e-01
1.500220501584388355e-01
8.209970743920305125e-01
9.282311238251601537e-01
2.414515487812685102e-02
-3.429182966502541952e-01
2.499261136281660800e-01
-9.086857814732365313e-01
1.265242989410764185e-01
-5.704990227047626039e-01
2.372526435463802041e-01
1.349520178302818785e-01
-5.795910964735557780e-01
-9.957395512965301343e-01
-6.312854416573698835e-02
-8.786865730539132890e-01
7.217350460275959723e-01
-4.494159492605847017e-01
-6.584506175942064221e-01
4.645544126871428148e-01
3.343234305369600090e-01
3.477349233420723440e-01
8.699811602413325407e-01
8.480986866145086012e-01
-8.786118549077228668e-01
4.014823147407229342e-01
7.494375654987173174e-01
-6.818642237288619068e-01
-9.110633502813492157e-03
-7.410885282396133533e-01
-4.352592953606109205e-01
4.034877149458249157e-02
9.016584635164597294e-01
1.179852895573947347e-01
-1.942967089438003558e-01
-7.126675517423568529e-01
8.912978042000794243e-01
2.464941044719464180e-01
1.669324212758760417e-01
1.956654376421307351e-01
3.242976767221701362e-01
-9.743694548191017546e-03
-6.883279088970037929e-01
2.368006632578401049e-01
1.584667858966990472e-01
-7.787105845571089535e-01
3.757172181225465479e-02
5.780970720794076367e-01
5.112737771028941225e-03
-7.565024719877699866e-02
6.868972141454072755e-01
-6.357358474179994889e-01
8.685577723116115756e-01
7.131613353838732738e-01
9.160654337650757650e-01
-5.060843835005008895e-01
-3.447952808661394197e-01
-5.702061458148484085e-01
5.746173714550328882e-01
-7.015012307726764540e-01
-6.267768197681073961e-01
6.323822338918783093e-01
-1.335760520239674953e-01
5.609819408330887214e-01
-3.795218002618923059e-01
-6.135755975933196993e-01
-3.135167501542621693e-01
4.330909884386744402e-01
1.488928897661725426e-01
2.918399781207625665e-02
-3.765609296161880337e-01
6.458861343921720177e-01
6.810457995891545657e-01
-3.294735469978316011e-02
4.088840967872870991e-01
-2.095822891103613639e-01
2.732741184096021403e-01
9.359250898138204988e-02
-9.570679148440759398e-01
-3.171182514155601595e-02
-3.030543828698775144e-01
3.807145728964680398e-01
-7.513289317978202320e-01
7.109831127485191082e-01
8.588226708068547044e-01
3.300697443201876524e-01
-7.395901671524820475e-01
8.702128785197080774e-01
-3.695133440705142824e-01
5.056736213944317271e-01
-4.973737308330645757e-01
4.735683138920905311e-01
-5.848360221578428053e-01
7.532259237791638640e-01
3.627750709085384440e-01
-8.826675877397103243e-01
2.255240603909118846e-01
-7.068190606124613584e-01
-7.115700572319250128e-03
-3.691128721296432769e-01
8.109853470662420349e-01
-9.581719237808166145e-01
-7.175134698079204121e-01
6.538119656442564764e-01
2.644908717796785602e-01
5.315798663613349184e-01
1.450795048374542429e-01
3.974180492920464935e-02
-1.432765648754059651e-01
-5.712425153455242821e-01
1.126940337377648760e-01
5.947026139472901818e-01
5.916333805255231670e-01
-8.735215999747665272e-01
-9.631646726132738756e-01
-8.209688844536062735e-01
-3.964219665541075521e-01
-5.630540504581835748e-01
9.001712813591631335e-01
-8.116837857307328541e-01
2.027894193389960797e-01
-7.714179744192286581e-01
6.648736006515449937e-01
3.423101797991372486e-01
6.199957865177283534e-01
-7.319840254021179327e-01
