2.945925318782042224e-01
-1.416647090266682341e+00
1.220655295819595532e+00
5.982025132473275386e-01
2.490482433843846266e+00
-1.031156228902325056e+00
-9.013395211638041138e-01
-1.515514956021497772e+00
9.907911776984178465e-01
-1.434261644590455465e+00
-7.315051182248859529e-01
-1.810639622609718780e+00
-4.818255052780635039e-01
-1.691376951584052379e-01
9.585221745180701192e-02
1.006569725173412477e+00
-1.800775065978430067e+00
-4.079881988217265998e-01
-5.361089852607658218e-02
3.535161414365338706e-01
-1.287408123319670583e+00
-5.382927755248341217e-01
5.081136039310739649e-01
2.719060096769542190e-01
7.149418750110367871e-01
6.036051097760990469e-01
2.336957050058064977e-01
-1.457418180542115582e+00
6.104922979137846761e-01
1.331092147187474151e+00
-9.429828778713903459e-01
1.209414032106514991e+00
9.375888033268835464e-01
2.334924509564610062e+00
1.737620361459693563e-02
4.816584928726850290e-01
-4.142465966655687337e-01
2.853240932900538152e-01
2.596307676771043571e-01
4.482400632749674041e-01
-1.434121989626843341e+00
-1.327774280752661129e+00
-5.609251718852679147e-01
-1.503115928889527497e+00
7.176016810855088135e-01
-6.133101332473081535e-02
5.132799874409516017e-01
1.154992405219970042e+00
4.568169921847221593e-01
8.713115240129217787e-01
2.808266840967955424e+00
-8.172671560762561072e-01
-1.156678761275374168e+00
-1.044759155391479899e+00
-1.522972266548612508e+00
-3.365657358609718680e-02
1.402533657476655815e+00
6.537746101247464692e-01
1.166903218292908218e+00
-1.714798973237450785e-01
1.986642850688667972e+00
-5.729763696728991107e-01
1.075896085041042172e+00
2.014965119188069753e+00
-5.265069675531666160e-01
-2.509951761892936228e-01
-7.593309878624820985e-01
2.880041815238897907e-01
-3.558657962008092701e-01
9.440531342924414482e-02
3.895599876765994951e-01
5.602089583970001341e-01
4.278989657110759959e-01
-4.257967327136328445e-02
5.609111136030621170e-01
3.596750086194674401e-01
-1.053993283639572898e+00
-7.315734833677934867e-01
-4.815740780593328330e-01
-2.247101108838747141e-01
4.887468333473504734e-01
1.012472275793909082e+00
-1.328551362231737754e+00
1.743718538725392564e-01
-1.876818128392948148e+00
-7.588460737599401762e-01
3.586638215571898436e-01
-1.555028506077613892e+00
-2.425496733795749371e+00
4.856308962256928458e-02
-2.459435112518994604e+00
-1.657678761253900679e-01
4.991506013178168000e-01
5.800725094741524535e-01
1.821033211481865255e+00
-1.372262573918955342e-01
1.733008118786861340e+00
-1.585580049134143188e+00
-8.905670951886809350e-01
-3.517510305399784154e-01
-5.731697255599469548e-02
-5.046240098799295581e-02
-7.873016011294505789e-01
-1.473473056776513301e+00
9.622773517338490956e-01
-6.963718817432817954e-01
-1.590946395286515491e+00
-5.826402190244626134e-01
-4.213407413013368630e-01
-6.347730758308516297e-01
6.864061533210297217e-01
-6.753793631215810889e-01
7.071811000059461394e-01
1.663995485089895920e+00
-7.275621529867198900e-01
-1.292567232844121561e+00
-1.050149337531007143e+00
9.343735059422538791e-01
-1.884251154984425192e+00
2.269941346357066347e+00
9.569626515615346773e-02
-7.889976344035208866e-01
-1.302626342901602507e+00
1.227226225934691994e+00
1.497447378504288773e+00
3.070521508189015814e-01
1.943794850463915758e+00
2.346316188048521933e+00
1.156456545684001025e+00
6.917314244600556439e-01
4.533931659678634984e-01
1.022454814714872873e+00
-1.160915322832785757e+00
1.999430432292456095e-01
-7.515397099180557428e-01
-7.537585562644585346e-01
-1.148703069242785202e-01
9.120900839674692118e-02
2.562153114132398879e-01
-1.174878436895262279e+00
1.905119863218715792e-01
6.077498829024149396e-01
4.259474046448141205e-01
-1.566707034190827907e-01
1.623332089309782456e-01
-2.026837430905437110e+00
1.147664830627250332e+00
1.005539858999753289e+00
-8.037742661709473824e-01
-1.575962580683998526e+00
9.572483509689303505e-01
-8.477758062696723051e-01
-9.012220687032224120e-01
2.244460749814195522e-01
-4.974893649760014358e-01
-6.192262599512519117e-01
-4.169941953369466492e-01
-6.088963204372136589e-02
1.985284466717841090e+00
-2.759747583272743610e-01
2.050183141717216440e-01
7.322411929131529273e-01
-5.055296184405981830e-01
2.781083879408501325e-01
4.211182292380079573e-01
-5.075552761336989960e-01
8.104236217696666467e-01
1.373958813257924738e-01
-3.827601021812305215e-01
-1.249952552649757465e+00
6.425503902728237071e-02
-1.321824104704071967e+00
2.307235994083709052e+00
1.222731749509853305e+00
1.174518746823943305e+00
2.857169176414967038e-01
-2.365315021070954482e-01
-1.329006881548211449e+00
-6.683769763044452583e-01
-8.403021123871756703e-02
-6.780397270387067410e-01
-9.584123246750915204e-01
-4.225679148024303333e-01
2.298268688211755784e+00
9.486226494431940770e-01
-6.682382661280407143e-01
-3.866149633212835612e-02
-6.404393315611345283e-01
-6.503921621644124240e-01
1.806551449957822797e-01
2.225531089368542048e+00
1.737544932557883781e+00
3.616786842763997090e-02
-2.403541158547726209e-01
-2.843867956170978983e-01
-8.538846398107122759e-01
2.385397849159115236e+00
-1.363306136078188402e+00
7.795902532871634705e-01
2.436718981627381542e-01
1.388373522686948025e+00
-1.422167913905082015e+00
8.785670924929027681e-01
-7.484576621738574520e-01
-1.095866964418326928e-01
-7.637335287922039639e-02
-1.189246862150162176e+00
2.608399704588979517e-01
7.235950089262573881e-01
-5.982600004377087999e-02
-1.121844577494824247e+00
-5.191132868066693218e-02
1.523180168969503860e-02
9.032922000307583854e-01
2.329352039529835050e+00
-1.289053452722006554e-01
-2.527508375611741132e-01
9.018192351811447072e-01
1.595723367134735726e+00
1.014689798129819520e+00
2.138079831023147470e+00
-1.095282440584765649e+00
-1.308966233844621962e+00
1.991214477724079224e+00
1.650744394138468629e-01
1.658698590417475860e-01
-1.022341999420969705e+00
1.769462752691891294e-01
-2.239465106038988629e-01
9.466461429442706299e-01
-1.026073008905085793e+00
1.412048161193512286e+00
-8.145335311298820269e-01
-1.209262075627279831e+00
3.877470269895998412e-01
-3.391256768420867762e-01
3.235468435155228750e-01
-6.063946097030742388e-01
2.461642731826537922e+00
-8.187339661215001785e-01
-1.008923892599282057e+00
-1.221909586787031321e+00
7.367797499525297056e-01
-1.306803770720844859e+00
5.592309087396156730e-01
-1.994935090682740941e-02
3.735231168486916747e-02
-2.269670515959610224e+00
-6.273554153948250611e-02
-1.060300337274879823e+00
-1.092653882080214300e+00
-1.226425599344284967e+00
-6.369302356985263591e-01
-2.381876882519633920e+00
4.542331528343318547e-01
-9.025437215399939594e-01
-3.034961399735145449e-01
-1.380293256446751826e-01
6.162401074973168358e-01
-2.191328364049742738e-01
-1.166786158668526641e+00
6.020967697536632190e-01
-4.228765345163529310e-01
5.937053280134509947e-01
1.095926239932099477e+00
-1.017763856377736920e-01
3.986982590821109285e-01
2.386151966047055650e-01
4.778008466388665165e-01
-1.820976278460283981e-01
1.152779718928823582e+00
-1.033778368916291601e+00
6.563135647559764640e-02
4.296884857767978572e-01
-1.337291490792037463e+00
2.068148020136082454e+00
1.478658539055626997e-01
-1.024543727206016941e+00
1.640281917520347299e-01
-3.260721677817270958e-01
-1.349478901712211298e+00
7.246357437670428725e-01
5.726736324997744321e-01
-6.974332598191370636e-01
-1.662583961625614948e-01
6.300693121024334223e-03
-3.655768891706961954e-01
-1.161943138286691157e+00
2.948246089489995891e-01
-9.277810571963774899e-01
1.471338206765600287e-01
-6.502785571143423482e-01
1.318385922023433965e-01
-9.073697629949971644e-01
6.110610633058576324e-01
-8.727397102006416718e-01
-1.550836982296408317e+00
1.302003079728966117e-01
1.286580648474081878e-01
-7.305256046352746058e-01
1.111301748740380457e+00
4.090616333575428087e-01
-1.081094498386587333e+00
1.210867504295922270e+00
4.954090558912607745e-01
1.509294940301211252e+00
-1.612770984025484911e+00
1.065355037909328395e+00
1.869634257879257688e-01
-7.240853636496050738e-01
-1.323450515128273386e+00
7.572088758602604219e-01
-1.083447807040763156e+00
1.122719568947158075e+00
-1.116242690989714070e+00
-1.870645101482133754e-01
1.110457383543606902e+00
4.857959918125962506e-01
6.615095518003523134e-01
2.021995983483135251e-01
9.858021626410122806e-01
5.084874991181967951e-01
-3.359534495622230610e-01
-1.744378346111796763e+00
-1.334622116838689587e+00
1.392637246695276054e-01
3.670492999602541911e-02
-1.222769104199251389e-01
-1.066894902976345039e+00
9.255390985942757442e-01
9.738941264004622456e-01
1.588012393262185629e-01
8.169032207733073481e-01
-8.697017111678236878e-01
-7.006786182451575362e-01
6.610834132855809564e-01
1.004820431248155232e+00
-8.539061717917723060e-02
-1.363043200492022877e-01
-2.037334119675822119e-01
4.278082806874405203e-02
1.898252970988188737e-01
-1.208032574697232298e-01
2.896235012329802516e-01
-5.881436138222556620e-01
-1.569432469899614269e+00
8.198678968992768601e-01
1.267492806072036293e+00
-6.243755786246755202e-01
5.010364232100128490e-01
-9.176057693476781518e-02
3.308579022076487131e-01
-1.665772194610370127e-01
-8.708084123665145171e-01
-1.781287554470939449e+00
1.490621464163394361e+00
5.085280978136984542e-01
-4.022807473085256436e-01
-7.464919949811157918e-02
7.849298005640827913e-01
4.681048740600999292e-01
1.125820204421940973e+00
-8.419419441220431510e-01
-2.494871694982285781e+00
-4.704478771094128819e-01
8.827471059800742204e-01
-7.657332659072038084e-01
-3.827755466553200425e-01
-1.937354739831247397e-01
8.003443766658172587e-01
-6.440185833104516977e-01
1.228959950684363145e+00
1.326233182802754595e-01
5.116837114504241973e-02
5.629574113411991432e-01
8.312404261517986059e-01
3.795356032153425208e-01
-1.054823372927404135e+00
3.400082114574843883e-01
1.844279473927960877e+00
-1.931601971399771467e-01
-6.245891107434557998e-01
1.103873844649653352e-01
9.056766603209691624e-01
1.386784549518957910e+00
-3.878002655752836314e-01
-1.552945299888315756e+00
-5.339714123265185686e-01
3.874969984306650961e-01
9.895518428155128943e-01
-6.630576254226816513e-01
5.648027850733106092e-01
1.090113123420938690e+00
1.271213081466744166e+00
2.460540963227015321e-01
2.755698413364389143e-01
2.889844821890829585e-01
7.963628164283590438e-01
-1.559845456561201604e-01
9.519049021631990071e-01
5.491401074793240689e-01
8.591001042717587299e-02
-1.591584985678247965e-01
-7.508214108713932022e-01
-9.481443826825594057e-01
-2.969489717610929724e-01
6.004928638903378468e-01
-1.848554120927976774e+00
9.998646497408915090e-01
-1.807295055419713137e-01
-1.366835481863473811e+00
1.554365163890975676e+00
-1.064862349389606930e-02
1.593838862150243341e-01
3.048278942742683739e-01
-1.303304851646748475e+00
1.344267785824759143e+00
-1.430340047175758134e+00
6.402728682752616418e-01
-1.912785130693162694e+00
-1.929775657975457914e+00
-1.278466642981543444e+00
-6.341841634444571607e-01
-6.669894023007771032e-03
-2.977346852310676639e-01
-5.990756868874888008e-01
5.308006056958476382e-01
5.988929068771957631e-01
1.735397565626237704e+00
-5.454132899210950569e-01
-4.996788670299151525e-01
-7.799286217094827389e-01
1.394388583994764730e+00
1.035792692913943824e+00
2.955710258598808204e-01
3.950370284067363791e-01
-3.816097817162191208e-01
-2.496597373058931091e-01
1.241809442930565721e+00
-5.428782856592658801e-01
-1.084999748018407928e+00
-1.634407291134345241e+00
2.074033946242216597e+00
-3.756386346296980427e-01
4.445967397140658250e-01
2.358678385790121457e+00
-2.478239195552583291e-02
3.953948237659952181e-01
-3.128738307821726794e-01
-8.600232157348323137e-01
