4.160900430255509708e-01
1.747750937938378435e+00
1.916545958118855753e+00
6.145604279715890517e-01
-3.240022437560285962e-01
-1.163002164288581497e+00
-2.692359106737401975e-01
-7.224822330327553832e-01
1.404272342658492434e+00
-1.644303420591136877e+00
-7.774762401242368837e-01
-2.164079189717613705e+00
5.385147565587738994e-01
-1.775569963446188115e+00
1.384485549396839321e+00
-8.384322469528624477e-01
-4.634302179675205968e-01
-1.094442460313457044e+00
-8.367143066532123363e-01
-8.067963893027614297e-01
-2.350703993738629261e-01
7.600729527537997132e-01
2.050802176993635761e-01
8.155260719672152714e-01
-1.717316006655381644e+00
8.795314848327255852e-01
-5.887500801875070744e-01
-2.062115041330494947e+00
5.960741690967190642e-01
1.576433156655578260e+00
1.177556696870448061e+00
7.525594296236423064e-01
1.702949641329485342e+00
3.041020981429838899e-01
2.576947087957412119e+00
2.128059334973865901e+00
-7.511825156319282826e-01
1.793995927509028476e+00
2.143195610371506632e+00
1.382688706615319729e+00
-1.471888800666235175e+00
3.322936450683112497e+00
-5.042097959555998099e-02
6.817240149669583360e-01
1.217190905117502719e+00
1.426631890127872726e+00
-3.883837386564122918e-01
1.319799643731722094e+00
9.721608521458492413e-01
1.153083354368244828e+00
-7.767872032901333990e-01
-2.010052284428954117e+00
8.253539033939980563e-01
9.230310771353433807e-01
1.067240776257398327e+00
3.466865725735902570e-01
-2.816093154026635847e+00
1.702181978937055140e-01
-1.329299170422951537e+00
-3.833984752918144778e-01
-2.153228527459555952e+00
5.675873480066128129e-01
-2.971397060952738478e-01
-7.208957084200268151e-01
1.385074735066232909e-01
1.534759633264073164e+00
9.506617896837545878e-01
4.681351324999394325e-02
-3.466819732603048543e+00
-7.220296513685852124e-01
-1.899414130632622211e+00
2.165923702448522836e-01
-1.807673344129753223e+00
3.109941765114629386e-01
1.590506420625503070e+00
-2.553236612476742717e+00
1.957380497902310723e-01
-4.034452087135285137e-01
-2.297128992504422929e+00
2.795246398742937011e+00
-1.754822182111017037e+00
1.482140459340313687e-01
-4.489000522245966129e-01
3.877411304518848301e+00
2.002211032041016914e+00
2.005456044679211125e+00
1.987538736824315255e-02
1.730496382230990005e+00
3.012121065955298826e-01
1.076485896253785990e-01
-2.277012154904639318e-01
-3.106194887891322587e-02
1.117848456559324744e+00
1.668489349542456868e-01
-1.945470858147221316e+00
1.649956903021553289e-01
1.699538128777641210e-01
2.279421160734326435e+00
-9.041810002796953905e-01
9.055174975696744788e-02
-1.232658948409960931e-01
-1.709605937304392365e+00
1.346974291587634820e+00
4.890904078082995987e-01
1.335328474090775153e+00
1.730112448895025246e+00
2.095930450562460301e+00
4.067630310291853180e-01
4.911022245396786667e-01
-6.285966137695608857e-01
-1.996367446793320122e+00
-1.301827909675090433e+00
2.265713410032386133e+00
-1.508260774483738409e-01
-2.293088482722209775e-01
-1.517593686059336422e-01
1.729472393742956360e+00
1.692723621099877285e+00
4.206598468752871800e-01
-1.165486601417599299e+00
5.891955102102337527e-01
-2.572485194484412485e+00
-1.472824393195518056e+00
7.784811512971834269e-02
6.247472167797402109e-01
1.326793970379590126e+00
-1.028414484616735125e+00
-5.225444649949791964e-01
3.394424600711141160e-01
-3.891943423605757624e-01
-3.575004243134584647e-01
-1.310953979378495227e+00
2.942032708334580082e+00
-1.217113243090500951e+00
-2.132595278435873709e+00
-1.515201923751377244e-01
2.616452528118759613e+00
-1.395690828679974071e-01
1.570069709171566963e+00
-4.831453776999997674e-01
-4.232625236260770252e-01
-8.295699457148335565e-01
6.784561505964231687e-01
-2.526393596463367253e+00
-5.263563139485671893e-02
-4.738086630796080612e-01
3.681299979240372000e+00
-4.593643536142129058e-01
6.205272812847140163e-02
8.090315477188363413e-01
8.510994861145003698e-01
-6.410034483560375085e-01
2.550399017646347133e+00
-1.682063791288990195e+00
2.407275981057572511e-01
-3.951330135761366158e-02
-6.739889627891477719e-01
3.075492546259588345e-01
1.376882682774813293e+00
2.973406897446427832e-01
-3.587339548227097552e-02
2.369187523434155729e+00
5.538822936802495489e-01
-4.535053956003467501e-01
-2.147915593009124713e+00
-2.209163688179135443e-01
4.576899975128895237e-01
-7.782416487090895729e-02
-8.917116007267549271e-01
6.850758384533889300e-01
2.784988768864784525e-01
-9.728095756672610062e-01
-2.399900191621555656e+00
1.175412230364036636e+00
-6.240895841463287574e-01
9.056265255930755487e-01
1.311039664143021088e+00
-5.788178414142785000e-01
5.274718230578839817e-01
-8.300487613313506374e-01
-2.705924544100537066e+00
-2.096046936362439439e+00
1.537450940233220820e+00
-1.494996863076347937e+00
-8.304964110975432412e-02
8.059978366950882878e-01
-1.855872160133548610e+00
2.935347002854341580e-01
1.863094939887897539e+00
-1.784063138613991573e+00
-2.261050271296053182e+00
-2.236246220762702741e+00
-1.878112552584028538e+00
5.663964907241592073e-01
-6.093784661377050771e-01
-1.121807129441564577e+00
-1.342244782038137796e+00
7.610088893492809037e-01
1.347075060888262232e+00
-1.153779454633268725e-01
3.461759826738242674e-01
5.397522870644206883e-01
2.908052280287687363e-01
1.054007113715617949e+00
-3.451882940104186726e-01
-2.522127407702893009e+00
-2.463151673539189623e+00
-3.130405476993102010e+00
-4.295585666509790790e-01
-5.152231992003047933e-01
-3.260132248705080560e+00
-7.233747893386988093e-01
3.011472746927817301e+00
9.311522918265091597e-01
-2.595386364047653771e-01
-6.463100653389663997e-01
-2.491874893164232052e+00
2.155848544938687716e+00
2.141918202622582257e+00
-3.810826213119038464e+00
1.699962117254505412e-01
-5.379708287857661864e-01
7.018034435473141652e-01
-4.313414889330782209e-01
5.759596977962642139e-01
-1.754625860250157432e+00
-7.835920079539528960e-01
-2.458630040094213598e+00
9.408975854181790277e-01
-6.481051616790447500e-01
4.336696100398320097e-01
9.380780981759798687e-01
-3.656892791259065967e-01
-6.690484114488532974e-01
-7.517006409278151891e-01
7.748164115145483866e-02
1.105471681585991212e-01
-8.373633808113974952e-01
3.176314457781800549e+00
3.298320454810538482e+00
1.470392437728524904e-01
-2.017712127023362889e+00
-4.937610505645108061e-01
-4.089670586133641317e-01
-2.288861033563696967e+00
-1.072471101081657441e+00
-1.687441377716042634e+00
-6.872854445119813693e-02
1.619907086104743987e+00
1.365124529202563775e+00
-2.090465309932558746e+00
1.524833563851423435e+00
1.017548902394066479e+00
1.804019789755885173e+00
-1.821732258123172965e+00
-3.482379638396961852e+00
4.872967675103875296e-01
1.128945870356161674e-01
-1.271277192638335274e+00
-1.964229391723069096e+00
-6.432632249880951836e-01
7.876863229653756626e-01
5.877356529709175659e-01
-9.854429687705749119e-01
-1.009916666476879055e+00
