4.005926693590166066e-01
-1.605450220909153014e+00
-2.543862003452870280e-01
3.511175108017616231e-01
-1.047460235435248466e+00
-2.445029866479746516e+00
1.422051773893422855e+00
8.899014032141074892e-01
7.881226251800967919e-01
-2.019213737920163343e+00
1.718310928128586212e+00
-1.466190678945089365e+00
-1.181148699756974896e+00
-2.445151880181921200e+00
1.533169188576878117e+00
-3.874954293327948496e-01
-1.123018552025639716e+00
7.744360496594722143e-01
1.446685729788048658e+00
1.310298090080063149e+00
3.128755056189835848e-01
8.772067035595521034e-01
1.673031803445744314e+00
2.612813698120084460e+00
-2.555762304319142864e+00
1.079144045990598544e+00
-9.848127627816558594e-01
-4.040556695436127721e-01
1.980033524900218111e+00
-1.183233802605356599e+00
2.489218454291252658e-01
5.441306124033542524e-01
3.940840610778462150e-02
7.524413261629331329e-01
4.307790056955180247e-01
4.123502166208015129e-01
5.614437872599012946e-01
-2.427170009218749147e+00
1.979087531563139768e+00
2.686243000953444371e-01
-9.159747015148820282e-01
-2.388486828410689267e+00
-2.631897212942303499e-01
1.726068883779551810e-01
7.596508535543250451e-01
-6.478514618004573844e-01
-5.168753930078731074e-01
-3.103434948109162761e-01
2.016534984379451667e-01
-2.008438617695141107e-02
1.374714849451451393e+00
-1.243301547738711488e+00
-2.205065803283562609e+00
1.399913759364085797e+00
-9.793574118797202521e-01
-4.200049209635901004e-01
7.904559230198677788e-01
2.414818547596955245e+00
1.617210301411579287e+00
8.830997599218104455e-01
3.845295177055284563e-01
-1.167903491044608444e+00
-1.036140586244349127e+00
-1.918319625796173489e-02
1.432032132167375682e+00
-1.402302944445133370e+00
1.452805575867428534e+00
7.701905264318325006e-01
2.696387153434176565e-03
-6.247173479729066781e-01
1.468618615594469823e+00
1.024853050050951619e+00
-6.230560678568941579e-01
8.766245866944964993e-01
-5.683913250548007223e-01
-8.483705430581288676e-01
-7.192719591764691334e-01
1.038208575211612583e+00
-1.502508755375735694e+00
9.298711545319513494e-01
-5.023962093716474175e-01
1.157432472237665544e-02
2.118911523869129176e+00
-3.979072198596632859e+00
3.079289312552220714e+00
2.758152421821149503e-01
-5.468966556446529514e-01
1.777055098274697320e+00
-8.794616202997669330e-01
4.159822931904678112e-01
-8.425416382872756849e-01
6.685767892471651264e-01
2.136021800736394916e+00
-4.208072192241777976e-01
-8.323772246374379069e-01
-6.830566440648647486e+00
-3.805426259154287116e+00
7.696084771566931160e-01
-1.148511000164950779e+00
6.170773736433941004e-01
-1.526819050508032127e+00
9.659543964135882677e-01
2.018807729742743362e+00
4.605221752744233510e-01
-1.470834743473077300e-01
1.416397583156527418e+00
2.699494949217650763e+00
1.741988463981485991e+00
-4.025868643074199227e+00
6.136331655809681429e-01
1.137123786113311219e+00
1.932011322972398082e+00
3.656198933431220599e-01
1.820874196746848916e+00
9.951939982402345786e-01
-1.518894351105094964e+00
-8.843912966027231981e-01
1.553418370440423357e-01
-6.462854611439529107e-01
-8.306001739559398800e-02
6.693083196222231468e-01
1.029236425818749412e+00
1.632972652834579597e+00
-5.558337500754777505e-01
-3.804870745685808853e-01
4.964119033079850141e-01
1.091175420237393778e+00
1.378193214628702146e+00
1.633048429961090897e-01
-2.522478229298915853e+00
-1.767123745710354576e+00
-3.442973057017595373e+00
-8.732862471556155359e-01
-9.534292647586332936e-02
7.888656581519966071e-01
-1.485628615678756814e-01
-1.087666638137988917e+00
3.964525254730435933e+00
-1.165308272198736228e+00
1.321035737281256894e+00
1.365765521783570247e+00
2.976749745401628733e+00
-2.745993158915695620e+00
2.443584149515571902e-01
-3.982612758145004372e-01
3.450287385410668595e+00
2.876516394353584083e+00
-1.290483712943659933e+00
7.188733030743050811e-01
-3.854396324431910714e-02
2.447726880245904568e-01
8.535691394976014923e-01
8.513668772913822735e-01
7.232289106866010009e-01
-5.205151081304572047e-01
-1.349690885028825615e+00
4.927184378400719655e-01
-4.687200328107161695e+00
-1.087597941337853591e+00
1.238713049902237850e+00
6.777256285220190080e-01
-7.761715738954653165e-01
-5.792699939602143910e-01
-8.089325876217244859e-01
5.563818344257778215e-01
4.373923333852476336e-01
4.655038064691006117e-01
1.696902260869079582e+00
2.596367163141443779e+00
7.556742713102843068e-01
8.385785687045878012e-01
2.133056886079039982e-01
-1.860015053724212164e-01
-1.154274914847037925e+00
-2.878275020020044650e-01
3.706667304367914806e+00
4.586228399855349913e+00
-7.413703445037435058e-01
-9.456850284198842216e-02
1.117664142126268967e+00
6.126152971956644322e-01
-7.116251376615181368e-01
-8.916654799017977862e-01
4.635290871791965944e-02
1.456225647745386764e+00
1.565847789256105127e+00
5.199607486301316417e-02
-2.275206487665802690e+00
2.073742762769313908e-01
2.164887792515137743e-01
-2.792080175978328138e-01
9.992349221543894711e-02
-1.097609973789547499e+00
1.428818998218441605e+00
3.783557438335724221e+00
3.182815171117685527e+00
-4.609494241431775219e-01
-1.022044993913524547e+00
-2.322115745136291487e+00
-5.719095632337547475e-01
4.417346925283377468e-01
3.074849258124365381e+00
-3.948368508072747085e-01
-2.035662333043712358e-01
4.480852891964400841e-01
6.887574817365766933e-01
-3.270125833863575249e-01
3.011588892578380694e-01
-6.820104436700455963e-01
2.878338447505752296e+00
-7.726295886601065588e-01
2.713045644515882371e-01
-4.509197956452469791e-01
1.410258922686462024e-01
1.392935451350490184e-01
3.143786253737286707e+00
-1.238467117470471557e+00
-1.359589581824329318e+00
1.673453307251021815e+00
2.098848265948419556e+00
-2.755266326446430547e-01
-5.682823961138276925e-01
1.009315784269164906e+00
9.128547376967357518e-01
9.322122691446340648e-01
2.580650241304147108e-02
-2.439129523644610886e-01
1.695429065173004179e-01
-4.931201305652389011e-01
-3.526989059187304321e+00
5.242903024835912085e-01
1.460969932106782609e+00
-3.870563920029611582e-01
2.468207929393573807e-01
-7.133932962993383420e-01
2.734068804312472234e-01
-2.649921984878161885e-01
-1.107937067333105707e+00
-5.407355330198592158e-01
-5.691188472590796854e-01
2.312188449912205845e-01
-7.657215209774854703e-01
-1.495761156039259188e+00
-2.534491751004709137e+00
-1.334685190288581458e-02
5.111803901597272715e-01
8.093705470070837737e-01
-1.913744597235344513e-01
1.862113206429866885e+00
9.120342185427068316e-01
3.010938443053863267e+00
-6.516151716000507799e-01
1.550039295288799579e+00
-1.116213552060078218e+00
-1.744820383876802605e+00
4.378758973535479826e-01
1.220373803778528332e-01
-1.348552660766603850e+00
-2.765460780668237417e-01
7.098968886336218809e-01
6.268071125395828780e-01
8.058689712484145007e-01
-2.733606115737145514e-01
2.675226024744298048e+00
-1.111319172147175571e+00
4.809323948995781750e-01
-1.382294471556540172e+00
1.469691277140793728e+00
1.265225831811269963e-01
-9.031598770314255842e-02
1.665605178065442171e+00
4.120083338924331318e-01
1.250944605848704372e+00
5.585522084262211084e-01
8.083530606243733985e-01
9.944770372250225643e-01
-3.309846165766152204e+00
4.669296845382175931e-01
-1.569696092986779590e+00
2.235223129664128117e-02
8.608632581440021081e-01
-7.991435934043294997e-01
-1.720288984605600202e+00
-1.476020541824454302e+00
2.194550752928523973e+00
1.934543828815471767e-01
1.886213593991536985e+00
1.428085536471743362e-02
8.651803014976675588e-01
2.315624161003295989e-01
-2.508866776349865990e+00
5.717428672532007816e-01
-8.303829526408110229e-04
1.391070985938631654e+00
-4.039262076566259019e-01
1.817432923257323030e-01
9.328997724041969697e-01
-3.439872628320978176e+00
-8.185781089987675951e-02
-8.728372070286698481e-01
-1.321756401314718721e+00
-1.103995742866336283e+00
-9.946527189262928392e-03
-2.558760514623485971e-01
-6.921815718858189692e-01
9.621181378410598173e-01
-1.491282477146210761e+00
-7.116631253773161303e-01
6.867449169130518394e-01
-6.458161172925460658e-01
9.320112121460655263e-02
-1.177197284657106158e+00
1.052641088607169539e+00
9.389772120552444257e-01
-2.295838311983883440e+00
2.002147205223671289e+00
1.401918605474815838e+00
1.530141856854851490e+00
-8.820739174319285336e-01
-1.873673482795938705e+00
-4.157010251213522634e-01
-2.065780731936198933e+00
-8.743293616971486992e-02
-1.235440160514257535e+00
1.735184218023923419e+00
1.917857539281296653e+00
-2.260092180119836591e+00
1.012437482962266877e+00
1.608134629435805429e+00
-1.378055904888586314e+00
3.707555467940825134e-01
-4.006160827725209206e-01
-1.148956827036392347e+00
-9.309458143116350337e-01
2.758156842340921955e+00
7.219017853438647325e-01
-8.667069679807667404e-01
-7.835282666501846016e-01
9.058951878031689109e-01
1.263295188989098650e-01
3.026797550325564856e+00
2.534878368331296983e+00
9.596855130939449530e-02
-2.389367907536350089e+00
-2.611686232316165146e+00
2.182741942306656857e-01
1.439225242584888154e+00
5.992112877988976516e-01
-1.385571556717517749e+00
1.826013657265020407e-01
-9.692858934174242158e-02
-9.245958192704279988e-01
7.623441369707983917e-01
-7.114186094091923263e-01
-1.707463895934166198e-01
-1.785721027368031288e-01
4.353073314174664143e-01
4.235545511373439709e-01
1.193409615545887092e+00
-2.274893843379533376e+00
-1.359932911043323811e+00
-2.190860014047457227e+00
1.388840665550781228e+00
8.391914751634639291e-01
5.644563066663226270e-01
-2.219777652273691171e+00
-9.144753046551766518e-02
-5.028073955028277142e-01
3.555486113092303668e+00
1.444310982683566724e+00
-6.224006954193597174e-01
2.734817091054239091e-01
-2.200455979429185790e-02
3.042089060196081274e+00
-2.603585656427310990e+00
5.260679408175572114e+00
-3.514596603001646224e-02
1.876710114457751377e+00
-5.281043329798608132e-01
4.223407504959722503e-01
1.484384762333302188e+00
-1.993221846685488963e-03
-9.967789037688039588e-01
8.667315059194909965e-01
1.364403748421004980e+00
-7.667786644770637761e-01
4.065138115878181302e-01
-1.719046881966893592e+00
1.483888809291785460e+00
6.979052045435982787e-01
7.294712295572161609e-02
4.766452874812506790e-01
-1.461490194875132209e+00
1.186790471905228461e+00
2.016504477221458203e+00
7.794392664014699879e-01
-2.047074290521001760e+00
-1.937697600416767640e+00
-9.391129689612460751e-01
-1.408404144452752194e+00
-2.446137005013482302e-02
6.311334139489727102e-01
-1.763674087596058593e+00
1.829784834704187846e-01
-2.956565231561210982e+00
1.797911012602741998e-01
-4.881944479601749709e-01
-6.913924270345594980e-01
2.572050864734428677e-01
1.380368185849127460e+00
1.001749585753038962e-01
4.429642183661319788e-01
2.746091790663834908e-01
1.710566187811120464e+00
-2.377272659317171577e+00
-2.903378286033157174e+00
-9.279808112670057119e-02
-1.834243709841228309e+00
-6.252979597061746331e-01
-2.068880505890710708e+00
3.524579410898902587e+00
-5.231790253291545012e-01
-5.470571593322957060e-01
-6.247300451945896338e-01
-1.040216414084434549e+00
2.076562209658345814e-01
1.492331569972499272e-01
1.212601471341513415e+00
-1.671430855762892964e+00
8.521046396390438704e-02
5.601812711779877718e-01
-1.224207470588773994e+00
-5.653164714909064692e-03
7.898302357337739776e-01
1.807082301007176151e+00
-1.091248539255432526e+00
4.913952543558753328e-01
3.474450732747360604e-01
1.147860769595357988e-01
-1.302208093062454886e+00
1.982450133743609566e+00
-1.459277040570449380e+00
-4.549197116805997254e+00
-3.475294674508586645e-01
9.293473080524108365e-01
3.011539441835306419e-02
4.325901345230902528e-01
2.669132935336312462e-01
-1.907286007369866643e-01
1.333625937573768239e+00
8.307349140663506937e-01
5.095692346629612235e-01
1.261200321199466234e+00
1.867910620646104469e+00
-1.016497208721724110e+00
1.372520708532488420e+00
2.560452234975948205e+00
-5.800872324344572561e-01
1.349281571467183083e+00
-2.376273971697694387e-01
-4.026184354673683963e+00
9.561752647146858353e-01
-4.681111084774073339e-01
-5.371265509811373740e-01
-2.445414784151871412e-01
-8.269960107728437926e-01
-7.658501163921258570e-01
-7.307711485295086129e-02
4.447173757066973931e-01
-2.641618809752060634e-03
1.396172408344075189e+00
-6.853628488591449741e-02
-5.687907909977261145e-01
-2.151893746415755315e-01
8.307405913621600524e-01
1.066308839882290416e+00
-3.526804851115278971e+00
-8.514039085812366014e-01
1.978303508583374892e+00
-2.447465409999654895e+00
-1.065630683406711965e-01
-3.207807083492531408e+00
8.279920262507126649e-01
-1.244214895777411289e+00
2.100453772912741490e-01
2.039608638141510610e+00
5.525806360107310411e-01
8.776295076894601310e-01
5.954038411835799183e-02
4.481383737288595626e-01
3.460561295626378264e+00
4.547259009162162302e-01
-2.210188217674896816e+00
-7.555067039934811879e-01
-4.865884811795165299e-01
1.484192147229738135e+00
-2.479526058623466866e+00
-7.643609282178402964e-01
1.370103909062126757e+00
-2.450819221496975509e+00
9.732511147402266305e-01
5.786426117834095884e-01
-2.373455689200705543e-01
-1.776955586869953141e+00
2.913954146388205713e-01
-2.991154280584937819e+00
4.219012809742597736e-02
1.017245464503397256e+00
-6.633278440596617198e-01
4.504745206232096955e+00
-4.513406266660254795e-01
2.012325023417271819e+00
7.610116532472258610e-01
-5.652154847206645183e-01
1.828152950721480874e+00
2.710947694901996163e-01
-2.747979750544089494e+00
-7.027105518144625140e-01
2.222554977977302115e-02
-4.196219578451494403e-01
-1.951930441062905697e+00
3.058591368880045902e-01
-2.578950857195690283e+00
-1.153000737571370893e+00
6.749571780109315799e-01
1.173313430601998553e+00
-1.143846861950384541e+00
2.569701074198183388e+00
1.811634724713503397e+00
-5.584802759008835604e-01
-7.591424048887044362e-01
-1.050799116623199136e+00
1.432235884662554248e+00
-1.066998624548804342e+00
2.095827274384813865e+00
-1.778572549266911107e+00
-7.424147599838973322e-02
1.130601370402251282e+00
1.964646096376257423e-01
2.247759657005639067e-01
1.185559903553370820e+00
-3.583427275777159027e-01
8.359446400375630803e-01
-8.305300088736677910e-01
7.272147209935397871e-02
-7.522823690618115622e-01
-2.503359992617648633e-02
3.930857577787852386e-01
4.093034322262287250e-01
-2.733803278693964223e-01
-1.819381923563331060e+00
6.922109432717590827e-02
-7.414825151070263409e-01
-1.866333989495736478e+00
-4.803934613642452667e-01
-6.740026857077578704e-02
-1.277144452729743307e+00
1.747494843592135139e+00
-1.043203362912226373e+00
1.720010829298428856e+00
7.278651306501104923e-01
1.278575913147502741e+00
-3.367357891765057620e-01
-2.572871382944383889e+00
3.155173272663212014e-01
-7.020631942312738349e-02
-2.829521807311537351e+00
-1.815315492416651466e+00
1.779378392563430999e+00
5.125676178387943427e-01
-6.319825122848288235e-02
-8.051475583124750868e-01
-1.904457183210644722e+00
-4.964363634829043193e-01
-9.045682961368246566e-01
-2.033960219060794383e+00
3.148037883268783865e+00
1.303110546894190147e+00
2.172806013395955915e-02
-4.770503564071560954e-01
4.439060338842696907e-01
-3.448153054203309531e-01
7.909435158263870003e-01
4.796193794052490134e-01
1.222587978587917679e+00
-9.334764266772695995e-01
-4.046736639337569663e+00
-2.565866264766648364e+00
-1.117802831188793172e-01
-4.259351165993071064e-01
-5.000373663108808042e-01
1.217813184029330476e+00
-1.669395531655730736e-01
-3.063005552452153335e+00
2.441298969654830398e-01
7.647632057609599077e-01
1.641679494884211277e+00
8.918679529569344400e-01
2.143359431665466719e+00
-9.455046656434015206e-01
-1.632296826361520070e+00
6.860267907624441053e-01
8.888157674195821256e-01
1.484867683348410683e+00
-2.840448592378082560e-01
1.083126906287595226e+00
