1.185688134134647687e+00
1.428136604187432823e+00
1.395682499344304439e+00
1.920415981384151927e+00
4.229092966337411497e+00
3.607160162768035416e+00
1.025967949019324976e+00
7.157989651288202637e+00
-2.491547669872903548e+00
1.273375224466382072e-01
1.670703015308848460e+00
-1.511406036055054525e+00
-3.908511429863074316e+00
-4.614841644779509977e+00
-1.963662266019378322e+00
-7.218316104786723031e+00
-1.768964882635951863e+00
-2.818192035813101626e+00
5.412792035434636162e+00
5.154312342578465156e+00
-1.760624888481040040e+00
-2.939197198239096864e-01
1.122947465022797520e+00
3.239445485834935745e+00
1.122034563260490669e+00
-2.720303894076585571e+00
-4.947633120039731658e+00
-6.566519052620171770e+00
3.319226581831430378e-01
-1.027270525627881792e+00
1.219504273365995761e+00
3.858140547813862842e+00
-5.633353274137040678e+00
-6.065730317135811234e-01
7.808213202138534204e-01
4.393414733939407846e+00
-1.022968432470596989e+00
-4.064277673307559180e-02
2.408325716742911737e-01
-3.673643172993318995e+00
-4.714145584701956437e+00
3.099635348286657432e+00
1.033316110847161573e+00
-1.937668632076333219e+00
-1.108550107635800641e-01
-1.488277699802517118e+00
6.315593987429791722e-01
4.255057097643319963e+00
-1.329151114580864324e+00
7.798509791326520002e-01
1.223956794483179733e+00
3.223453711323269744e-01
4.001018352597567329e-01
2.663784508157549524e+00
7.271630828359803900e+00
7.713471611528777139e-01
9.278982329150133879e-01
-2.243331052551994498e-01
-3.785864896074126129e+00
2.039888734735715303e+00
-1.133804764860378844e+00
2.521534336295636614e-01
-1.066554363157503849e+00
9.361539445794800685e+00
2.713418603763979142e+00
4.296227227054501441e+00
2.178602636517033897e+00
-2.563545746664313008e+00
-4.630653082137571985e+00
-1.730191009248841283e+00
-2.626516388432964533e-01
1.314506602225403054e+00
2.292809524829840129e+00
8.780077396303333614e+00
2.161072620194988136e+00
4.035448586341326305e+00
-7.371319174367098048e-01
-3.341052017477601055e+00
1.636479377840779126e+00
1.858006584868616695e-01
-2.202798776723165375e+00
2.040897913371381378e+00
2.714340051355295103e+00
-1.210149628745501582e+00
3.375433903929152546e-01
2.650823201831434162e+00
1.007150813415780721e+00
-1.919298245156887961e-01
-1.644202881356793711e+00
3.377178949906978644e+00
-2.198075977488398447e-01
5.067459537414584325e+00
2.767002033103682646e+00
-1.229195172981347284e+00
-2.495598920946934474e+00
4.996902426376214734e+00
4.711914667420948888e-01
-3.170975696807838418e-01
-7.406891037339743411e-01
1.380235347646290522e+00
3.067943810516253755e+00
3.813985821791100683e+00
-2.232001104976743200e+00
6.158728749287562643e+00
-4.025846030458286040e-01
3.201435697805115055e+00
-2.312759169451328312e+00
2.766648062940738839e+00
-3.536629027425369998e+00
1.993068719551335910e+00
-3.280933808248016614e+00
1.774084786174009221e+00
1.674349354939665968e+00
-4.656258042876343595e+00
-1.043935561709523618e+01
3.204177306646264878e+00
-1.186422358920827369e+00
-3.454688841058946913e+00
9.415690371410899706e-01
9.556707081138284821e+00
2.892545855193423776e+00
4.993983015554922744e+00
-6.292399097528369900e+00
5.379380620560295645e-01
2.932331947285216955e+00
2.441143734027733103e+00
-4.061360758544863003e-01
4.924411030138889922e-01
-3.457826228150788772e+00
-1.398485303755942377e+00
3.566015875788406397e-01
-3.616420511414412342e+00
-7.711702253084971037e-01
2.136876559250231455e+00
9.946549016232459905e-01
2.330004861678203198e+00
4.766103171046420783e-03
-1.245691816865684975e+00
6.530945152034910439e-01
2.930942088999031192e+00
-3.287725204933955148e+00
-1.200738536060141692e+00
4.522991933465311476e+00
5.345541169214750532e+00
-1.275227498960739059e+00
-2.857196767299997830e+00
-6.981198441576070834e-01
-9.231279919596131478e-01
1.817267518389810821e+00
-2.793996202062914325e+00
6.046782004500328433e-01
8.304001411608747940e-01
-1.019709919422399480e+01
-4.806671832334993510e+00
1.320102832279730132e+00
-4.409242388927114398e+00
2.544546949870082564e+00
-1.389816775864083587e+00
4.932372419972226751e+00
2.375023117530570715e+00
-2.437615506302146073e+00
-5.845145909955704600e-01
-2.060665382622982822e+00
-8.796208439096652398e+00
4.999936283577505192e-01
-5.201510354105356448e+00
7.547762259360369264e+00
1.720668541382174954e+00
-2.855428703952044511e+00
2.873811831185248522e+00
-3.651104227216392051e+00
-1.075559177279955758e+00
1.467333003495022492e+00
1.951785289588988670e+00
4.524303985803107553e-01
-7.953589221474450799e-01
2.286879433288487196e+00
-1.459693466037241150e+00
-8.422884769391618676e-01
2.931937872044020565e+00
1.691868231624626073e+00
-3.048257381785876241e+00
4.092699455932784502e+00
6.511044845436728679e+00
1.791454331747197593e-01
-3.218079899424395318e+00
3.462825854320904284e+00
-5.936831619615767330e+00
-3.583383250004647191e+00
1.958282709387975995e+00
2.091477825521757872e+00
-2.809999393802061540e+00
2.069628668839816221e+00
-2.574287716967919248e+00
2.639856401339202741e+00
1.025027990915253540e+00
6.593358512442605068e+00
4.074310345340848016e+00
-5.125048533869031031e-01
7.968629182153468271e-01
-2.993676347058012777e+00
2.554784029437039194e+00
1.106116649547073560e+00
1.322503201532506889e+00
5.850578846606623307e-01
-7.364630317724697228e+00
4.782033756893286913e+00
-3.846309904093899945e+00
3.450730407682713441e+00
2.102094634187939182e+00
-6.327717566964929041e+00
6.560173232970066159e+00
-2.573261967443877474e+00
4.656158917574503064e+00
-4.179784308267761261e+00
7.017171045721939393e+00
-2.317287697150316461e+00
5.584195575248384280e+00
3.177951633897224681e+00
1.157738386704087796e+00
-6.099230560776534915e+00
8.273230223935151839e-01
1.787916523637667066e-01
3.280657027535416326e+00
4.599133514689635049e+00
-3.760307508855334824e+00
6.077007162202399115e-01
-4.214904978886553355e-01
2.805682635410185366e+00
-8.885991212056993938e-01
-1.806555404624017314e+00
-1.371630408189958672e+01
8.021046794297831184e+00
8.795128916337169311e-01
1.113169622098524325e+00
-1.530508924195199905e+00
1.248362810303893511e-01
3.226846924152457330e+00
3.791816248451032934e+00
-2.651293738182705528e+00
3.071465133327953012e+00
-4.212692374562335473e+00
8.017302131551122812e-01
6.377549635314967880e+00
-1.760462805517742479e+00
-4.884365680896277873e+00
3.407535097890968867e+00
1.023758771329330663e+01
-9.534977107939922591e-01
5.819445263888982645e+00
7.375595067470714916e-01
-3.293688637285612231e-01
-6.994356882437751111e-01
6.365414188363049952e+00
-9.257141100155923397e-01
-1.366153776625149696e-01
5.452266940875870382e+00
-4.423500847410488657e-02
9.852680184773674466e-01
6.531909368207891475e+00
-3.992204647911480553e+00
-1.965075141618701338e+00
3.826590933046267295e+00
1.347905358526074293e+00
5.532061461825829696e+00
