1.399074154499192257e+00
2.574523889891122685e-02
-8.847803943898324697e-02
9.249877242135906563e-01
6.903157223728202396e-01
-1.460289736256685345e+00
3.242058736750991210e-01
3.131429209447034179e-02
-1.730918127374373894e+00
-7.624401748062537010e-02
7.397864622131278267e-02
-2.011375702978924540e+00
3.561586416160860580e+00
5.954115831822406335e-01
-1.942218672500669818e+00
-1.180569570090621578e+00
2.164058303640048919e+00
1.190556611335841453e+00
-1.759733764819334079e+00
1.739834804383503908e+00
2.582427073490964453e+00
-1.068791185743159788e+00
-1.250619611513265728e+00
1.507289442632110399e-01
2.235846461434641275e-01
-8.110805325445269442e-02
-6.041010308236935966e-01
-4.401567174468175025e-01
9.294382214825109845e-01
1.678535115908958097e+00
3.339102558792414577e+00
-2.179669662333702629e+00
-2.348461779703051810e+00
1.457848154491228509e+00
-2.052879116822662109e+00
9.819327441128866685e-01
1.212902955112611814e+00
-2.924934233242067472e-01
-9.437384055082176371e-01
-7.111689165468855212e-01
-3.799214328640772576e-01
2.234029869210253094e-01
2.655971068537676061e+00
-9.134153785732408437e-01
1.220066996033300377e+00
-3.368240435321027348e+00
-2.962443666433606460e+00
-7.349631970358647681e-01
9.129051760599438126e-02
-1.823059433287846087e-01
1.796170578281801600e-01
1.836186012472492690e+00
3.432191275131065700e-01
2.008790837353170988e-01
4.348602311061478431e+00
-2.663094250286695885e+00
-5.898891463608862962e-01
9.951880609932849397e-01
7.110531917185731743e-01
9.055650341752522481e-01
3.374423989559269255e-01
-1.250953771724108710e-02
-1.795331626701855310e+00
-1.369903812997043335e+00
1.432950944274948846e+00
-6.859192123359082460e-01
-6.480015277631478998e-01
1.183299548246588229e+00
5.674761013498956785e-01
-5.165464378424736713e-01
-1.070803880785262896e+00
-3.419852720071625551e-01
2.255948252142393473e-01
-2.960447213129044464e+00
-1.654865994633169191e+00
-1.345097271081838075e+00
3.459116343729837784e-01
1.311216055759106602e+00
3.716995422857338194e-01
8.564915247425086697e-03
2.534852255631586448e+00
-4.267856112719087824e-01
2.321379038778251247e-01
1.517896626404655613e+00
2.545665214636582352e+00
5.782579749691291182e-02
9.186264571032776161e-01
1.178052128675059484e-01
-2.419446260914014157e+00
-2.048690416373706857e-01
-8.272747750322004823e-01
6.764797275349299088e-01
1.780776425649420291e+00
-1.810697834822628138e+00
-2.067640066435248447e-01
-1.693255842649741827e-01
-1.481086756318384712e+00
1.828232198580444390e+00
-1.986188321104231935e-01
-1.200513843636495714e+00
-6.445483279324379922e-01
-2.541980686409571977e+00
-1.197796398298367038e+00
6.844785886377070527e-01
-2.141278440560802299e+00
1.198146893506710109e+00
1.655276627001454059e+00
1.660570653138579988e+00
1.483992818144898695e+00
-5.274207221419233704e-01
-1.625517796954684124e-02
-6.792208279647264924e-01
1.265047452550523532e+00
-8.420926231426872910e-01
-1.337704797369654308e+00
1.828241096463087079e+00
-1.410298136754745579e+00
7.340862575295017400e-01
-4.790108524113717570e-01
2.715242161905962792e+00
1.251215156084846680e-01
3.930350270466291818e-01
-2.303146221754496459e+00
-1.689490375499864250e+00
-1.803665856965716907e+00
-2.599360341985833545e-01
-7.110844956086300739e-01
-2.499983378672265388e+00
2.415595434639136840e+00
-1.198577480050641908e+00
1.382303908832729800e+00
-1.188118707262326046e+00
1.537363152071667960e-01
-7.591970142443376091e-01
-1.406631746658277393e+00
1.146096631148878053e+00
-9.238259695738670896e-01
1.791082346700962447e+00
-1.614385432416131305e+00
2.949644280769789795e-01
-2.221127572323988275e+00
-2.079899328857166552e-01
2.190552918201179367e+00
2.352486777401098017e+00
-1.661622199215744722e+00
-2.121912370471953579e+00
-1.486501969471566431e+00
-9.645959533035930455e-01
-4.527782309692201523e-01
-2.425103268277758684e+00
-2.731644138365363905e-01
-1.809349899796223626e+00
-7.269942714129855599e-01
-2.148666894086596724e+00
-2.987061886737714111e-01
9.425795298993997484e-01
1.991197735355943743e-01
2.519815683308405330e+00
4.524132344244634618e-01
4.158646197221169238e+00
2.226298116578064423e+00
-4.672536723183524643e-01
1.427417699128823436e+00
-1.893489942851247054e+00
-1.926216815385113357e-01
6.459623024204340647e-01
1.455428440284733060e+00
-8.064336121643034261e-02
1.328129728946654486e+00
6.885583247677969920e-01
6.224961981288720247e-01
2.073099164069734712e+00
-1.195454524874300262e+00
9.460547683557800624e-01
7.067522073084091527e-01
-8.472212740212883286e-01
9.409770950953599833e-01
-5.957740320614691720e-01
4.796965643190078676e-01
3.923421696105633960e-01
-1.387546370569916476e+00
-1.537521553677541730e+00
-1.115445861517349257e+00
-8.098553331785817155e-01
-2.252704331882567773e-02
7.072594521599135931e-01
-3.200006514369981403e+00
2.347562816375978745e+00
6.901010227115498274e-01
-6.943643460799220346e-01
6.147828230669005745e-01
2.126566400510566890e+00
4.618169761930095429e-01
-3.883102730100300715e-01
-9.170724807915894283e-01
-1.725701828956062833e+00
2.644405843401647083e+00
-6.585981624443746352e-01
-2.182205842507340066e+00
1.944066708858859904e+00
-1.879824954501375434e+00
-4.127563657505259442e+00
-1.672429601400327037e-02
-7.591179777639719406e-01
-1.845025990108098091e+00
2.435452232316956067e+00
1.196650795911400333e+00
3.238237454203274357e-01
7.398322822860230463e-01
1.719659081946262935e+00
-1.401285634869467334e+00
-4.475581043423038086e-01
1.635248435603186445e+00
2.233846954055205281e+00
-1.601345374057230098e+00
-6.476595611037530009e-01
-9.376011865334954454e-01
1.311214125623939797e+00
3.049633140910875451e+00
7.707831690585933426e-01
-9.908786832336065054e-01
-8.487496942678388612e-01
2.058694556475703763e+00
-4.244698498025760713e-01
1.523306456557090405e+00
1.181331268076815766e+00
1.796856827184475813e+00
5.776593463480583779e-02
1.880567088643056106e+00
-1.563177435195079568e+00
1.712592238216151808e-01
2.687771604440378326e+00
-2.455792786930817151e+00
2.184690446791305529e+00
-1.592572139021077415e+00
-2.896879964509402328e-01
-1.131034241539844221e+00
6.965714420742182833e-01
2.475846783596232226e-01
5.322060497006927404e-01
1.127509109776455798e+00
1.250443554840998894e+00
1.650071539326606773e+00
1.031073713761831545e+00
2.201358977306745679e+00
-2.332889285698526383e+00
-1.720534656382078698e+00
4.051996606887240837e+00
3.811819201924176448e-01
2.886388093416142331e-01
-1.321262171905992044e+00
9.312886862456817849e-02
1.954898467672518070e+00
6.892486862568047989e-01
1.383214199902213615e+00
-1.040714965285870264e+00
5.238394720902533885e-02
3.705153618680196437e-01
1.109928505310533886e+00
1.230825549216654435e+00
9.616458271858543405e-01
-4.578426634033994080e-01
2.380066712364806158e-02
3.876647223447876600e-02
-8.482102732311220805e-01
