5.866284323982245974e-01
8.224037745580170533e-01
-8.825273554674705201e-01
6.874213993316432569e-01
-8.753688241878434736e-03
1.273459040356044625e+00
-8.426115505488278590e-01
8.153822311054924610e-01
-1.659881930578315901e+00
-8.002505751669380940e-01
2.680768606160834899e+00
-1.168795846038753306e+00
-5.424909786914939858e-01
5.966262957784382315e-02
-7.110333603172774852e-01
-4.924960590689301393e-02
-9.420944683614375370e-02
-1.295457384314056437e+00
1.367993718303381345e-01
3.593796793040447413e-01
4.435349523520797366e-01
6.680528275659861626e-01
3.669569011820157378e-01
8.292739680313641060e-01
-3.011898355816589046e-01
1.306289614928312637e-01
3.838727988455264417e-01
1.238537654901109120e+00
-1.659888061305969442e+00
-1.281730065796189422e+00
-6.492223309273701393e-01
-2.220281481246964561e-01
-1.124815362451637490e+00
-5.163969861355648394e-01
4.226708988031966929e-01
-6.670386335459544958e-01
-1.329073031184898834e+00
1.563929314205315113e-01
-4.346204102869410391e-01
-1.164612802471165720e+00
-8.661117122129606827e-01
3.506685721516081267e-02
-2.355290077163697260e-01
1.107925333159388986e-01
6.189255026467688214e-01
6.680297430701530592e-01
-1.315404842775313776e+00
-1.513975660725420225e+00
-7.625596433243526651e-01
-5.947822781363552164e-03
4.767261488511934098e-01
-9.331184421016729125e-02
9.791012691683430580e-01
1.080107479009364102e+00
4.905501449128504832e-01
1.482696590754845056e+00
1.274556941262548412e-02
8.416504545739696141e-02
7.366071037402293076e-01
1.177698093354139081e-01
2.261458546091416055e-01
2.197970728779869098e+00
-3.230141506680662133e-01
-9.781590293385155066e-01
3.606511895204118634e-01
1.453855344510651237e+00
-1.491632012016729791e-01
-7.947950250208666786e-03
6.307136424537521657e-01
-3.811098927371463496e-01
-1.005617296116309678e+00
-8.936171263499230744e-01
-5.731567558245715954e-01
-1.828274124739927842e-01
1.892212148676515326e+00
7.143035374453650110e-01
1.095200176759541622e+00
-6.170511543706755919e-01
-3.145493835775813318e-01
-2.594827810056016815e-01
6.455989010621606683e-01
1.587122180626097112e-01
-2.870203861729399897e+00
-2.660492879527249221e-01
-1.336494751096646727e+00
1.515750319510271948e+00
3.202575052128657229e-01
-1.540521908711606040e-02
-1.354208341839542973e+00
3.549091158356230680e-01
-5.844505971337461692e-02
1.751232540566889928e-01
-4.652706397344797407e-01
-1.861776261885264572e-01
8.145917720673645501e-01
3.579430220764732162e-01
1.139693768374724137e+00
1.711123562921326169e+00
6.475752612332937030e-02
-1.309006835838257832e+00
9.902505171163799025e-01
-6.431342866047223827e-01
-1.542659284583689505e+00
-2.949651885422434061e-01
-1.414525481750455338e+00
1.226829215726086941e+00
-3.538404594442686735e-01
-1.186362063031327851e+00
7.667627062485231626e-01
-1.416851515005928208e+00
1.380665327167036605e+00
1.804871692663292948e-01
4.743156116900248964e-01
-1.079929320273988580e+00
-8.651249312506682498e-01
-1.144886949643322493e+00
1.066362323580379634e+00
-3.545946942817959080e-01
6.243474674860404194e-01
2.096520452308244575e+00
-7.080718427074988996e-01
-2.425377177352031899e-01
1.068717441032558391e+00
-2.564323697774038568e-01
3.404079518378794883e-02
-5.412328553749320287e-02
-5.678075000049520593e-02
5.122633703866503740e-01
1.201929672578250674e+00
6.771321928986056005e-01
4.595317752392421018e-01
-5.267675193497749486e-01
7.424411308497023132e-01
4.377183465526444661e-01
-9.632619678754088532e-01
-2.555549372642936579e+00
6.808782305145550939e-01
-4.729286411420832170e-01
-3.281875672950534950e-01
4.540837491384211999e-01
-2.363021665921087935e-02
1.218030073122872814e+00
5.198740064439664188e-01
8.843303186730178123e-01
-3.679508155664108049e+00
-8.894569356597031851e-01
-1.534375893829316606e+00
3.901056331737254856e-01
-1.361033568313851250e+00
9.897191239035435517e-02
7.970316871311457219e-02
-1.311312441251006655e+00
1.733742075566208629e-01
-1.349095181314506675e+00
-1.003540017212149138e+00
2.113941493369792202e+00
1.270808036838143140e+00
2.800272069532214192e-01
-9.848023597401618368e-01
2.603588831248342395e-01
1.686586811586241186e-01
-6.168164759933659758e-01
1.570551572083191127e-01
1.516539612524745007e+00
2.009633135047253383e+00
3.177774418764826581e-01
6.689150322453324415e-01
-1.881810901803761538e-01
-1.120834748251318125e+00
1.062547261008949473e+00
1.447703221368576543e+00
-1.271432908666118466e+00
-9.618500300945442838e-01
3.616714376099592343e-01
-4.973909828629775043e-01
1.151787654104469011e-01
-1.661445431109902948e+00
-5.590017710920506255e-01
-4.353806403697762506e-01
-1.319797696999585268e+00
-3.235992041626344906e-01
9.913547813869707515e-01
1.001177233596744598e+00
9.762804259470999613e-01
-5.830145128264783150e-01
-4.526922256586971560e-01
-5.484915213960205316e-01
5.929223243715008307e-01
2.000483489237139811e-01
9.244211725542075264e-01
9.341395057807458935e-01
-2.950491045516042021e+00
-5.887152034370515263e-01
-1.206214573120347966e+00
1.672853748094366155e+00
1.193906280122867924e+00
1.385873707570416113e-01
-1.279107982675155908e+00
-1.033723743424353192e-01
-8.294556672003486897e-01
-3.914091953906943533e-01
-1.366279953202321540e+00
1.167199522128381517e+00
-8.308699719583069188e-01
-1.669202344574939323e+00
-1.024482693275554857e+00
-1.381721844374573571e+00
-9.130379460530793079e-01
-6.134584182771285477e-01
-4.510907924785264589e-01
7.772558278725469894e-01
-1.815255647334670652e-01
-1.055026387895652007e-01
-2.550288463894292423e+00
4.617946614120478910e-01
-4.216606824289408917e-01
1.717590591920812981e+00
9.202507749783336854e-02
-1.593370451580527480e-01
7.956640723237964341e-01
6.343085835293680620e-03
4.970591031161457618e-01
1.250431993960346988e+00
5.238814472329137439e-01
-6.253287639208477966e-01
-1.275584640355066079e-01
7.758246149962519378e-02
-1.280627624412506327e+00
2.802316478387555931e-01
1.316675672137153363e-01
-6.900354573679998715e-01
-1.921318262639359897e+00
-2.364189646445294113e-01
9.857341857180301758e-01
-1.077575169001629307e+00
1.547121059749409500e-01
-2.536017743850741635e+00
4.422456486234615375e-02
-6.486808312894767337e-01
1.618939783942520805e+00
2.309160706150045483e-01
7.057929547415588978e-01
-2.438808367452335091e+00
-1.109243770945219199e+00
4.366964821629109594e-01
3.612018731461793530e-01
-2.132620860227682491e-02
-1.129658226595689374e+00
-1.405457003946565253e+00
-2.149216214059128216e+00
4.768890759156039216e-01
-6.897198291910616730e-01
1.216838174352380619e+00
1.924222953470905439e+00
-2.134945217614644397e-01
1.475056939037932002e-01
4.470635826818646907e-01
4.627424947500629465e-02
-6.001305471026671667e-02
1.560925893272264053e+00
-1.143052453370824617e+00
8.242094972809758113e-01
-1.082972416626481138e+00
6.636102744035756729e-01
4.932497168013101896e-01
5.422510134530451609e-01
-1.484300385318666260e+00
-3.418669947864557690e-01
9.009209948876101270e-02
1.662801822332156343e+00
5.229903342455698434e-01
-5.693212845334828520e-01
-8.779785791860684752e-01
-8.648651185478645198e-01
-4.214966701950350614e-01
-5.893759585453539618e-01
-1.051073808265285514e+00
1.863968291853642878e+00
8.511413259389756236e-01
3.072031575188587382e-01
1.069752373671212675e+00
6.507714280756357050e-01
2.067407711445881646e-01
1.970728054175896471e-01
1.088466047227023115e+00
-3.226345658901701441e-01
-2.019503614398674429e+00
-3.838340380507701544e-01
-6.073940449406656228e-01
1.042250894350617463e+00
9.585905849346544327e-01
-6.800399077558898497e-01
2.792129785819556509e-01
1.209301877140093406e+00
1.916216183359645830e-01
-7.333623847877587254e-01
1.767617819026474635e+00
6.119689069236566858e-01
-1.103759684826839671e-01
1.054784937294070413e-02
8.187302699012680707e-01
4.171456856145617231e-01
-1.002375196189150691e-01
-1.390665063013170055e-01
-2.766439409608817956e-01
2.046156733217131762e+00
1.890228464319688939e+00
-2.468957362098886388e-01
-6.353707506062897248e-02
-5.008127415452159337e-01
1.984402862374021193e-01
1.231028079092699734e-01
1.439415650197651830e+00
-1.151358877454077501e+00
-6.054166585011887536e-01
1.046525811496522129e+00
-1.797314470630642647e-01
5.746653522479897580e-01
-1.953144650744556288e-01
3.419181146044026898e-01
1.931956582025891711e+00
-1.660300349789447516e+00
1.777880677675726384e-01
-9.366049581419894077e-01
2.195853094642026271e+00
2.691203426103342955e-01
-1.268894892120349782e+00
6.562584714446922929e-01
1.628337484111920475e+00
-8.077836962724391778e-01
-7.020716104795317047e-01
-5.952246789462390941e-01
-9.916608448831539802e-01
-5.033975222262446758e-01
4.334994972282456560e-01
-6.668203432320821689e-01
1.030150384370354527e-01
-6.367456397029466197e-01
1.067067320721449830e+00
6.493356552072232502e-01
-5.522636192028818058e-01
6.075830601052971680e-01
7.822820696033706833e-02
5.010976449696213919e-01
1.187752233552427761e+00
-1.270884755008764855e-01
-1.627338392232634268e-02
-7.294869579638192381e-01
1.116477950576904021e+00
-1.377873769501777534e+00
-3.865893550910269316e-01
1.807901491814509765e+00
-6.563032772547308102e-01
1.904942225760030694e-01
3.144271539779705527e-01
-2.101880641698983254e+00
-1.847263129520356983e+00
-3.712132320210859843e-02
-2.279041266893854500e-01
-2.358441019216763745e-01
-1.422132629296003037e+00
-1.694676794521669860e+00
2.514802190283326605e-02
-3.491911567029760688e-01
2.198785552811142185e+00
-2.043639670524844743e+00
-7.578030459870225277e-01
-1.696743133095470535e+00
-2.120928107697261089e-01
-6.167868083123841938e-01
-1.184576395814831651e+00
-1.315146096223765437e-01
6.199645841202103824e-01
1.137090768996002338e-01
4.623496522309624712e-01
-3.070464868073671250e-01
-6.853489937944862165e-01
-1.717411113904993680e+00
8.507613111240664994e-01
2.022547340968659790e-01
-1.212851580225575487e+00
1.360668326797902727e+00
-6.494290532567724705e-01
-9.638948950064816223e-01
-4.486177732127020201e-01
-2.189694795311071918e+00
-1.834192841375852367e-01
1.678634014652316431e+00
-9.775218165074071042e-01
-1.979211547422238482e+00
8.685193056188855731e-01
-1.855579351663594612e-01
-1.794655950364804908e-01
-6.894855472277027220e-01
-2.445086428611663032e-01
1.211138458267238677e-01
2.188407347889193666e+00
-3.700181614383491469e-01
6.743062665842671777e-01
-5.980112895729214895e-01
