2.756174571325721079e+00
3.131916421816350882e-01
-5.370866636445996711e-01
1.149022134883974200e+00
1.754152769337750994e+00
-4.502960092442943041e-01
-1.849450404554771943e+00
-1.556091630343962917e+00
-5.475987941253961377e-01
9.959738000715295803e-02
3.829150808415289209e-01
1.972813103059287254e+00
-9.943881255019783039e-01
-1.671349540676101975e-01
5.166664566864992425e-01
-5.815666721641924580e-02
4.316100170321541807e-01
-2.193489948497792941e-01
-6.216505362695903258e-01
-2.535748670085282708e-01
6.530885282265671554e-01
1.121565356216170040e+00
-3.576865266414120947e-01
4.041297236153357786e-01
-1.313776905457690214e+00
7.976336991507224639e-01
-3.698906079658296209e-01
-8.119319437141943041e-01
7.004806927498008484e-01
3.714181569840404595e-01
5.732983981011974262e-01
1.756182334586087190e-01
1.804393119434309911e-01
-3.882915305565059483e-01
-5.863080666632251026e-01
1.569442355415529844e-01
-1.374728927038313619e+00
4.770483090128379011e-01
-8.480594348927407156e-01
6.168419758161690636e-01
-1.318225942278631324e+00
1.504737915009632498e+00
1.061319477460796357e+00
5.495241653368156953e-01
-8.269760330214823152e-02
-1.018019711319362752e+00
-8.285427687707456190e-01
-1.744594778054268380e-01
7.324739051121520461e-01
-1.855435170460362770e-01
1.604282330107855911e-02
4.927383272711650664e-01
-5.623026708703140475e-01
3.379623546032947679e-01
-7.960615290920696197e-01
-2.763000573080289790e-01
-4.194854650313208366e-01
6.026461109387263315e-01
2.006515061085186180e-01
5.073846811900795117e-01
-6.479750785739484265e-01
-6.597438559743316888e-02
-2.151106376711735546e-01
-3.941131700615430056e-01
1.005199366984365211e-01
2.001276139882803839e+00
-4.004037853495124311e-01
4.347556130245760486e-01
1.248330753280944005e+00
1.092529012430469848e+00
5.825670623413432558e-01
1.849287246138591745e-01
4.196557286410167453e-01
-2.393686417207085970e+00
1.489080872184033622e+00
2.476088964510928803e-01
-3.371785989786219018e-01
8.739832663905297006e-01
-2.219520848815112191e-01
7.022468524268021817e-01
5.540225718113938047e-01
8.275667801734810924e-02
2.133205497905644316e-02
4.013340762777947712e-01
5.521594317564603172e-01
-1.354983043924722352e-01
9.859547032672681677e-02
-1.652295701954434870e+00
1.302027624269451456e-01
7.795925141444339790e-01
4.560362344484075181e-01
-5.547083118291242787e-01
5.537855699826861322e-01
7.282658143078499791e-01
-1.520817387847396285e+00
-1.709636277248287151e+00
6.634534354341289353e-01
5.456481657565457333e-01
-2.105598828720385729e+00
-3.186033723121408645e-01
4.532423477689190988e-03
2.225992473667523230e-01
2.368063818736412252e-01
6.430142509766737513e-01
9.581847812640745810e-01
2.530411956122404771e-01
1.019853587457105304e+00
5.631633586948702197e-01
-6.821151884155279843e-01
-7.973321244986962819e-01
6.928528542523060274e-01
2.492871207207225936e-01
2.912969694267207310e-01
2.156765815893465499e-01
-2.651626266763995043e-01
-1.533134151961307590e-01
3.010081596214400634e-01
4.567784044588218406e-01
4.618763937560019239e-02
-4.527764019169562282e-01
6.538294518896398122e-01
1.409015379791192402e+00
1.622242442955840538e-02
5.815195057561205472e-01
-7.868087530346220548e-01
2.424667013734517873e+00
-1.596158481098479909e+00
-2.963999319272927480e-01
-5.869524091102165109e-01
5.216242893972083960e-01
1.039647118889185373e+00
5.340076832921070160e-01
-9.572343365887564515e-01
-3.060245401716212843e-01
1.201851455092518783e+00
-4.628657724965990622e-02
-1.050921793087701284e-01
-2.624748822089499334e-01
-6.394558365044426818e-02
-1.086247430639348810e+00
4.767777297583776219e-01
-5.191531984964795621e-01
-3.524623715149646785e-02
2.554055153030591052e-01
-1.988990313050152503e+00
2.643069795578978920e-01
-2.876567669943502215e-01
8.482018195576042086e-01
-1.036022970927698461e+00
1.589747981962028378e+00
-4.996317707174793288e-01
1.428356799516987408e-01
-2.250834248645868563e+00
-3.332412505417204351e-01
-1.426250599349371706e+00
6.617166001419098054e-01
8.846608119058346764e-01
6.127396534635092262e-01
-2.590430751035148749e-01
-2.692098987904031349e-01
5.743960247935510077e-01
3.524360695423383594e-01
1.062190861923444363e+00
-8.429806349629485052e-01
-1.482512094026388061e+00
1.601823670905744956e+00
-6.432866622439191440e-02
2.296566832815885584e-01
7.759378311377039816e-01
-1.957262316194987029e-01
4.329168022333139132e-01
1.611614699098455228e+00
5.959923387400481998e-01
-7.326344383422328521e-01
4.596869074571211661e-02
3.926593708559499296e-01
1.280807242672413304e+00
1.839584170391181495e+00
2.500039966100876532e-01
-7.443037158693361910e-01
1.287305427838790761e+00
2.149922946752988562e+00
7.089917824437215188e-01
-1.993453562281235214e-01
1.168312810303106408e+00
1.523450648442096655e+00
9.398207142022663163e-01
-1.072422985584310817e+00
1.940819489743313142e-01
-1.116666698915835809e-01
-7.365922033189579166e-01
-3.062672191917202302e-01
1.813303891821035629e-01
-9.718226998916261739e-01
-1.210769705742265057e+00
-1.146054545825545556e+00
1.642426885670651149e-01
2.060939798525737388e+00
1.563889884239698380e-01
3.791590020851728360e-01
5.103526739856550920e-01
3.774890255627910002e-02
1.082333165332163005e-01
-2.775198939570143186e-01
1.307726543138686637e+00
-6.490643654972093612e-01
5.176553820498169811e-01
-5.134915715789637458e-01
-4.879040675565008978e-01
-7.224823645141744688e-01
-1.732010894054716088e+00
4.424433513072171253e-01
2.179392581693190056e+00
1.303547481500923588e+00
2.105458038065630255e+00
-1.625332397798083139e+00
-6.074410562869618779e-01
-1.884103769462952549e+00
-1.317786802720793737e+00
-2.605174445248783499e+00
-1.799117918536222493e+00
1.753285100139424790e-01
-4.910540455436456786e-01
3.535013173679383280e-01
1.596705652479117443e+00
1.296273831537741117e+00
-5.272070303802445235e-01
-1.002267152183041299e+00
1.716296889250813029e+00
1.608017939190323764e+00
6.900735230801140485e-01
-9.291978555922680849e-01
-1.331998919077136412e+00
1.350170783178997524e+00
1.434058310499834787e+00
-4.980286039551950483e-01
-1.348948735217850192e+00
-1.522445076761067329e+00
3.157683032856355987e-01
-2.148766599264340937e-01
-6.889919527233837604e-01
2.745671417690324079e-01
-2.293088991506407048e-01
5.463118945826880291e-01
-4.223376103641242052e-01
8.571615228441038514e-01
-3.300595670673903137e-01
7.014779815342792046e-01
-7.682030434766760063e-01
-8.805088519665761615e-02
3.493892458806154844e-01
-1.655325397088861283e+00
2.442841832673141875e-04
-7.354415044722429906e-01
3.138228014472803640e-01
-8.047153689851713754e-01
7.542928633613508183e-01
8.435894363636894377e-01
-7.805515166662261306e-01
1.011595024973521717e+00
3.099660771062943687e-01
-1.020874545202433564e-01
3.056677957368664766e-01
2.213257251414313842e+00
1.914636179897392099e-01
-5.998393020776532358e-01
-5.382461075792036587e-01
1.661008421586626371e-01
8.686025940815658014e-03
-5.765153505871469797e-01
1.187135298983399867e+00
-4.555918062346558245e-02
-4.306381766873310646e-01
3.605500441224030461e-01
7.258388264786461708e-01
-6.876713007180740300e-01
1.007364975183737466e+00
3.082076659144098452e-01
7.924496141514763003e-01
8.319518685304957417e-01
-2.924310136046532893e+00
-1.294860288666489279e+00
3.330164012727104272e-01
-1.408370876780886960e-01
1.094375803434939121e+00
-4.896134109802482426e-01
2.235133444155879445e+00
-1.161317034628029932e+00
4.304493934527255372e-01
-2.895161017204375686e-02
8.880707636434257424e-01
1.048266521036642418e+00
-9.383640261279976302e-01
2.635327063960879457e+00
3.960642928180062305e-02
1.419143177791381438e+00
-1.350085899193455452e+00
1.167242547148022114e+00
8.367406092977371923e-01
-2.076366005245027999e-02
-5.695590951464635232e-01
1.728002099989011872e-02
-4.916061372951978092e-01
9.477934743082579994e-01
-1.955647953136723516e-01
-9.584831975102648949e-01
-7.265940890964851795e-02
8.378187031516993732e-01
5.428945039565580971e-02
5.722477135970522877e-01
2.163191603761884352e+00
4.589962722119683008e-02
1.496413544949665830e+00
1.885830120085872641e-01
-3.527802320774087175e-02
7.952672396731897964e-01
-5.488402616121745847e-01
6.080460514279113493e-01
-9.261432448597088918e-01
4.998224932540006327e-01
-6.389769614103485429e-01
6.163583283302065396e-01
-1.050845257012689604e+00
-9.709893531000421962e-01
1.213581185863610301e+00
-9.908882433583917626e-01
-8.111477303123221239e-01
-3.481292070576040565e-02
1.435721261885753997e+00
6.421543855055134031e-01
-5.364842788956472042e-01
1.729190897393253490e-01
8.116977195980055182e-01
1.354968600562416858e+00
6.133918393363141245e-04
-3.392186651374012318e-01
3.474696494725764556e-02
8.993185100121702247e-01
2.201499564298743383e+00
-5.013512091559910733e-01
1.241465265444431143e+00
1.443064407604378818e+00
4.218850294341710550e-01
-6.815445855093188454e-01
-1.499669247615075807e-01
-2.750706359321910099e+00
-6.168663333835580076e-01
1.142393528214370901e+00
-1.087739951926683046e+00
1.799394419924163380e+00
9.835245037975027804e-01
4.050880825728073176e-01
1.478679005806793345e+00
-4.113106876755003721e-02
8.843184285412445389e-01
1.936598787954287582e-01
-4.542183270900558845e-01
1.360084505042012393e-01
6.106383117080285139e-01
3.934480670729764151e-01
-1.752819591657674536e+00
-7.548733804612706155e-01
6.225232807398697332e-01
4.040292966792465718e-02
1.380400454865382022e-02
-9.232296157863458808e-01
4.257082519974193513e-01
-1.347458073941697476e+00
1.387945962066870154e+00
1.295892526699063962e+00
3.356485440210246196e-01
-2.262070397106085914e-02
-2.459062254076592957e+00
1.679170990319864387e+00
3.349947547622177946e-01
6.099997223619796349e-01
-1.028398220277878083e+00
-5.283008036203695745e-02
2.178965990822996635e-01
-3.626607883315473568e-01
1.757450790601534418e+00
-1.031726301553811620e+00
2.472837062346918413e-01
4.440524386089883535e-01
5.428818090823227527e-01
-1.518139763744283388e-01
-2.809283914525371184e+00
-1.872580301381793433e+00
2.337335530884823431e-01
-6.155487994241043426e-01
1.367155735224070634e+00
9.126150897597161693e-01
-1.124528817672417302e+00
9.081447355656401266e-01
7.948935361152020818e-01
9.974125809407400345e-01
-1.734618978108380394e-01
1.941738803078627784e+00
-4.484591336423774388e-01
-1.040377378684187226e+00
