3.999444974549719589e-01
-1.160098166734785829e+00
1.652356936719434621e+00
-1.579432735539097354e+00
-1.438064670536083334e+00
7.391450310691483061e-01
-8.235243846371131937e-02
-6.011904561243113232e-01
1.233571312690990629e+00
8.208594598266283349e-01
-1.137237051273298105e+00
1.504727306109799434e+00
1.772581125349499187e+00
-8.954107244395573262e-02
-1.836061118927651670e+00
4.499636592276941016e-01
-2.966788136334658210e-01
-7.643001553318242713e-01
-8.763428694223256432e-01
-1.079690549313240489e+00
3.737933161711167074e+00
-3.571784185818720481e-01
1.680513650194805031e+00
-1.557153317918929636e+00
3.532624078320705796e-01
1.083369887057640701e+00
-4.284926340056154359e-01
1.667329903534970459e+00
4.724171561736546510e-01
1.662069722904887303e+00
1.196757600654150711e+00
-1.297364904654338735e+00
3.864422230507474909e-01
1.568797393132968787e-01
-1.352322052858755397e+00
2.652260869849682123e+00
-1.114297776508573978e+00
-9.683146618661073735e-01
-9.675717911649974745e-01
-4.447533466517672451e-02
-1.012724326150407750e+00
6.369977724755160331e-01
6.060979590872922484e-01
-1.719650801832630638e+00
-6.137014286408717378e-01
1.838337929733385723e+00
2.176303477055024249e+00
-8.270953689406909670e-02
-5.736946889982197373e-02
-2.416881845490566949e+00
-4.541038927448559637e-01
-8.024663764137089927e-01
-9.588294287936341420e-02
-5.312144403210645738e-01
3.475676404775246198e+00
-1.140527181860853945e-01
-8.539548880005138898e-01
-2.492247715600079683e-01
8.640873368534900401e-01
1.364993290003282178e+00
1.252273958668909559e+00
-2.812364019034685469e-01
-1.828889450214931378e-01
-1.420524405535070755e-01
-7.092323781191580689e-01
9.628470598301555050e-01
1.753659162721488141e+00
3.354969967662971286e-02
-7.351078688291676766e-01
1.234142079849969598e+00
3.740108182201740683e-01
-4.855537060558137163e-01
-1.251929853083130872e+00
4.704372585938944029e-01
-5.709096283200927324e-01
1.974190669530416997e+00
-8.691230434858382425e-01
4.536574435563676122e-01
3.997193568461249180e-01
-1.953270484859066958e+00
2.813522612770291143e-01
-1.266151111013931185e+00
-1.166786763550586192e+00
-5.628608982118122883e-01
-9.814264883542285212e-01
-2.271573578859663878e-01
-1.715483746907045859e+00
-4.926207848659355792e-01
2.177874284964639029e-01
-2.842202743354284245e+00
2.224075727069549924e+00
-7.790474922777940181e-02
-6.683495609334102472e-01
-4.467634371883546507e-01
9.890659185963137645e-01
7.678526815999123789e-01
-1.237634324177673495e+00
-8.201727131124882941e-01
1.233534354548457834e+00
1.789196906762565917e-02
2.741778931693035770e-01
3.092624055558680363e-01
2.864167903219838607e+00
-1.213965501897143362e+00
1.035487309983174287e+00
4.662644687672117705e+00
9.371183729072014579e-01
-1.109626404606258165e-01
-7.381522733042302775e-01
-2.238697399752116735e-01
1.900939335003069441e+00
-9.779906962212817079e-02
-1.916887596056114695e+00
-7.751550714985082635e-01
-4.614783227587611059e-01
5.030306691343811032e-01
-1.766350658698543130e+00
-2.060386334076994785e+00
4.737433265775483071e-01
1.237388229029563913e+00
4.185280620107490468e-01
4.261041183712958258e+00
1.037367809872195901e+00
3.295060924220806431e+00
-5.812071914826814067e-01
3.720435340015122438e-01
-8.863687379913698372e-01
2.288380758453416153e+00
2.856797256710202904e-01
9.245922953451142234e-01
-1.097967270477962387e+00
2.225823780282020437e+00
-4.557719883451109011e-01
1.365150422372668704e+00
-1.163856565761181017e+00
4.820407317697697480e-01
9.991791885139256202e-01
-4.144656576522224301e-01
-8.132803092907103792e-01
-1.061353854627288040e+00
2.139715313988848511e+00
7.839234201868461316e-01
2.901027480018301685e-01
4.296582598578611023e-01
-1.118577186159056547e+00
7.915392208646664374e-01
-1.809509515604323937e+00
9.938356996449400349e-02
-9.134307624394726322e-01
7.777470704065696516e-01
5.785554618742363292e-02
-9.420229960051215157e-01
1.291850096990159624e+00
-1.368933986519834889e+00
-7.434415742729892917e-01
3.437402190678448655e+00
-4.579250073495799711e-03
6.890245088192848977e-01
-6.853067453969663436e-02
-1.610635480823092436e-01
-3.385735736134729557e-01
-2.199835563646060255e+00
3.753273966109669790e-01
-3.790427329107681764e+00
-1.426714439872339923e+00
-1.340443614763179747e+00
1.630716338316139602e+00
4.422889889356501625e-01
-4.070569402112363955e-01
-1.412068799514868411e+00
-4.069316409384506894e-01
1.067767156508268256e+00
-5.885663379279387764e-01
-2.633143523664577268e-01
2.312157805935515786e-01
-6.716068431110957526e-01
2.209819128734198834e+00
4.965635066636877593e-01
1.480709011515350948e+00
1.167663938639176280e+00
7.296594621857984686e-01
2.299317939266722455e+00
-9.589972118425363901e-01
6.464580779879588457e-01
-1.813938411095929570e+00
9.888109661035061615e-01
-1.048984654396523941e-01
8.023775403279019836e-01
1.904398960635664828e+00
-2.058561951506987064e+00
7.353108865516121417e-01
-1.202343012851394999e+00
-1.672122873388958153e-01
2.028601102604113415e-02
3.195489386427013967e-01
-3.204201514677417761e-01
-5.330637334922689874e-01
2.662024465709944554e+00
-1.065185049057608024e+00
-3.958762125175574020e+00
-1.160165910860416760e+00
-1.324832621813921918e+00
6.997447664707587833e-01
-5.364412703315581954e-01
-1.770482797621274695e+00
2.169266583806590543e+00
3.513997989220611351e-01
2.266779153810575487e+00
7.603904966745006488e-02
9.938524316751609633e-02
-2.306326230330163263e+00
5.884998833112907723e-01
-6.738538023717890457e-01
7.150925894885601375e-01
5.128233216601130184e-01
-1.458143213441577046e+00
-2.053056739760365179e+00
1.670125761292930999e+00
5.692833242025253926e-02
2.896001513965996033e+00
-3.028251167501549990e-01
-2.289271069337021736e+00
4.896358922614036935e-01
-6.199773395084937633e-01
-1.030645903921315165e+00
-1.649118669802766002e-01
3.735395996985004241e-01
-4.255241803485975138e-01
-5.393016899831877022e-03
3.807316793710746050e-01
-3.219481974831531090e+00
-1.054103212485035357e+00
7.724447267806395789e-01
1.780301013069600202e+00
-4.395048959933106625e-02
-3.025633777817307579e-01
6.581424859424380713e-01
9.104691628894635569e-01
1.295195343949832711e+00
-1.556256697312235371e+00
6.399179856765812024e-01
-1.027192986730827151e+00
3.411291153031087431e-01
-1.322195421361199941e+00
3.114036596804873547e+00
-5.537444984952223370e-01
-2.052616046782185233e-01
-4.317121050773386481e-01
1.134291122579749178e-01
-2.882364236272641489e-01
-2.181692854288187489e-01
-8.742916532965774312e-01
1.959933955118086657e-01
3.861027132452208299e-01
1.056263036298498381e+00
6.220725675787068809e-01
-1.987530091094734885e+00
4.171467434124347395e-01
2.282121716387216781e-01
-4.124733661164718956e-01
2.006564272572893604e+00
-4.144323640802574649e-01
-1.359664279626135563e+00
-1.320590685937655051e+00
1.352282593608563066e-01
1.261610302777230963e+00
1.206465657054002882e+00
2.056078253066030648e+00
-1.226613924815356249e+00
1.992616216134816653e+00
1.886803605992327437e+00
-1.209883974225645087e+00
1.071337149316737847e+00
5.394366278496166567e-01
-3.036719884500705541e-02
-1.789011397651906421e+00
5.259885432518027759e-01
-2.949517649031058175e-01
-1.004658564241711405e+00
8.452567728719460050e-01
-1.989813877893741978e+00
6.658930446861053287e-01
-7.221382304797442364e-01
-2.939285595667193718e-01
-7.863262793773295734e-01
1.344853621256592913e+00
6.918360320316470968e+00
9.496072503780417229e-02
1.754009208325866487e+00
-1.141299415419856911e-01
2.566035024011093846e+00
2.316927476290187027e-01
-3.047822273301421525e-01
-4.449436323561705153e-01
-1.923841019972185040e-01
-1.640936584737067605e+00
-1.698928886569177177e+00
1.031183294938065487e+00
1.059131842407917967e-01
2.545326489582926399e+00
-1.360739381889826682e-01
-3.464505490457356895e-01
9.510369810151682035e-01
9.399024241545664848e-01
-7.076450271665090108e-01
3.783106481886475136e-02
-2.338980254991542829e-01
-1.221232565772289336e+00
1.712145073925110506e+00
-1.916570952065017597e+00
-2.166997884623955262e+00
2.010232726298334660e-01
-6.485328375036186754e-01
-1.244656960415682523e+00
4.440291963133611436e-02
-1.460740210562155417e+00
1.860395862191063232e-01
1.212381009053945968e+00
-3.916572650314731341e-01
2.050457985650468995e-01
2.903389819621792212e-01
-4.819925357703331303e-01
2.696831456387541071e+00
1.282993641978832811e+00
1.211391390389151557e+00
1.238734731711754744e+00
-1.219723008291141220e+00
-1.952689739358984378e+00
1.765977322828033325e+00
1.022980766475104497e+00
-3.382306408968497324e-01
-4.636311658004818037e-01
-1.992022712848633970e-01
-9.896676160519460863e-01
7.394834044835882914e-01
4.530216759871772414e-01
3.473096798763756210e-01
1.860235452445621940e+00
-2.594213917393720426e+00
-1.396230725932210426e-01
-1.456479584933851879e+00
1.166084935970163189e-01
1.088757838639860198e+00
-1.150538632856992871e+00
-2.124872902185675372e+00
8.462227507606731591e-02
-1.135700221489285733e+00
5.937363117756299102e-01
-1.057746844514644735e+00
1.269763273227928257e+00
-8.107082185493308391e-01
1.337247658510493098e-01
-2.331301507645943794e+00
-4.657907116578513529e-03
8.448328136488640894e-01
-1.312724330456933819e+00
3.675989070275659465e+00
-3.724290889381206560e-01
-1.603363748266545041e+00
6.742831008952638872e-01
-2.930171380720841157e+00
4.257569748011899025e-01
-3.748634364237464767e-01
4.770668266171469440e-01
-3.819361161143625671e-01
2.008146569989795349e+00
-1.732384532260304200e+00
-2.394419840212621331e+00
1.114331311003863428e-01
-7.649045368652582777e-01
-4.700130018690470285e-02
2.344502133886201128e-02
-2.217358279021703904e+00
-3.434921185672097366e-01
6.554839219725668853e-01
2.264255049527447383e+00
2.541231061737882158e+00
-1.914825130727243918e+00
-1.121229853548360716e-01
-4.581068279093694073e-01
3.803274233114121994e-02
2.091139798996529020e+00
2.758723794932808726e+00
-6.612925658207184920e-01
-8.186851485645341153e-01
1.984664230865791801e+00
-6.491765046194319932e-01
4.100951010520094364e+00
8.055336869024620761e-01
-1.408236290204895713e+00
-1.307331989408326289e-01
-1.045834772167986149e+00
-1.569279292547532290e+00
-9.027653355795317580e-02
-2.654391666788825654e-01
7.831338012385593572e-01
-1.448890852232104898e+00
-1.021291270584407940e-01
-5.586601841902847365e-01
-1.231989565497901618e+00
5.286876070263766270e-01
3.387527845344908695e-01
4.368201019705354460e-01
6.611248887321353740e-01
2.548305026312097432e+00
3.405585693219759236e-01
4.182655643067188511e-01
-1.459304054904548398e+00
1.367862389951274293e+00
4.212646461590248692e-01
1.006634244133875145e+00
1.104763279106349305e+00
-1.774227217396511458e+00
-6.332449144614759051e-01
2.595901268653613148e-01
1.223858588659632041e-01
2.978024233622251771e-01
2.471663642739035716e+00
-1.842427889219802939e+00
2.638386430740495281e-01
-1.360767866993932707e+00
2.789960770705296689e+00
-6.451281773148865861e-01
2.214998670544861881e+00
-3.097786292992294133e+00
3.595762731036121762e-01
-2.507371157088290836e+00
8.915275218842952931e-01
4.407000369679207608e-01
-2.502244563167352331e-01
-4.784675915794582846e-01
2.193605021346875517e-01
