-6.196789570314868989e-01
-1.111912721538130144e+00
-1.259627309685878549e+00
9.857365324688998065e-01
-1.744167034719760867e+00
8.961761547684264917e-01
4.714780374227224291e-01
2.478195199599215748e+00
1.890911602294789162e-01
8.760368163075474834e-01
-4.348559687179168187e-01
-2.366508960859428634e-01
-1.268192885183292207e+00
1.648722897481710969e+00
2.208622970124496376e-02
-3.953599291594951937e-01
-9.494657211634003335e-01
-8.316384820601535610e-01
-6.933159909419932543e-01
2.145123330052896904e+00
-2.767933560249938196e+00
4.372522543153890551e-01
7.894109289033977017e-01
7.041039187335975669e-01
-7.510298575932725651e-01
-7.706570645703227918e-01
3.127303644300748697e+00
-1.603331993194690441e-01
1.079416972479581682e+00
9.954884097722952463e-01
-4.193111001256367487e+00
-2.805965493438227210e-01
-7.711645537361493108e-02
1.218528195849353901e+00
8.116415742876397221e-01
-2.169461875222906233e+00
5.049092053307260741e+00
-1.387288723952732505e+00
9.143807328166058124e-01
-1.310740733417038895e+00
1.218277325759924423e+00
-9.783784936025442525e-01
1.256132723890519332e+00
-2.124090694470328611e+00
8.232594813641583853e-01
1.769758650781212639e+00
-8.551373432758599957e-01
1.427787996242944946e+00
-1.307574364588324656e+00
-4.314538069574544998e+00
1.569261445739924321e+00
-4.344257006076074346e-03
1.648625860432157531e+00
1.062307966665148262e+00
-1.376432923324812096e-01
-1.397499073080844090e+00
-7.186121246165788623e-01
-1.725804758355613977e+00
-2.499259108825943709e+00
-4.732286514808485278e-01
2.960096957663774786e-01
-6.169557179286472293e-01
-4.965920334201123221e-01
-1.162058353516570497e+00
3.665882610692678956e-01
-2.851433515948703867e+00
-8.514767549941395508e-01
-1.534065794716862330e-01
-1.347217339875030451e+00
-1.421231882440862515e+00
-1.184602110251267604e+00
-1.345000468427166584e+00
-6.306151423722359262e-01
7.266738336599840586e-01
-2.398718246058211268e+00
5.425798277840383488e-01
-1.535685806192754743e-01
-2.259867658822448000e+00
-1.873328412905203244e+00
5.000037605734612978e-01
-2.746357328256088803e-01
-2.644663766363570812e-01
2.299772802166589525e+00
1.471531738384256105e+00
6.316508423542652739e-01
-1.587272438566016408e-01
-2.128440665200936444e+00
3.226561022728335337e-01
-2.196018565179512994e+00
4.979849231808892163e-01
-6.542374446731421544e-01
7.335506931872741720e-01
5.330203435159220904e-01
-5.655095555087524817e-01
-2.175374562727778294e+00
1.741886554471753223e+00
-2.684577314827092387e-01
1.697469870837743811e+00
-9.607296320668755607e-01
1.962961115923080313e-01
2.899116924587016086e+00
7.661177910242759070e-01
1.915128665958502507e+00
1.244021957295833314e+00
8.631922745526278140e-01
-2.040699227370005864e-01
-2.543253677378814803e+00
3.797639487953879955e-01
1.252661794537466067e+00
2.679977582904622402e+00
1.945420761329710313e+00
-6.753635137336277960e-02
-2.226292852585491922e+00
-8.615385831601913846e-01
1.671144443933477719e-01
2.771755555124938653e+00
5.102516337079162634e-01
8.666677382208634040e-01
-9.628007649643341992e-01
5.157367405422386142e-01
-3.550830375409991468e+00
2.714231429118445948e+00
-2.600889729893844926e-01
-1.391071044417558245e+00
-3.576959520731653464e-01
5.032690507232957522e-01
1.130993664190886872e+00
-1.623057106729898891e+00
-8.561217104361170671e-01
-2.142508599197498476e-01
-2.256786393353494014e-01
1.185102931532296955e+00
3.133346053823965471e-01
1.205821637983485184e+00
-1.041433185963992925e+00
-3.900985252599648567e-01
2.016081200584873834e-01
-9.366038335596433839e-01
7.095590165683594019e-01
3.062583339295973928e-01
1.833919299215251097e+00
-5.389847803202778564e-01
-1.148048674330518271e+00
1.061419194380328168e+00
1.801164855159081701e-01
-1.329816204383405420e+00
-4.387938882688741771e+00
1.072103782483329049e+00
2.406076235162184496e+00
6.976282361343184579e-01
-5.807732585700204897e-01
3.240309884147671404e+00
1.518751471064958558e+00
-1.290845837673032515e+00
-1.123947945460441300e+00
-2.825843414988460367e+00
-3.516037826395254751e+00
5.919181352483385838e-01
4.829252547816165753e-01
-4.071030400942109995e-01
7.642176878900475145e-01
-1.407509109995134899e+00
-1.984576689786141435e+00
1.773146994870922422e+00
1.133818516632232543e+00
2.139990526879766097e+00
3.214040752546632795e+00
-2.044408560665508912e+00
-7.492236494886671538e-01
1.591233759750858789e+00
-3.367605253134240417e-01
-1.462835989848368490e+00
-8.174771856145977011e-01
-2.619396204477594803e-01
8.977585964750127434e-02
-9.910908945117573310e-02
-6.781451031853575895e-01
-7.167856166285978547e-01
2.399656126101969988e+00
3.835891429057610935e+00
-4.046874323974666843e-01
-1.663998374450891937e+00
-7.432461978010183046e-01
9.637090156435502708e-01
-2.757924723150353863e+00
-5.207260163366164152e-01
-8.692511248412528035e-02
1.200418917831803794e-01
-1.434046947031495156e+00
-1.163881548082255968e+00
-3.150423895491405890e+00
-5.329916940384469420e-02
-3.377666208675774717e-01
1.756446582904845899e+00
1.435344889546210645e+00
3.918060909720336715e-01
-4.170792319889224942e-01
4.241780827818952826e-01
9.829545690435637084e-02
1.118013852171706013e+00
1.267270944643801300e+00
-8.586612989580966193e-01
2.010400629968592257e-01
3.000280577231785095e+00
-8.616920475811726821e-01
2.385895973896655420e+00
3.069010043437509161e+00
-2.361476676660260843e+00
-1.974254306325331720e+00
2.044372448661242458e+00
-7.004246770661775034e-01
-1.980132242170820289e+00
-2.880581141399436440e-01
-2.805466819523486421e+00
-7.401252194245944160e-01
-1.237138623854405761e+00
1.479848398514845620e+00
-3.670275783586961271e+00
6.112944925834900012e-01
-9.356912596216244715e-01
-1.720694191567387454e+00
1.538551671770247653e+00
7.810661206863123152e-01
1.153224048616130704e+00
-8.188141015350496321e-01
5.608506588365601564e-01
-1.472076570791218453e+00
-1.181249169964820656e+00
1.833735750686310562e+00
1.175374818675406496e+00
-8.622765415867312822e-01
-1.988395623262322776e+00
1.035666777028212193e+00
4.391003454962054131e-01
-2.304289525168747410e+00
-8.708958207550633324e-01
-2.135457080946610020e-01
2.261309240855190472e-01
3.772213757582332239e-01
-1.640342496144652218e+00
-1.492577102277428680e-01
5.147839192198963021e-01
-3.348199430296499468e+00
3.185708651459833174e+00
1.282840650901646118e+00
1.961328172360474520e+00
1.241166541563646586e+00
8.815357541927346663e-01
-5.966068277785863128e-01
-3.202852285803007515e+00
8.321987452455911205e-01
2.455942379260056541e-01
3.166096136884910983e+00
-1.402475694640005210e-01
5.835905651796591265e-01
-1.179183278260409029e+00
-2.688431244036221024e+00
-8.274724946302236539e-01
-7.942114339697613490e-01
2.461475641259973202e+00
-8.505295353391362223e-01
-7.672796800484315005e-01
1.767706162528447367e-01
1.267018788662084949e+00
-3.276373236364093167e+00
-9.340031057743377607e-01
-7.120396495143855864e-01
1.127287738957893470e+00
1.499858085647100214e+00
-7.207429821416065918e-01
1.466420727975446425e+00
-2.463302182995015244e-01
-1.520785188313667602e+00
-2.093238096220303657e+00
-4.068778020814321827e+00
5.904479156010369323e-01
-2.034400639425032242e+00
7.171510023586459281e-01
7.849530084808096220e-01
6.694077962624107592e-01
5.614169431712160430e-01
5.409308975393439800e-01
2.253540416450122041e+00
-6.195051053570380661e-01
-2.276029507778789096e+00
-8.406201150794334609e-02
-6.023660380701840733e-01
-1.017424431126272566e+00
-9.311258290625379352e-02
-2.652444449871465437e+00
-9.852102015153723080e-01
-2.155687919075790493e+00
-2.183742419556021996e+00
1.983422637373496444e-01
1.598433981304848928e+00
-1.901056196746471638e+00
5.700860101762158516e-01
-4.127474730165143768e+00
3.490529343822684760e-01
9.111922442251518817e-02
1.623806901794971003e+00
-4.390979906387100229e-01
4.591949831159024553e-01
-6.091222520401666785e-01
1.042766785480121056e-01
-9.101399567974017835e-01
-1.246979963637043998e+00
-9.991041287566049256e-01
2.252628025930754507e+00
-1.860169281236881744e+00
9.488114994192450302e-01
-2.938770394410994413e+00
1.121469111125181772e+00
5.527684002630448568e-01
2.846812954385826711e-01
4.786166370404828507e-01
-3.881938256979683421e-01
-2.109212807258453282e+00
-7.803908045739031962e-01
-2.868756640764843491e-01
-7.796917326599577258e-01
6.153630907680672779e-01
1.635801989602319928e+00
1.292079226949869764e+00
-4.711129532358767635e-01
1.628417295861944947e+00
-1.727513352897190213e+00
6.397706219886506451e-02
-1.422356215367444277e+00
-2.307986181770278922e+00
4.054804289376771065e-01
-5.047435001643961749e-01
7.089324126249077485e-02
-1.317683365039791443e+00
2.248652627248264868e-01
5.520483676886224489e-02
-7.856276782981050366e-02
-3.122785163417247212e+00
9.245553457026377542e-01
-1.364854711561534595e+00
-3.145207148998119817e-01
1.052843751326073551e+00
1.191988261562667795e+00
-5.741379369579375780e-01
1.400722502653700019e+00
-9.681333974468555592e-01
-8.156501183476344563e-01
7.094781251065355177e-01
-1.445055399498163196e+00
2.314114568001772732e+00
2.504905443376733931e+00
4.859332220260896285e-01
-1.874481402031986654e-01
-1.207608024396900959e+00
8.919062589375467143e-01
2.707681053511901692e-01
2.030868902736881587e+00
6.959640841589675997e-02
-1.772348416024128959e+00
-8.247650367342704847e-01
-3.075774395591811761e+00
2.937485158817526587e-01
-1.089528230837408795e-01
-4.598324248134058045e-01
-6.332096793561917680e-01
-8.197750330244124584e-01
2.498519747332292429e+00
7.111161461378832094e-01
2.377036673960281621e-01
2.111604937964684514e-01
3.323749998653437565e+00
-5.075552685344449921e-01
1.365236020046415311e+00
-5.514756945066858762e-01
1.978497891266950692e-01
-1.045506806698265345e-01
-5.446932690326533599e-01
-1.038594508057903987e+00
2.993954022478212407e-01
5.974339659780443235e-01
1.286687055385725031e+00
2.184428909893848747e+00
-2.093733726249152216e+00
2.230702084557270926e+00
2.804088501824971491e+00
-3.559144065893621867e-01
5.434517161197247148e+00
-2.452225482409594370e+00
9.140264295738121936e-01
1.105416906920913545e-01
9.121646916349499534e-01
-1.510881165816913008e-01
-1.000473870005331722e+00
1.400940167629106947e-01
2.434831805117659842e-01
-5.275976228720808958e-01
2.463945949557727833e+00
2.376544416285772066e+00
-4.248322617629413323e+00
1.951105462696789417e+00
-2.195698820660784367e+00
2.216084438888437980e+00
-2.090909449193443237e+00
-8.309965872483219274e-01
-1.355541939996681156e-01
1.911004537201833831e+00
1.588257473741190751e+00
2.183211781481112279e+00
-1.289092261502984949e+00
-4.795328142927698933e-01
1.028079044417667287e+00
-1.012154181666508279e+00
-7.779449831856344311e-01
2.598174090550929183e+00
7.673227890093115455e+00
-1.368564785493068481e+00
-6.628792050297351857e-01
-1.236819049431618023e+00
1.438209345814999374e+00
-2.795442704020164038e-01
1.165414656738306132e+00
2.015875595937199893e+00
-2.066942170764702436e+00
2.534998873758610216e+00
8.898002884687523650e-01
1.886904802596625630e-01
-1.719232410866819771e+00
-4.816962450406822582e-01
8.901692486997475617e-01
1.090475261406958607e+00
1.395584618727088611e+00
1.442419009612375680e-01
-7.411108699739510364e-01
-1.806015314923409276e+00
-1.120761981673136676e+00
8.233272457914218023e-01
-4.299746894257054364e-01
9.809813673744642859e-01
2.083476978424351200e-01
3.935356434572069073e+00
-3.450232642027488694e-01
-5.126841258504710730e-01
-7.279722222304837453e-01
6.330186542821948370e-01
2.113162070753264565e+00
-2.848150550553507632e-01
-1.651060064582528186e+00
-1.515237466683795109e+00
-8.385374978850205219e-01
-2.813115216887610015e-01
5.002660720349638712e-01
5.791433276765103888e-02
-9.797690465876844890e-01
2.683971922504032381e+00
2.888790360104457333e-01
-9.884778914843364017e-01
-9.745112259373334140e-02
2.539142240528532657e+00
2.157833839648794161e+00
-1.382275678399360608e+00
1.067086229132534703e+00
3.332524996975975151e-01
-1.114091186157483149e+00
1.257405414329874960e+00
3.328360110338826061e-01
9.371236200772673497e-01
4.631263353989202858e-01
4.878184692986203830e-01
-3.113146375059415716e-01
1.339405132983026436e-02
2.239649339633353886e-01
1.754153621236368699e-01
1.312685876563209342e-01
2.030384309888832561e+00
1.122010095015790326e-01
-3.570047471030329822e-01
7.972999078751901170e-01
5.416006005728485340e-01
-2.038945691370482871e-01
7.111652144494577943e-01
4.321899514963811750e-04
-1.034353597635350314e-01
4.134542133902300298e-01
-1.087243164337751367e+00
7.664928568927082964e-01
7.320990720871443092e-01
-6.103136704538089097e-01
1.213242759740543741e+00
5.046222929086144893e-01
5.234206696385186319e-01
1.335691403522807574e+00
1.185477199289164174e+00
-2.928855414597828638e-02
5.746601269360462894e-02
-8.369832134497589005e-01
-2.787707919308157756e-01
1.000000000000000000e+00
5.601822089001080585e-01
