-2.243243378062229620e+00
1.561118513308693556e+00
-2.200682781472909966e+00
2.570734522656250576e-01
-8.310194676733112518e-02
6.702458439329296302e-01
-1.579784739290834628e+00
-9.773927507939998982e-01
-2.134660147020290388e+00
-5.511677667927339375e-01
7.922202358513041887e-01
-2.505461185337093388e-02
1.022820023286282298e+00
-2.313558328609333525e+00
8.903956961860015618e-01
4.271743287330105332e-01
-1.065116207291948669e+00
-2.624928759521633292e+00
-1.792526483414541572e-01
-5.168995609002597913e-01
1.950437634909731432e+00
1.033537415605100707e+00
9.508042142753461157e-01
-7.865066095003238056e-01
-3.241031407427141797e-01
1.420867393127086764e+00
-8.328917998492062491e-01
-1.923004316163953398e+00
1.141396786335446389e+00
8.010841746351229364e-01
8.007402705777083574e-01
-1.306769611609887471e+00
4.236053494583643664e-01
2.941153191446854720e-01
1.087070633990206758e+00
-6.398330573699199109e-01
1.427473554137608902e+00
5.747388357386077340e-01
6.901071424346787442e-01
5.300173284925917550e-01
-1.032296647678510926e+00
-1.716719644873563044e-01
-1.362515062314139991e+00
2.639120411810783606e-01
-6.106477665138217992e-01
-1.679705026797497336e+00
-3.042930456585887011e+00
2.975034066942718880e+00
1.091173936451913296e+00
-9.738847733820338304e-01
-2.978565469220403550e+00
7.657114511500446863e-01
-1.289337545407525543e+00
-8.371702733031127774e-02
-3.558334513656561948e-01
-4.282018010275631670e-02
-1.271279257293027154e+00
-1.420049337813602541e+00
-1.083477161574963876e-01
1.289202310453088973e+00
-1.464320910959531208e+00
3.533710107432862513e-01
6.735035775256108526e-01
1.515164927315228338e+00
4.575285266360744618e-01
-1.629377805342212771e+00
8.927672214742934376e-01
-2.547444912259615446e-01
-2.969520716665676185e-01
2.427635130845811062e-01
-8.549581358904190242e-02
2.676798456628978751e-01
-4.197859008838660255e-01
2.564134316831635507e-01
-9.717046059689780080e-01
8.247812925664157468e-01
1.609410878443114923e-01
9.238720378276068512e-01
9.422598728410743751e-01
-4.087407471763928601e-01
-3.198051731029134537e+00
2.605522543732438634e-01
-1.434714871414665138e-01
2.143606831613490193e+00
-1.455773907516190402e+00
-4.430974375203893811e-01
5.468943012046265650e-01
1.038013975091814700e+00
-2.437606358205339330e+00
-1.353051209246191044e-01
-3.332408474225984740e+00
8.437628084415900176e-01
2.276545641743154214e+00
-1.872723862668677741e+00
-1.643664403236042126e+00
-2.992200041815055833e+00
4.454792230090386385e-01
-2.039699994290507246e-02
3.361035902577855783e-01
-5.083693081418489967e-01
-3.534729813821726463e-01
7.062077091669996531e-02
-1.550651855687203984e+00
-1.904880023636480901e+00
-3.107546158487959342e-01
3.121946076673940418e-01
4.720637693284398528e-01
8.643333960581627284e-01
1.267407223352945422e-01
-3.017664109153191276e+00
-8.246841877664324860e-01
-3.400317026119784036e-01
-9.720594306253897976e-01
-1.641741925808362979e+00
7.669736149135197856e-01
-8.732551017607651511e-01
-2.077758581798684889e-01
-1.104875216970162999e+00
-3.560805859374652105e+00
3.207805371653470461e-01
1.734871633412266245e+00
-1.603867854208272270e+00
1.226480492603621020e+00
-1.897799945426720925e+00
7.521975483670106932e-02
-1.334479234756181798e+00
-1.171715886062820289e+00
1.391545950373399343e+00
8.594155380287562540e-01
-3.750916224903322327e+00
-1.490883455054093920e-01
1.371159735550193215e+00
-7.334837481287219685e-01
-7.734672868657126443e-01
-1.941334823740038296e+00
6.120022710712927916e-01
-2.685732802819050802e-01
-1.440132571588513155e+00
1.015691557265226308e+00
2.568202419645647439e+00
5.831918509699873798e-02
-1.306137831492943713e+00
6.911976467139036018e-03
-2.448374559591623978e+00
-1.394162068913296304e+00
-6.837331355183281500e-01
9.131272902931189539e-02
-3.197350739978643830e-01
-1.200861300162893164e-01
-2.005309657446043836e-01
3.152606377233085899e-02
3.806453678385671724e-01
-3.505270319505148002e+00
-6.639438213930753951e-01
-7.321597941936480725e-02
-2.119181058425821718e+00
-3.437065085639889883e-02
-6.246802248918204015e-01
-3.569098681063340717e-01
7.075336868544679358e-01
-7.353739562820527098e-01
-2.174023429368053151e+00
-2.079593999031709717e-01
-8.127822477431374537e-01
-8.152801364949286977e-01
4.771027469162605339e-01
-2.009923421179349579e-01
-3.147748951486784713e-02
-2.998679265606131739e-01
-1.470146950921364493e+00
4.519724878967264492e-01
-1.669246595965979685e+00
-1.695002691692220953e+00
1.375658470587764803e+00
-9.173941846182547266e-01
1.960812481898557280e+00
-1.865369923970619848e+00
2.591701720296362144e+00
-7.456219044670737706e-01
4.856521852872212192e-02
-1.462847098820762859e-01
-1.039374089451572392e+00
-1.420259468509820655e+00
3.016887687182436273e-01
8.348379485049097770e-01
8.588425502920032928e-01
1.549663135699488881e-01
-1.104908231448328504e+00
2.430881252222226452e-02
-2.925976243631018825e-01
-5.527004207046275486e-01
-2.490714141482886390e+00
-3.846027065311121151e-01
2.465321006909602986e+00
-2.678225389585887628e-01
1.037276053070998794e+00
7.584367559552918081e-02
4.408847999284354890e-01
1.973437307563550291e-01
-9.889589633470129149e-02
-1.845081949137078903e+00
-5.588478085471071388e-01
-2.034083868956738428e+00
2.564393372421676642e-01
3.807386755681225754e-01
7.834446401524916559e-02
-2.085241455642814490e-01
1.014727315960667120e+00
8.965477177653884411e-01
-1.713299599194818112e+00
1.788635444329129409e-01
3.793247657567856201e+00
3.585177451518059555e-01
2.746875953718359131e+00
-5.705395211212480611e-01
7.351660306365387365e-01
1.189840517061115488e+00
8.641915980873944303e-01
-4.017582953696205439e-01
-7.149044577682065471e-01
2.311656190440892988e+00
-2.634285500594092944e-01
5.633655344171943913e-01
1.704941555518127538e+00
-5.435027897264550489e-01
-2.442587110561114105e+00
-6.588079239333711756e-01
-1.970383223173703402e-01
-1.258664810228076192e+00
-3.371227841747332921e-01
1.982346721036185588e-01
1.263056276672554379e+00
9.765840040162067082e-01
-1.033498156390454170e+00
3.298024881559229460e+00
-6.321399456153257157e-01
1.026983700726342708e+00
-1.032346109401026002e+00
7.316557319199189502e-01
-1.151341049943132466e+00
6.395045264807197594e-01
7.261302321676099680e-04
2.984188222240549138e-01
-2.151343853650198312e+00
2.407210980068984263e+00
-5.135610454495306287e-01
6.589929145709257918e-01
-1.769006815131658028e+00
-6.433772511513572434e-01
7.100619774586550470e+00
-3.932673357230054845e-01
8.957329829643194685e-01
4.473999464986844754e-01
1.422909398976335948e+00
3.597793295809662006e-01
4.774568770409226004e-01
-2.069064401046690205e-01
9.245341499610110203e-01
8.041740883852737110e-01
-4.120539518612935104e-01
2.658574059674535306e+00
-4.707215139597059443e-03
-2.164163095923181679e+00
1.514800943810001632e+00
1.621318666200062542e-01
-1.531855773955408173e+00
7.488853347934105731e-01
-7.573218226022955246e-01
1.477382626716986280e+00
-1.210336977591674135e+00
1.719433301665275637e+00
-2.481166747092996006e-01
-7.637201015056268583e-01
-2.051414810860072990e-01
1.287889231497765241e+00
1.326800505429927002e+00
-9.763811783191769234e-01
1.679216578471532717e+00
1.430218706951547958e+00
-1.952961498888708070e+00
1.177997998280305048e+00
2.404847410656466344e+00
-1.153869339677936035e+00
4.494745226947017835e-01
-2.054407389178085075e-01
2.426676397620737724e+00
2.819745280049376746e+00
1.510818794288049771e+00
1.727441826381230561e+00
6.269970079102369365e-01
1.606082658635355376e+00
9.715829676119775993e-01
3.923357018477091618e-01
2.645058165999138566e+00
-2.220867188726034946e+00
3.480822759486001949e-01
-5.884766105173672157e-01
3.368959638405748525e-01
2.664518577065749128e+00
8.503763644707653668e-01
-2.239011219800868258e+00
-3.041404849162858692e+00
-8.866493128237072918e-01
1.339575934862686113e+00
-2.415212172885283337e+00
-2.866244120268659934e+00
-2.130995447425136025e+00
-5.708802377622412827e-01
2.485973444405606525e+00
1.818878719685768530e+00
-9.492916000678706112e-01
9.470852133928429062e-01
2.300199065752194905e+00
-1.120308143581598248e+00
8.880570107001846125e-01
4.175804848242658629e+00
6.587251365665285074e-02
1.339821175921549035e+00
7.097716002056810025e-02
2.563767912051541753e+00
4.177697094930474364e+00
4.610762267643577772e-01
-2.374149650425180780e-01
-1.164730951204038689e+00
7.716743097677289942e-01
2.065135749027449119e-01
2.445928653907853523e+00
8.065368335520608500e-01
1.091633426669995188e+00
1.082879222788801554e+00
-5.877089263662752527e-01
6.087953390856937208e-03
-2.208013509886283809e-01
-9.103384608857025828e-01
-6.521377174656137754e-01
-1.212791582281360636e+00
-4.128033099033666664e-01
-1.216515684877439885e+00
2.142197041704603233e-01
-5.942511351582346890e-01
1.040654745150892069e+00
3.479968211529853028e-01
-3.515843711291703588e+00
3.727121103488924003e-01
-1.072627906911335222e-01
-1.057252619807939276e+00
-1.994942197283223084e+00
9.444949926933913220e-01
1.182489387893168153e+00
5.606984079702447277e-01
9.454586490635832341e-01
-1.190091895999659588e+00
-3.881721744872405289e+00
-2.029990621636308390e+00
-1.852905500599768995e+00
-1.797076246210026262e+00
-6.406571835070067333e-01
-4.439956882561690854e-01
2.822343855225721843e-01
-3.077902801976388769e-01
1.173634501379568151e+00
3.569672512718133350e-02
-1.096367886501372180e+00
2.353163860581307665e-01
-7.629477249461620314e-01
-2.896638764934543087e+00
-2.709629213143526227e-01
-4.221470105840210429e-01
3.251880803145938970e-01
5.433081606902236960e-01
-4.165421606181737846e-01
-5.593534974972597107e-01
1.408761595379248721e+00
-9.639873491531700256e-02
1.087905186500702781e+00
3.604896174350591398e-02
-2.817716062438339719e+00
-1.374415659728268846e+00
8.936094928122368941e-01
-8.203512906304336605e-01
3.081878739521713761e+00
-2.685167551865274227e+00
3.291082807722715553e-01
-6.386217394950612913e-01
2.071158614860812985e-01
1.510532478309802307e-01
-1.094185459951012129e+00
-1.234829494376377124e+00
7.159353038720595030e-01
1.679513487505193803e+00
8.091218001007151328e-02
3.288716911334688131e-02
-8.651644432244129379e-02
-2.797052265994442344e+00
-1.794276472549511503e+00
2.586560940424261212e-01
1.224504302099323594e+00
-1.025260346931644362e+00
3.486926656140332814e-01
-2.631258946444982261e+00
3.820648921128023456e+00
1.040259674931967027e+00
-1.180045809995689865e+00
-2.537347879962209785e+00
2.395507087701255866e+00
2.917308035303970981e-01
8.555569601913336486e-01
4.678754956644380347e-01
7.060613358277864071e-01
-8.170930432397896515e-02
-2.889121684355679121e-02
-9.943751689811625161e-01
-1.471158950567689749e-01
2.070911367452370033e+00
1.758057568003911442e+00
-3.649554931806382463e-01
1.647464608575194278e-02
-2.987906553630219619e-01
-1.076793656686160450e+00
5.532555496888935664e-01
7.857071819505357935e-01
-1.009346306681364047e-01
6.453546020780197567e-01
1.121964316930834871e+00
-5.872925625200453581e-01
3.455065656954098841e-01
4.786049854331526077e-01
3.339836794168469236e+00
-1.708111440789595203e+00
-3.772795251566086333e-02
7.843986961549883619e-01
-9.773885747288613146e-01
-1.280322660973387761e+00
-2.381988074058642990e+00
2.147598303087816962e+00
-3.572688088223467395e-01
-1.737569972243760696e-01
6.126216214934274706e-01
-1.105549829751150126e+00
-9.228495947225159313e-01
3.135748776374415847e+00
2.622840558987099335e+00
2.056543169941091875e+00
5.764822429583567054e-01
1.455857652988116202e+00
1.339289569615156772e+00
-3.044914102963269809e-01
1.735229015499528682e+00
2.494369561782473266e+00
7.780156279156731358e-01
-3.583481967687873304e+00
-8.707083080071640335e-01
-6.063088210049638604e-01
6.219348607804369156e-01
1.674322770902036739e+00
6.491159977913091295e-01
1.316049178228575478e-01
1.421514294079143870e+00
2.417891788044139290e+00
1.284964387304694755e+00
4.252408607084773307e-01
-2.763484895576107103e+00
6.812459496494186473e-01
-1.040637269127495212e+00
-1.820428462545365944e+00
8.287743375840305182e-01
2.309815214092930002e+00
-1.635858908459508543e+00
2.817831746315428432e-01
2.598251407933047652e+00
-6.521947464868758093e-01
-1.925893914156782794e+00
-8.350064530587687495e-01
6.150145272491684689e-02
-1.250352266341171026e+00
-2.906683092160200488e-02
-1.041809367804840569e+00
1.524227533255693379e+00
-7.440697353798910729e-01
1.129435986612725706e+00
1.209217133826477608e-01
7.268998128019865668e-01
-1.898495369505189379e+00
3.158465360570035685e+00
1.126528359206011798e+00
-1.059017803068396324e+00
-1.484275514898404091e-01
-4.923694882485751129e-02
1.607607375880537592e+00
-1.164082198213667763e+00
1.303373121093053255e-01
-3.764059586619087350e-01
-9.950303513579311643e-01
7.569682987145112119e-01
-1.051142549594541453e+00
2.379448617250046749e-01
1.361243789293391959e+00
-1.196828636914105015e+00
1.481690567899128563e+00
-9.501187032208413541e-01
-6.666044947960779454e-02
1.490546657794049323e-01
-3.243018946116129619e+00
-8.517908695791992502e-01
-1.745807273015276273e+00
-7.507675418497057607e-02
1.565805568385532531e+00
-8.876398611275555517e-01
-2.288749858096501111e+00
1.659038296400626278e+00
-1.108916627616649553e+00
6.198279632141501239e-01
3.011193943856048438e+00
4.946923473074159583e-01
1.807048717842882901e+00
2.313835959513004692e+00
-6.981437638077178098e-01
-2.733801383984124644e-01
1.111792871387321746e+00
-3.535730605642166124e-01
-6.957828616277624834e-01
1.340707535730195632e+00
-8.605023344625321036e-01
-1.996135214235156718e+00
-1.477978096380887729e+00
1.271995031495603223e+00
-1.152985235413535703e+00
-2.673033900958308617e+00
-4.858405105167867832e-01
-5.825435260953888417e-01
-1.160560742930879297e+00
-2.902674479688577058e+00
2.642911122287592840e-01
2.059550240559743894e+00
-2.199998171346299269e+00
7.737446625597524941e-01
1.022985057168400491e+00
-1.755961508415039063e+00
-7.530200207428444648e-02
1.396357049632724667e+00
2.495923575775483627e+00
-6.177142945486278069e-01
-9.305405173202935254e-01
-1.091020056023549900e+00
7.899621750120933150e-02
-8.994362504158412985e-01
-1.908407083064869170e+00
4.498972335265438716e-01
-3.580092055215681190e-01
2.010500159520742791e+00
-1.067783182984177071e+00
-7.511850480277281195e-01
-5.652504631799081247e-01
-1.165408115923469712e-01
-4.342696980616944646e-02
-1.151518695200710041e-01
-2.228023727305700419e+00
1.204614149610955920e+00
9.531488303850921273e-01
-2.100561425317032382e-02
-8.640575107830499035e-02
7.699698029976624891e-01
-7.264071610492673914e-01
-1.325483490043954937e+00
-5.116670204600867744e-02
-4.602545265512943962e-01
1.450388214137909193e+00
2.707168027651728481e-01
1.147114706621371605e-01
4.805346440990688750e-01
4.315205371328431072e-01
-4.695123607613878036e-01
1.444369822860217312e+00
-1.129505943219509589e+00
3.236236973123345351e+00
-1.784655609644666852e+00
4.076134911973548824e+00
1.563430185143214413e+00
-6.536318984291955569e-01
2.563103597546064094e+00
-1.571871989473068165e-01
-4.513743826684724958e+00
-1.408949116563198878e+00
5.039623766016186890e-01
-2.151644976761597050e+00
6.756610507640236074e-01
-3.195608613375204854e+00
-3.032402024746049252e-01
-6.812284421446610505e-01
-3.407282464527130461e-01
8.797331665717718074e-01
-6.393020943138936207e-01
1.118719886503389604e+00
1.480174577694044258e+00
-7.962406050646075872e-01
-8.086079967192458251e-02
6.008567743660834237e-01
3.738303463001873550e-01
-2.768732609732867944e-01
5.016997282985552475e-01
-1.273167537633057123e+00
-2.356278483699301152e+00
-1.923381213569812509e-01
-2.092124736845555333e+00
-8.897034287341795133e-01
-1.454656051249597848e+00
-1.546194762085565610e+00
-1.370146867604935981e+00
1.582409972999413994e-01
-1.609565065237154258e+00
1.596103317212568484e+00
1.098095026694911880e+00
2.174020113448780656e+00
1.224265608983511111e+00
2.312120442909356033e+00
-1.862323929316329174e+00
-1.516279285227131624e+00
7.326466662931102602e-01
1.267669189438809241e+00
1.225119191800347229e+00
-1.510039085591693975e-02
-7.840667490702697418e-01
4.656828652416634129e-01
-4.946783224331723350e-01
-5.189909279397258990e-01
-2.283670762587172831e+00
-1.144502493681061717e+00
1.249575273258100472e+00
7.379538905956941619e-01
9.375569916617204624e-01
1.917678234385857827e-01
-3.917750385565632598e-01
-8.018835417421017464e-01
-3.219890152200335365e+00
3.684018708721713553e-01
5.525882238094032006e-01
-2.318789320473812587e+00
-2.716050771172717315e+00
1.627777990673630493e+00
2.138137518071995258e-01
5.053771878890849223e-01
6.612972497994697996e-01
5.341057744289341436e-01
-2.678190078633780669e+00
2.234049886879004632e+00
-1.491573001065522819e+00
1.472711419304229885e+00
-3.540454023120778171e-01
2.236153176054815450e+00
-1.120221596048122770e+00
1.504985637770530627e+00
9.978116654427084953e-01
-1.956853006058382749e-01
-1.949773302348473347e+00
1.837221130688800663e+00
