7.916241147233178399e-01
-9.368526068755136382e-01
-9.864830664435897400e-01
-9.366920295888758741e-01
5.209749050777021662e-01
-8.851655458950724586e-01
-9.022712217693551473e-01
3.824077704106290110e-01
-6.196911903901018981e-01
-5.315453311585047746e-01
8.909035185534737167e-01
2.176318981047772994e+00
9.299219813675956292e-01
-3.797069384703475325e-01
6.604887807058312799e-01
-2.478919695247820520e+00
-7.748041066921449449e-01
4.233171825961856705e-02
-9.902129799891465911e-01
-1.311598761145615910e-02
2.657350006971430645e-01
6.433229068782437832e-01
-2.909597532172585321e-01
-3.940152582605602749e-01
-2.997273067359407239e-01
4.191374019039639798e-01
3.196391946648622362e-01
1.028357446722159008e-01
-4.561778147170935105e-01
-7.940906217508392206e-01
7.425515294165667690e-01
1.563996885526308667e-02
-3.161830807494747653e-01
-6.585053987884905702e-01
5.559018387380121329e-02
-6.372973609106586945e-01
-4.548029582430974660e-01
-9.635202651235419413e-01
8.560778095384102837e-01
-3.853905372296071441e-01
-5.064212599240960344e-01
7.083700855770842519e-01
-3.519513578436888057e-01
7.036862366884206743e-01
-4.263547078070335505e-01
-1.871399669709667979e-01
4.429010867187699318e-02
-7.321664940216523476e-01
2.570888662196263441e-02
-7.346691513650853711e-01
9.489477456905890396e-01
7.741562213338388787e-01
1.436097658169385172e-01
-6.602974587571894816e-01
-9.583606818067109678e-01
2.717154301052140397e-01
-2.876408575842212212e+00
1.070573939446222145e-01
-3.883988086134919637e-01
-9.330894879152762389e-01
7.021383209343412535e-01
-5.970748198633535342e-01
5.302317830663194620e-01
-8.123330097791199300e-01
3.523631877050004135e-02
2.742449378152511663e-02
-9.658474140728050550e-01
5.371734569986532648e-01
-3.149826301177707233e-01
5.865093295369232518e-01
-8.340327963741063222e-01
-3.616571748565808875e-01
1.942639166234427783e-02
6.536791221238530403e-02
8.965221932819944506e-02
1.431291358720047313e+00
1.978624066194254016e+00
3.897120326859186967e-01
9.207432065754552752e-01
-6.227427150530000510e-01
-3.837065861419989288e-01
-2.505656880343789528e-01
-9.357777725455778128e-01
-4.698251818317487061e-01
-7.709894863007493715e-01
-3.511391541917212589e-01
-3.927922105255543528e-01
3.010566967780952119e-01
4.661613966685689281e-01
-1.384522368687794103e+00
3.200934806389072462e-01
4.204637975118068471e-01
1.293469128907996701e+00
-2.426227555188561202e-01
7.854946019927910861e-01
6.209254779578230465e-01
-1.712085413337867124e-01
5.295533865208752466e-01
-1.975578348212660984e-01
-1.259650236532839029e+00
6.218703868746300323e-01
-8.540622470117955611e-01
-9.413966668672379967e-02
-6.501707016739346479e-01
5.949258142354683088e-01
-1.344980757222262735e-01
-7.124684924775144257e-01
-2.241745425939003944e+00
-2.406221200225476586e+00
5.134680511074458664e-01
-7.786980896657701434e-01
-5.129193407708627639e-01
-1.214515583434372381e-02
-9.650271494809188333e-01
-7.645195158465543095e-01
-1.031070089505479626e+00
-5.045321658098542716e-01
4.309719770536424299e-01
8.781216615025975170e-01
-2.861746144841177397e-01
-3.707892578715756837e-01
-8.334173236676976071e-01
1.184749923757959511e-01
3.582319488416447761e-01
-9.683427806143214411e-01
6.874306718759770618e-02
5.459886573670369447e-01
-8.587794270640097816e-01
-1.086446665967983227e+00
6.448111485167296042e-01
-7.747203826989759179e-01
-6.938414709410991588e-01
-6.733764261759314085e-01
-1.129821360993377155e-03
2.390251519972972361e-01
-4.013411939192930156e-01
-2.853899118590261796e-01
3.352718117649589047e-02
-1.451998904974352023e-01
-9.187047683943516674e-02
-3.128616335014382521e-01
-4.544032967643416576e-01
4.586907898694563279e-01
-5.598771533612925122e-01
-2.864957448320692990e-01
-2.921679645339883002e-01
3.076650177365194416e-01
3.200400705467814078e-01
2.217580073447269484e-01
-7.627461554712258174e-01
-1.537388026311781175e-01
-3.352545076289925596e-02
-9.149245471404463537e-01
-6.730537400724831976e-01
-2.134919177227340370e+00
-5.684092549163755059e-01
6.905649183233111277e-01
-7.936326294909168411e-01
7.155793930908922462e-01
5.611280343087854394e-01
7.863001023814466528e-01
2.950269099652642613e-01
-6.514909517203677503e-01
1.542248504986263313e-01
-7.210803927893043586e-01
-1.827536036378001327e-01
8.453364654914021781e-01
1.014840453212986215e-01
6.915601335711927256e-01
4.908713745892401281e-01
1.003079119063254865e-02
-1.553980479624736954e-01
-3.483633079835384283e-01
8.706559916541853905e-01
7.975661142512329160e-01
9.263119056181770006e-01
-4.461125890651038706e-01
9.112278488460476833e-01
5.719535631625913830e-01
-4.237246001167012110e-01
5.210893510634940773e-01
-2.320243284433751718e-01
-9.915039456215086755e-01
-6.070321740373980646e-01
-2.900889716421315434e-01
-8.159505876399630875e-01
-3.377588642564608445e-01
-8.889641594325132790e-01
-3.463197252506828860e-01
-6.891220115330385365e-01
6.171623700371323129e-02
4.331011775805078123e-01
-8.893263160944870904e-01
2.616203912912060670e-01
-4.529096820250875233e-01
-2.301984768140741267e-02
-3.931372941021860079e-01
4.422378241821256495e-02
-9.493741403500937093e-01
8.082784867448347121e-01
7.085861674489224438e-01
3.985899304817519528e-01
1.834665159918547062e-01
1.539301464963394039e-02
3.964702803694772348e-01
-4.445055030279980723e-01
-1.746423413154569726e-01
4.765055717822339609e-01
-9.092820908905563382e-01
1.397479077789305357e+00
-8.558644300224629298e-01
9.684550358269941039e-01
-6.972530197678741271e-01
6.347382617049970310e-01
-2.089568789212277178e-01
-7.504039468345715669e-01
2.077686462547891910e-01
-8.307873772936529289e-01
7.467374728430908881e-01
-1.411373857236990492e-01
-8.619154170931309089e-02
8.936640684942458446e-01
2.321633637636129066e-01
-1.027877685162214227e+00
3.756556568492137593e-01
-5.209742916671165069e-01
-7.827768674824207018e-01
-6.300363316952719561e-01
2.109807356723700789e-01
6.081058034929462952e-01
-6.685145074030298673e-01
8.227289131016843893e-01
-6.777710376880885512e-01
5.139742882322231310e-01
-2.285900697516218827e-04
9.236904353241610632e-01
1.841513077591379721e+00
-1.804654723996808041e-01
5.940219024392237035e-01
-5.386248087798293227e-01
3.502139945559308298e-01
-9.950706688025503510e-01
4.949731028681303435e-01
3.300599522861700219e-01
7.707906854324448886e-01
1.980266073002903138e-01
-4.805370589424784455e-01
8.428168933659645479e-01
-5.821837357738735008e-01
-6.345276213819641686e-01
4.447698010924523992e-01
-7.828963319303612334e-01
1.425875774828153641e-01
7.572328989147154577e-01
4.925786101534319616e-01
-3.688886720031030464e-01
-8.646380933605872787e-01
-3.566896251722972977e-02
-3.628919678583208963e-01
-6.218778992989792975e-01
-1.836828101291452242e-01
-5.010216403559035747e-01
7.711273482469696017e-01
8.355376495479176491e-01
-5.991990725800855344e-01
