-3.132213822983230256e-01
-3.656887634001856346e-01
-9.241836175589780433e-01
1.167215555300371799e+00
-2.362577816473216519e+00
8.663581951912305984e-03
5.457751707161724308e-01
-9.994821424861718429e-01
5.409277165176903379e-01
1.788510329471480143e+00
1.068623905538552549e-01
1.126862684934929915e+00
1.712105013510363816e-01
-4.902785947758897533e-01
1.321468875683300626e+00
1.897365241297590821e-01
1.857077428672522679e+00
1.384733638245164267e+00
8.831397846313151501e-01
2.631033860196106966e-01
2.020647608748831203e-01
-1.253644044764985699e+00
7.143821534459988687e-01
1.698814873875915121e-01
2.408653040777200549e-01
-4.925263927098209593e-01
6.182274923851792670e-01
7.957843965690595267e-01
-3.508757256806768199e-01
-9.073219040466536101e-02
-4.064325334152921188e-02
5.822949452027721406e-01
2.321163208139236933e-01
1.465457123451421761e+00
-3.701109401033173540e-01
2.387151190571718817e-01
4.548166152338357082e-01
2.013546501080095474e+00
2.464983828544524067e-02
-4.108769322434464577e-01
1.800458179435523665e+00
-1.420695984409152901e+00
-1.504930132167014767e+00
1.711888732824798920e+00
-1.879592191978610050e+00
1.734291936975262960e-01
5.177527679118285597e-01
5.530195809028738418e-01
-2.781085265657139871e+00
-2.570434745722733894e-01
6.457136161045071709e-01
1.622959984174932035e-01
-1.448000408494360888e-02
-1.373832001481249954e-01
6.171028752613961776e-01
1.291638399743359367e+00
-2.112760342823205573e-01
-1.338958142013468189e+00
-9.169883828950853299e-01
6.685710234979274080e-01
-1.362196268495597662e-01
1.310303013971024777e-01
4.097820106402651902e-02
-2.141543633585799022e-01
-1.308345578616777027e+00
-5.007073869010796319e-01
-1.894897722797803663e-01
7.402288641479867204e-01
1.108292910260363584e+00
1.782658929828624172e+00
7.391514062336870805e-02
4.498706030838844905e-01
-1.153813181704712587e-01
1.761279511602559245e+00
8.756085292725458435e-01
1.826739414090991165e+00
-2.539957850543156592e+00
-1.087418056713207903e+00
8.485360551866426571e-01
-1.643501042475790097e+00
-8.122093469234692442e-01
1.544639569601986839e-01
-1.070509429151884850e+00
-7.562679307491044778e-01
3.367732281246002546e-01
5.288640822019692322e-01
3.514846604013606435e-02
9.412783778483716501e-01
9.698074756275387731e-01
-7.777461124843804141e-01
1.069843591703218376e-02
1.104067855454644365e+00
3.993729265984971577e-01
-4.586752513019738409e-01
-1.121848856779261272e+00
4.820130685341462995e-02
8.975614972599216257e-01
1.121313429012174456e+00
4.735829589488573244e-01
3.057718610393190817e-01
2.721891070722816663e-01
3.607829517577728073e-01
2.428923424568619205e-01
8.122424997968131777e-01
6.281038416845808880e-01
-1.493791146931768010e-01
-1.287996512262636895e+00
3.737967528381981597e-02
3.713413612320207169e-02
-1.175747146034159751e+00
-9.415916160029719206e-01
2.477898311536238740e+00
-9.923287018564007633e-01
1.015701473303152191e+00
1.084298052533050560e+00
6.439411250354905025e-01
-1.520999514673587960e+00
9.529486497834969982e-02
-1.619884948415264647e+00
2.692994473482816509e-01
-3.649779307838264542e-01
-1.919906609347778736e-01
1.274331333560068336e+00
-1.788578967678435383e+00
-2.634924122167549565e-01
-3.583797793449182700e-01
-1.371156036947045909e+00
-2.421451154770625780e-01
3.407481196141301516e-01
-1.218387199446450131e+00
-7.567398687589848016e-01
1.055408281351526423e+00
-1.799126937436067442e+00
2.146019641433286884e-01
-1.158076365848850209e+00
3.078136365472312064e-01
2.898269519608299705e-01
2.534853119461324411e+00
-2.004832994684799807e+00
1.502186354752691244e+00
-4.659338650215018585e-01
-5.468616078422597893e-01
-1.215470608261001617e+00
1.155081938650790868e-01
-1.463459998551997376e+00
5.174655324054071581e-01
-6.822402932225319905e-01
-1.739456022369030297e-01
1.460236434304585940e-01
-1.122210033195525591e+00
1.180236844279428210e+00
-1.205413574243375585e+00
8.347803144044509960e-01
2.307429819141201544e-01
-1.925496586570153990e-01
6.156633161676252630e-01
-3.775177216280868331e-01
-1.044234931277682188e+00
2.459831789740727359e+00
1.464828443048674433e+00
-4.435364519283326312e-01
-1.171039989206556831e+00
1.502477445374102508e-02
-4.185143815922602317e-01
-1.102347276197261638e-01
1.105971891344160962e+00
9.299899458243154893e-01
2.361208719097046271e-01
3.559366811988748935e-01
-7.526517482398759062e-01
-3.671713917098688995e-01
1.249140659018006971e+00
6.494103365538003159e-01
2.019215957267591399e+00
-3.331661377677815894e-01
-1.528069632450018478e+00
8.586743415999144313e-02
1.369548276725632840e+00
-1.104270977492414429e+00
-8.686222805088237298e-01
-3.657745628111380709e-01
-6.045988971109028665e-01
-6.424273760573830927e-01
-2.407410940331169286e-02
2.344183398666101148e+00
2.449518603003877637e-01
-1.730380328738209572e+00
1.298765681611269374e+00
-9.876253143857996464e-02
-3.600587759632651319e-01
-1.636841909875152434e-01
-4.471651318806622588e-01
-3.908896702993503447e-01
3.216510529744093325e-03
1.484188129454657723e+00
4.993409315067864895e-01
5.276356439309112245e-01
3.379743440385446496e-01
2.012187280948171342e+00
4.457015172595866770e-01
6.394153497868899916e-02
-4.386492505315587320e-01
6.816921565221490953e-01
1.146811189409147058e+00
8.092141128240112335e-01
6.011141324715741918e-01
3.290210739073524265e-02
-8.653922740620453857e-02
-3.869347574988259431e-01
8.150735863199595199e-01
1.634962244035373491e+00
-2.094404426180598022e-01
2.614548532478170317e-01
3.236876620797806581e+00
-4.405454640643116093e-01
1.977270256547397909e-01
5.015087436417162703e-01
-2.354474564119144187e-01
-8.104181056538857231e-01
-1.743890141416667872e+00
2.584319814881062549e-01
3.278902624158980261e-01
-5.040982627020058615e-01
-2.245293624530994236e+00
-6.154454874881188503e-03
-7.069854204724926872e-01
4.690761490124545352e-01
2.869384889378036041e-01
5.599760238153513869e-01
1.059929673696783814e+00
4.791183876930601299e-02
9.806329567057810170e-02
-7.584798560782469723e-01
-6.090793988443129470e-01
-7.219884550536941337e-01
-9.772827171137645763e-01
1.389503620496661540e-01
-6.593779911907561297e-01
8.655663500034602165e-02
1.357802935785509035e+00
1.634677544185314968e+00
-2.099616505632459607e+00
8.762504365952248353e-01
-1.595084817349758488e+00
-2.814645340920112204e-01
8.863708414577224914e-01
-1.114840962336561603e+00
-4.779495080645773109e-01
2.896811287436865667e-01
1.256105113064271306e+00
-4.353945397512474225e-01
2.647105922193654370e-02
-1.556732199149272633e+00
-4.774718795924907111e-01
2.374468820915020650e+00
1.980857872207829606e+00
-7.278402310865459413e-01
-5.711349702988355315e-01
-7.262482514885507667e-01
1.146398465267224331e+00
-9.416445946432713821e-02
8.996469370632106388e-01
-4.984361213480750785e-01
5.559863364204026964e-02
-1.968165061111623038e-01
-2.791461171690821641e-01
1.529179599053329230e+00
-1.141192545789690316e+00
1.836001626948833287e+00
1.352739448744338047e+00
1.344869043566689237e+00
5.052868172263238478e-01
2.378356260676090239e-01
-3.369296378381574364e-01
1.041660344904888458e+00
9.670980916012758000e-01
1.363683094592798850e-01
2.733073387102212148e+00
4.034236906637910791e-01
9.728489639048649718e-01
1.402859435875364991e+00
-1.766492192874729861e-01
-1.817136852304957362e+00
-8.930885822517234951e-01
1.191009304113890277e+00
-1.391039035085386510e+00
-1.293623761797946914e+00
9.536249148757136584e-01
-8.956288222322340564e-01
-7.259728590592801067e-01
-7.559756549909876222e-01
9.488106835286909124e-01
4.220027138933444832e-01
5.189735569602303977e-01
1.187560193214576509e+00
1.893193485370310514e+00
-1.512567006631252431e+00
-7.364366942791777948e-01
-1.080388232718566127e-01
-8.136600621056916394e-01
-8.035530043465963779e-01
-9.026172542630412909e-01
-3.984013186818186614e-01
9.276622039512324447e-01
2.145359403449608182e-01
-4.490677928598930668e-01
6.246621715801140562e-01
7.355165480674427103e-01
3.122842892412492910e-01
1.163348270678306484e+00
2.041872961917468865e-01
-1.878236270476497216e+00
8.258234265587147682e-01
-1.458492839129747587e+00
2.043048673176146857e-01
1.889054682868297252e+00
1.670677063025474585e+00
1.554448315869900066e+00
-7.197558792794955806e-01
1.007477290039934248e+00
-1.159580048149783660e-01
1.775509169096210066e-02
3.249955499243310092e-02
-1.394162675022873943e+00
6.475703833430800360e-01
3.619450960655801186e-02
2.304562248605489749e+00
6.139546475934441055e-02
2.753482173099650043e-01
-9.123627464800200537e-03
2.939526116538354050e-01
1.743247485342946490e+00
4.507117841356977350e-01
-3.446103743281814791e-01
1.005690823121379696e+00
1.129959135959422711e-01
-7.366212945216424335e-02
4.995166683847672706e-01
2.062129378376698075e-01
-1.521003716964459240e+00
3.732592470129826312e-01
2.581142639129662686e-01
-1.363929630241773827e+00
-3.011461826562056299e-01
4.368755755822146813e-01
-3.741600373704101923e+00
-2.255836024143242025e+00
-1.347271877775096272e+00
1.608979430861443127e+00
1.786693858592137626e-02
6.315323543602313627e-02
-7.252060846074338818e-02
-5.252025898785246394e-01
1.775433941046686281e-01
1.184672003972500276e+00
-2.000157774467662186e+00
-8.100952417819642370e-01
8.600035050408229298e-02
7.927186318853639557e-01
1.344051734306333512e-01
1.440284147738819742e+00
1.099062921285984373e+00
4.840083896239229765e-03
-8.642942582004288221e-01
1.974557057708692942e-01
1.003218129479320320e+00
-1.086798268491770747e+00
-1.317950681751939856e-01
-1.990016144042890296e-03
4.394532941678908622e-01
1.882072880445170293e-01
1.772503426302356466e-01
-7.726700891076997424e-01
-1.169474984348845351e-02
4.173559825573557730e-02
1.783237305908911274e+00
-1.369442050988776138e+00
6.304307751379960578e-01
-1.748510705519727537e+00
-1.045722525653879631e-01
2.078700472496116114e-01
6.986220070819523231e-01
4.351648282357167274e-01
-1.556802953414743174e-01
-5.887205833380914077e-01
-4.028970261616986459e-01
4.501663859224125375e-01
5.778316184554868618e-02
1.403958950477981693e+00
-1.979166934638084463e+00
4.253287838483105210e-01
-7.153504588645471785e-01
-1.529911531510234068e+00
-1.683649060074293047e+00
-9.728615211312244826e-01
-6.459376983275839645e-01
4.873927092372735137e-01
-3.005050907509005387e-01
9.159644606366965647e-01
-8.955850973058362974e-02
9.072347721764942863e-01
-1.795658503776214721e+00
1.291745240721291384e-02
5.329486176968739608e-01
-5.592721108527130003e-01
1.039026173596854230e+00
-1.538771454979294406e-01
1.290472334693550271e+00
3.515943510880591982e-01
4.873613634337691236e-01
-2.694388819621533315e+00
9.157067627341768379e-01
1.936063637087158673e+00
-7.704862612734966199e-01
3.334993028023170436e-01
2.703899382276779284e-01
-2.663123402767083592e-01
-1.763646968852238817e-01
-6.063124708456341105e-01
3.368303670681308759e+00
-8.640753342666321890e-01
-4.363229484564258298e-01
-4.018327405821986442e-01
2.180608778897187072e+00
2.562486450173785624e+00
4.151743818091330751e-01
-1.878757502053422623e+00
2.023185148779448994e+00
2.382107451303253354e-01
1.358066503987173324e+00
-2.285595360134125842e-01
-1.164848673357818942e+00
-2.967433079205984980e-01
-1.038390270593072096e+00
5.898435188543271757e-01
-1.085497626293280948e+00
1.567814183660334981e+00
-1.073873737242682092e+00
-4.803382846361972658e-01
-1.930567049718502903e-01
-3.735067375565511716e-01
1.304721660984634601e+00
-5.241832073405106041e-01
1.183691275635505441e-01
8.202028013086476443e-01
-5.496372868973005144e-01
1.081055797527139983e+00
-1.426873974133507361e-01
-1.546965676601610995e-01
-1.013847962853311913e+00
1.062071902225575792e+00
-1.753387779576190741e+00
-7.925863704894728912e-01
1.292023921522910568e+00
-1.127542716669036049e-01
1.776393859401426134e+00
2.110203655446250881e+00
8.592120833273665381e-01
-4.188184084008295116e-01
-4.657727196918869383e-01
2.962181536306780494e-01
-4.062823711044595831e-01
2.235803008483865373e-01
4.420445789871336184e-01
2.300823113860281932e-01
-1.519614370468663100e+00
1.312173050214571424e+00
-2.064533249792902758e+00
-2.975942064795037423e-01
1.072272924609142357e-02
1.417771514921774889e+00
1.416824674762384051e+00
-1.185506770905455864e+00
1.769525642792763309e-01
-9.521559814234469288e-01
-4.869938809461137330e-01
-1.116154080687431494e+00
3.708204763123211789e-01
-1.376805100508658175e-01
1.523871108965785037e+00
3.070716426260096665e-01
-3.608997546595341110e-01
5.422641411116542187e-01
1.322936709007757061e+00
-2.391076277402784389e-01
-3.236716806140900182e-01
7.985423259657835615e-01
1.221709089747290644e+00
1.152742821478292212e+00
-6.094705096733523675e-01
1.217120234384618138e+00
-3.422240588417644336e-01
-1.626106285583750255e+00
-1.076341466095735777e+00
8.511868020662383127e-01
-6.102716834094545906e-01
4.538446734116651227e-01
-9.059793249570902152e-03
-1.572257682904940612e+00
-1.789306871366553420e+00
1.334888927138681902e+00
1.281867421328038770e+00
-2.567301156496907488e+00
-1.034089001648072159e+00
-1.275380809055117970e+00
4.198300774296997440e-01
-9.265286309603441017e-01
-8.210740971513948161e-02
-6.482275300761546066e-02
-1.444718978268975329e+00
-2.597065883022188437e+00
9.301539179744974795e-02
-6.807958911575472394e-01
-1.769505693906202159e+00
-1.034897084994692573e+00
3.153310439494636658e-02
6.965416099340910883e-01
5.303766024455739414e-01
-2.600850979842156407e-01
-4.033615940399390420e-01
-2.217221030208293420e-01
-2.495171615923328368e-01
-1.073931282191469938e+00
5.361143573023557235e-02
-8.474017236533627762e-02
5.251116425978765712e-01
5.145362454089479343e-01
4.672918916963832436e-01
2.054560256407959695e+00
1.214335938205934440e+00
-1.691843100221355756e-01
-3.842454696892541599e-01
-2.522684381781865604e-01
2.488278130590117154e+00
6.162810075354110406e-01
-2.324288010721029807e-01
1.932196762701122728e-01
7.311337671295358165e-01
-1.497426201201687679e+00
9.348020473893808857e-01
3.955654411978858365e-01
-8.452135733337267087e-01
5.262402871001780058e-01
8.768375318712612332e-01
-4.766206291505587500e-01
1.302450961451357969e+00
-2.549370956422125079e-01
1.804075317873969242e+00
7.979994707129796083e-01
6.633154455324542509e-01
1.456432877937789083e+00
8.749130119441306253e-01
-2.086092966031854790e+00
8.809171083443873007e-02
-9.959859841000048841e-02
-7.590333322125301097e-01
-8.780057489067880638e-01
-6.441000493099208191e-01
4.934782400308471706e-01
1.101569056300876204e+00
1.443794442019080693e-01
-5.982097471351220941e-01
5.117963926960571452e-01
1.088587452358778629e+00
-1.725807703076182031e-01
-4.420973126208175286e-01
-1.116971762310960070e+00
-4.901327078167875273e-01
1.644687926272979384e-01
-1.220355647438730928e+00
-9.356013792354114442e-03
9.004366489189601364e-01
-1.005694707138828026e+00
5.344088584639445916e-01
-3.422284965150709790e-01
7.887214747314801322e-01
-2.578853515934889096e-01
-1.038636151902865512e+00
-1.357540937005254598e-03
-1.359391043403535837e-01
7.280514925837894280e-01
-5.026466535700400140e-01
-5.681214959810463316e-01
-1.286334115219271990e+00
-4.208509041248189586e-01
-5.261830443196060386e-02
3.793079848187389524e-01
-1.848957098040330399e-02
1.430827037989067074e+00
-2.853038713721615660e-01
2.519753250542733913e-01
4.469925599865832710e-01
-3.589270429295485787e-01
-2.153341892159762239e+00
1.548743998123661036e+00
7.092398969733597625e-01
-2.032423525354715710e-01
5.497097190247803855e-01
1.159893497400177609e-01
-5.112292823996928970e-01
-1.167093622149844689e+00
1.436848023052191392e+00
8.743179759342987190e-01
-7.760371417327052157e-01
-1.159254932633948298e+00
7.057730619161606267e-01
-7.552118633276363457e-01
1.021095700435779463e+00
5.971513584550635079e-01
-1.220245575540905847e+00
1.212944789585677530e+00
-2.783872284399543928e-01
9.755564371501008747e-01
8.067947228898249001e-01
7.254881740713164939e-01
-9.588401157218073845e-02
7.085642692808141740e-01
-7.154349879304644499e-01
9.348424229629137550e-01
-3.477777172301472763e-01
4.393157234031212499e-01
2.159785289216542281e-01
-2.620101149247484607e-01
-1.100194875652463988e+00
1.440576026037019508e+00
-8.003035595273602087e-01
-7.650214932757940511e-01
-7.898806174844119621e-02
-2.458590998926997728e-01
-2.679395316304390429e-01
-5.543035578726285273e-01
1.385817850568828447e-01
-1.977280945239013044e-01
1.389230878867802887e-01
1.167427072605822236e+00
-1.465785854007890077e+00
-8.325009802585291441e-01
2.243254218150210200e-01
1.970120807914040650e+00
9.366118744956716813e-02
7.395722831560571642e-01
-3.422242043765327812e-01
2.832207774934972555e+00
-1.158935491367468623e-01
4.898058277178846814e-02
-1.092813440584353146e-01
1.531884502548069571e-01
1.549702427999899434e+00
3.648852946952823445e-02
-3.929103735173403722e-01
-2.001618905513687929e-01
9.060208159661601313e-01
7.334851353198689194e-01
7.365660993211725627e-01
-7.042012403564287260e-01
7.226125340139252229e-01
-6.249154200641189316e-01
-5.060505499893418468e-01
7.423386186127459707e-01
4.834051935551675339e-01
8.804586468441270852e-02
5.269644741921650777e-01
-1.792948493137530852e-01
-6.945056651142196558e-02
-1.194211676822374946e+00
-1.524126008200212823e+00
-1.028050428042267123e-01
9.736609964459258526e-01
-1.192254067773492743e+00
-7.902742876193041832e-01
9.361743106821132643e-02
-5.245329056481473629e-01
-1.455690846456281662e+00
1.183887025638131529e+00
-1.551946081971096625e+00
-6.065707743190750234e-01
-1.005733002375993168e+00
1.003317025465870344e-01
5.730464832721874346e-01
-7.343128163968248856e-01
6.639746467081791836e-01
-9.377398326431528319e-02
1.042608060235805434e+00
1.067256930433559958e-01
-1.791062030259187532e+00
-7.636699089161302911e-02
-9.999489074046463699e-01
1.942234372341274939e+00
3.802437841886235348e-01
1.420144274931015360e+00
4.273530077143319200e-02
9.816591884006974772e-03
-1.178162535619554641e+00
-6.057459676170179330e-01
-2.323389189254766229e+00
-2.851531167067264949e-01
7.395455421608607138e-02
-3.622129477184220514e-01
-3.533749275065506401e-01
4.085678106498152329e-01
