-3.505058295305680804e-01
2.901742428038149857e-01
-7.584756739398061942e-01
-7.805850328580310471e-01
-8.016364314540320724e-01
1.563119832423895073e+00
3.286409675950006104e-01
-1.570301544126182502e-01
-4.127529116128132447e-01
-7.644365833175463809e-01
-1.125621821563451253e+00
-8.146633075066109786e-01
-7.943792601880641513e-01
5.393578591884011786e-01
-3.014820306939953731e-01
3.783347446166560601e-01
5.799952406974815400e-01
-8.990520650686524284e-01
-1.798757925856642181e-02
4.512008260091633360e-01
-7.237191569689223059e-01
-1.399242710665642986e-01
-9.986780449620595856e-01
2.129530149490155289e-01
-2.093944786524637447e-01
-1.992619902475908811e+00
-2.095101066100916176e-01
5.762126609479767403e-02
-6.521765250735038766e-01
8.848766672250594212e-01
1.740411886865102620e+00
5.907130129477993208e-01
4.009025449334155944e-01
1.008620309810129845e-01
6.342733797360469161e-01
3.812653509857950596e-01
-9.815020086118217968e-01
8.432114335857820997e-01
-2.056399120736432939e-01
-8.279720953755727031e-01
5.516447558784753902e-02
-1.327636329555253736e-01
-5.912588371075446769e-01
-2.421205147375765643e-01
2.490858525942115653e-01
6.624453647221428820e-01
-5.029202601598135036e-01
2.832002288694120962e-01
-6.960635544697535426e-01
-1.362337394930817069e-01
-3.710239667469394931e-01
5.793190834511041665e-02
-1.163443128050549724e-01
-2.262422427613783871e-01
4.974288393419020182e-01
-4.036366569630207568e-01
6.680881538005269960e-01
-5.336047401159913495e-01
-4.051000356587632911e-01
-1.839164732470697228e-01
8.615996972187873748e-01
1.334982059580256397e-01
-1.711517400325226479e-01
-7.954250721232309917e-01
-3.790514572969698737e-01
2.575250496820868484e+00
7.945842858835958644e-01
9.701188215578903096e-01
-6.183676982494270558e-01
9.779140649692559251e-01
-8.646528128863664175e-01
-2.266171463114019513e-02
-2.322562503069240947e-01
-1.539311321192901705e+00
1.529677278300971555e+00
-2.697149884822147570e-01
-1.670051585273427897e+00
-3.471351429994391502e-01
7.996024381203548081e-02
8.223341430693973386e-01
-8.924121660322945626e-01
-1.153185273211554396e-02
7.990982348633541843e-01
-8.343574772034316744e-01
-2.488402384000996115e+00
1.398545978422797376e+00
1.000739515513872080e+00
3.575992949491693107e-01
-5.792531459922702908e-01
1.102401119933593687e+00
-4.722633676697365335e-01
4.843453102068115967e-01
8.141120705728019935e-01
-1.593498337674887244e+00
1.124803935503951635e+00
4.650452515913821028e-01
9.518200654746389322e-01
9.601276053242286945e-01
-3.268166401832574008e-01
-4.838712211080962167e-01
-6.808521241402121227e-02
1.216883450647991971e-01
1.115680375647994937e-01
7.844239857609287547e-01
-6.358750045121825956e-01
5.880586801318388179e-01
-1.303047777826489728e+00
5.329559454329557688e-03
-5.566180576359716081e-01
-5.508691730728567659e-01
-4.864741226687978592e-01
9.288615342887043269e-01
-3.241898908979194971e+00
8.709134070502790870e-01
1.933874686865496573e-01
1.531902699816490188e+00
-8.721088355144763771e-01
1.333636671285863162e+00
4.088820726655610915e-01
-8.260240775581981776e-01
-9.640500074519486873e-01
1.972717787370406595e-01
9.338799134823656534e-01
4.607155904856004014e-01
3.376774011719370083e-01
-7.231714673377340752e-01
-7.721422913428266366e-02
3.134741141125187980e-01
2.882332523893513798e-01
-5.081697790781345425e-01
-3.119950807687994931e+00
-6.681702967783953451e-02
6.401120046334047853e-01
-2.413762379207777808e-01
3.280931039004330252e+00
-1.093053573499954467e+00
-1.635048387156931238e+00
-1.303023281408249634e+00
-5.701937577172555560e-01
2.072426018301032347e-01
1.399999442477316780e+00
-8.602442954919646834e-01
-2.588130972942570551e-01
-1.504213110966446498e+00
-4.876280024897090559e-01
-3.171362254206087083e-01
4.977427441263244656e-01
1.620806702595799731e+00
1.344847167450859970e-01
-9.844038921528537323e-01
6.763617446764540464e-01
-4.379614854035636107e-01
3.862075082320317598e-01
9.195340862703278439e-01
6.447730773514719349e-01
-7.906786346501455398e-01
-8.897744750101712619e-01
-4.055376870187638039e-01
-2.470478301527503362e-01
4.251783336608529140e+00
1.629189337365960499e+00
-1.367453543794613147e+00
-2.401739183145301659e-02
-7.388769771664545072e-01
-5.908318401765213501e-01
7.896168803896783661e-01
-3.841902645330719235e-01
3.896441832957009410e-02
-7.732190243467007562e-02
1.197904997574841257e+00
3.587454796780595423e+00
7.883322664781777789e-01
-2.638166878421166484e-01
-1.183816178910297445e+00
-3.448637514941481630e-01
6.538405313769020122e-01
4.152682607575184370e-01
6.544599045509134072e-01
7.263096090496057311e-01
9.046713020988175202e-01
-2.798174640896299303e-01
1.004942741277888366e-02
4.216115460908165247e-02
3.040381299192819742e-01
-9.486481596351687973e-01
-9.872882179598330143e-01
-4.547541728911661529e-01
7.975660757725759886e-01
4.070863724975093412e-01
4.636617808825899134e-01
7.492605357322015269e-01
5.342850136224834845e-01
6.342366954620948238e-01
-3.387629689631943553e-01
-3.983308096895179506e-01
-2.834681581855509336e-01
-4.476374662916948743e-01
-3.565663232998889098e-01
-1.096442254419638829e+00
-4.240288169810164653e-01
-8.396394672954208271e-01
-2.005575062664409991e+00
-1.019046812564315396e-01
-9.021291643544819827e-01
-2.740797591428785207e-01
3.820268099611148216e-01
-1.789333997924185127e-01
-2.743760388215403800e+00
-1.400955427386198160e+00
3.401028620476937991e-01
-5.477460300747801769e-01
-1.426846791216199728e-01
-7.824816628791964046e-01
-2.379072302941498407e-02
-2.883207553952882307e-01
-1.252392765952824227e+00
-1.579228181838119305e-01
4.642223664172286379e-01
-5.910258149729542554e-01
-7.373704176534523480e-01
-1.533435093098416413e-01
1.653329267763294919e-01
-6.435515001755807152e-01
-8.592074580153730157e-02
9.237392003041058341e-01
-6.236931545163706403e-01
-7.225017258751982308e-01
-6.114355166452984935e-01
-8.046239184747183693e-01
-7.426378230491970101e-03
1.261857909684795498e+00
-6.191901201928684539e-01
3.802954893252172841e-01
7.384674840827449849e-01
-4.101040931933024325e-01
1.633670615869002862e-01
-1.974091103530741798e-01
9.800897655533888919e-01
2.000033807778262229e+00
2.633949704966275895e+00
5.721711319966791276e-01
6.548809625723495120e-01
9.536279865322858651e-01
2.545339213146233792e-01
5.058393670570042744e-01
1.588765732532952946e-01
-7.338020295259912729e-01
8.941597231882387753e-01
-5.765224645510834689e-01
7.076776589460125333e-01
-5.679120800661037194e-01
5.924119286839949483e-01
4.465784484137298449e-01
9.301474003536653878e-01
-1.261795836972737783e+00
9.593023437971259781e-01
-1.970970399689433439e-01
4.652612974372123400e-01
-1.957458855767340911e+00
-1.012800298084315820e+00
1.753467281060547833e-01
-5.683095276504124271e-03
-5.800772741999979942e-01
8.438797249063761940e-01
1.369648228577655669e-01
