9.321294239704380757e-01
1.815771356055374097e+00
3.985638120744324775e-01
3.913291491792945664e-01
3.670832092526236656e-01
3.637299148869754806e-01
-1.289272038823306987e-01
1.215763544516395678e+00
-8.027643997297203571e-01
5.158188022125318462e-01
8.733775514261354900e-01
1.865865434618874663e-01
1.129778673754821584e-02
3.991212010521059672e-01
-1.189309157140685524e+00
3.585887190877035113e-01
-9.155740665145619683e-01
1.419446038010874211e-01
8.291127391850703354e-01
-2.798188581272855302e+00
-9.372385420342027595e-01
-1.108233848458590742e+00
2.677920248933946534e-01
-3.790443030642372535e-01
4.997300088951057706e-01
-1.100062790121919543e-02
-1.712891523776937319e+00
-9.446025933979961264e-01
1.063522514856873213e+00
6.883952912659080381e-01
-1.242872997121351686e+00
-9.163822173162976259e-02
-1.313013437031009145e+00
-1.031225186739685773e+00
2.595420806736354447e+00
7.014521178515211730e-01
1.852370431056218791e+00
-7.642892963884684310e-01
9.930697409632850414e-01
1.266730938171907184e+00
6.391259829079527499e-01
-7.430993530067829811e-01
-9.462573142222564515e-01
-6.294242637285182296e-01
-2.828581801883768843e-01
1.355396024059558391e+00
1.138877427602658754e+00
-2.836463917331565332e-01
-1.898284286174859670e+00
-9.974089704498870779e-01
5.944048119317961731e-01
-3.633723404158372139e-01
-1.156980791294533351e+00
3.141541573767498985e-01
3.740600340943510127e-01
-3.073194592049104390e-01
1.366582431349863347e+00
-1.776960759516392097e+00
1.098468594604594006e+00
-1.376083738959660518e+00
3.268086604663277273e-01
1.782589418625084354e+00
4.297760554387732301e-01
-4.452236979584034415e-01
-2.217703739528891771e-01
4.811529828184066271e-01
-7.058588541447120834e-02
6.618682852271691175e-01
-3.535169229684681502e-01
-3.856027312001107377e-01
9.449971591762602596e-01
-2.749567186114175721e-01
-9.236532072356672396e-01
-1.706168075476535595e+00
6.571676005436449808e-01
7.045621926205090091e-01
3.622126376012218540e-01
5.213959250891738728e-01
-2.031770228691703595e-01
7.883470858017220806e-01
-1.095966417762377132e+00
2.282409725494587982e-01
7.201915944696564154e-01
-1.027323875610165055e-01
9.720840530883978481e-01
2.346939482536930244e-01
1.837513309192427557e-01
-6.134147973249082231e-01
-3.184488306016698411e-01
-1.157939189539026303e+00
-1.129244391179268003e+00
4.670524327762137773e-01
7.389193831852717276e-01
-1.125916148185328813e+00
7.676691608583041670e-01
1.023400918449565156e+00
1.804000557311679492e-03
-1.075501176086161914e+00
-7.750116989933975020e-01
9.115178378962850436e-01
-7.060915066532671425e-01
-2.163559509855828011e-01
-7.395916310697833174e-01
8.452442316617299334e-03
3.487144016409923081e-02
1.498968495144238355e+00
-1.046281824807786975e+00
-2.093306441353658398e-01
3.921133795194951532e-01
-5.374860548021560547e-01
-1.446030328790018082e-01
-6.623503586974448243e-02
-1.145579649755581908e+00
2.263270316009093452e+00
5.383580624867293496e-01
7.542327686415968291e-01
-1.274978192799822274e+00
3.470255756786312928e-01
-1.264248873963261799e+00
1.271258447083925547e-01
-6.057645271081979477e-01
3.184129574887009650e-01
-1.222544904845504821e+00
1.205309771237917049e+00
3.483137373638570122e-01
-8.798236392441289855e-01
1.127789967351629175e+00
5.080957240499421879e-01
2.270299199232092280e-01
1.020196144276118710e+00
1.492385105663349476e+00
5.663051238476967120e-01
3.355360803306661754e-01
-3.183828094990864832e-01
1.196048206814774639e+00
-1.157265258288742715e-01
9.812408264829322047e-01
8.413116681409575914e-01
-2.424339310804465963e+00
-8.200166561773418739e-01
1.786211737316930392e+00
8.059120862949742392e-01
-3.683423717280064902e-01
4.112912574488550299e-01
8.177773043488283378e-01
1.182705634167507958e-01
-4.915336091250850914e-01
1.771627832129227587e+00
-1.221394575400181814e+00
7.581499417170810551e-01
5.130323688938703830e-01
-9.801139508616305562e-01
2.717097601970095977e-01
-7.840594176253184999e-01
-8.123386615986424308e-01
-2.942874759867780687e-02
2.765292657617058669e+00
4.663075414712575251e-01
-1.311906468881540722e-01
1.045491359311468083e+00
4.592962435052018177e-01
1.321771306099057963e-01
-3.933892466066838955e-01
-1.185619456244450864e+00
4.051732672760852833e-02
-1.976193303193484185e-01
2.888679030898270828e+00
3.874015136822138161e-01
-1.050370702487113617e+00
-1.405687671706173258e+00
-1.128171985857433279e+00
-2.068146777721042273e+00
-3.252835056960100002e-01
-8.369292922592580508e-01
-2.433790586737038797e-01
1.623860718890836941e+00
7.201076371521217823e-01
-3.388106707638190440e-01
4.166324376591055145e-01
-1.090892990992300859e+00
3.250102244726330025e-02
-8.721822868584726551e-01
6.916356585382453792e-01
8.500918382086185554e-01
-1.806069477562687042e-01
7.412629132704519341e-02
9.511812436862767672e-01
-1.054259962935101935e+00
3.336899230546781503e-01
-4.263170151667746155e-01
1.174332778947281136e-01
-8.169095372336797334e-02
9.031144308819491484e-02
-9.591970969030005900e-01
-4.603740292889086372e-01
1.369256562912414266e+00
1.929172275727140118e-01
-4.150203136243930113e-01
-3.545896430189526272e-01
2.353477239667753462e+00
-1.275055329245313729e+00
-1.419960898472775623e+00
2.004732544812144024e+00
-3.201385907187215274e-02
-1.196674732781456418e+00
4.561605899366529826e-01
-9.745693779243577368e-03
4.548284074419743361e-01
3.819684416035494245e-01
1.345727253580538685e+00
1.014287975505345329e+00
-6.466042357197457902e-01
1.482083645505470226e+00
-9.351452425780337752e-01
-1.155684964317341690e+00
-4.231035720355279944e-02
7.270278856852667726e-01
-2.442695232008680051e-01
4.972725947339845520e-01
-5.155633981594560655e-01
6.017679886360042252e-01
-1.286012530335424620e+00
1.544300206488836258e+00
7.001687040448442145e-01
3.356978231511125732e-01
-6.583870788772119287e-01
-5.346625094622784458e-01
-4.773212059144128494e-01
-4.010050611894482864e-01
-1.756054888034865646e+00
-1.154975182950405826e-01
-9.619374035336365480e-01
-3.184663668200972408e-02
-1.439630652283475420e+00
5.819604223304911672e-01
-1.733151622555001437e+00
-4.288071588970325809e-01
5.828259158388958694e-01
-2.503562411628430517e-01
5.867784610299524584e-01
2.391876698351814157e-01
2.319157464831393400e-01
-5.686917037523917529e-01
-1.849867647385754488e-01
-3.202876032126377170e-01
4.292366087371929373e-01
-3.997722500707850957e-01
1.191718833449708637e+00
-7.593641378597170144e-01
4.051829598116720166e-01
2.598227122464827898e-01
-6.441170022730169364e-01
2.036991502743816795e-01
2.605888011424802309e-01
1.566669245315350789e+00
-6.975523009775473904e-01
-4.582119628408231476e-02
-8.927536906176356535e-01
-4.018920588282564599e-01
-7.357174642837632783e-01
-4.427030725952102452e-01
-1.634395651816255679e+00
-2.770928504167897710e-01
-2.409844318525579121e-01
2.527201544348273154e-01
5.198524654795720901e-01
-1.249220707081043935e+00
1.085821108857548012e+00
9.342622308214765248e-01
1.060519894984740974e+00
1.074041585512311991e+00
-5.050864433411694776e-01
1.951028770831692682e+00
-1.849853544365905045e-01
-5.086721955556515740e-01
-8.815704084685284103e-01
-1.085088828666625371e+00
6.805142568242494860e-01
-1.230338492046006538e+00
3.054843936495068579e+00
-2.581951437966539808e-01
1.245998882771067962e+00
-7.536058194788551878e-01
-1.110941835959123464e-01
1.615483777148005451e-01
-1.163645439822128536e+00
-4.679085104349290369e-01
-7.879045969398046356e-01
-2.312906022907446346e-01
9.921102165211106438e-01
-2.437538887986521186e-01
1.298119922686424621e+00
-1.241792052271719182e+00
-1.326405043576911025e+00
4.133450746878367110e-01
6.492040583168311452e-01
-1.404292286675116408e+00
-8.689643031049082422e-01
1.160227069726508908e+00
1.400986548377123886e-01
5.518714552259805783e-01
3.924570766365557684e-01
-5.378069243106450292e-01
-1.826485995350756175e-01
1.084429648097559457e-01
7.228755188089994177e-02
-3.984216723534479004e-02
-6.082289124898129229e-01
2.761701982827333701e-01
5.283334133369784608e-02
-1.436040412817839229e+00
1.840650308330198381e+00
5.497085757474113876e-01
4.120345468390979593e-01
-3.126730668291139437e-01
-5.276311201454526589e-01
-1.555888042677481264e+00
1.717975004052042065e+00
1.507228818691592087e+00
-1.419647849301718834e+00
5.878418989034783770e-01
5.069812579298882405e-02
1.387689286415497492e+00
9.587695782236370645e-01
3.895165232286388890e-01
-4.665300308375082694e-01
1.130520656326702067e+00
1.228227876751005976e+00
6.274312741257724868e-01
2.935902193203424049e-01
-8.171369612088663636e-01
-4.346658712306153971e-01
-1.058602555632330189e+00
1.622282039919331065e-01
9.351717759001483901e-03
-9.844229594099358771e-02
-8.432723973869813427e-01
-5.056372066885136407e-01
1.593590021048790495e-01
5.157507943900606351e-02
-1.410755623199833331e-01
-1.580099857665136387e+00
-2.611676268279872759e-01
1.727461613980055599e+00
-1.086049781832887806e+00
-7.487480875412417802e-01
-1.680959897129501002e+00
-1.416389103341675615e-01
6.655702539155091690e-01
-2.243519873812871782e-02
-1.244316685520733712e+00
-6.206731043046245441e-03
-9.573403457202086519e-01
-1.009480560533623450e+00
6.329502105475603990e-01
-1.582392031101322871e+00
3.586131007290414563e-01
5.519912961523459893e-01
-9.842001286248042158e-01
-1.002456303385170638e-01
-3.156217481706349859e-01
5.813500208940121095e-01
-6.508560176920543672e-01
-2.350706772675396294e+00
-6.679375070117559154e-01
-6.479925054138481189e-01
-6.525811396992777791e-01
-5.634327845551739822e-01
-1.350604231456199233e+00
4.447202251158295927e-01
5.882376865024885326e-01
9.229800410439518987e-03
1.607462166663584380e-01
2.190877248528334265e-01
-5.779625847073991407e-01
-9.476676698907025020e-01
-7.616066917589955354e-01
1.798204947135988163e-01
-9.212938891687744158e-01
8.840821131872356187e-01
1.428643765343215799e+00
9.030552644583061950e-01
-3.978366571506711247e-02
1.639282918243694098e-01
-6.692883768301451097e-02
2.095754720308200536e+00
3.035568226511575762e-01
1.479602581293772312e+00
-5.501995419057193609e-02
-9.553917034542100950e-01
1.655816631570731778e-01
-1.270750192134865175e+00
5.167288475754268084e-01
7.514440256245280558e-01
1.826704049137181540e+00
-8.152240239971053626e-01
-9.366508027190053598e-01
-1.198559954617618661e+00
1.090246678411898262e+00
6.065774249747741820e-01
2.306917422247341420e+00
-3.631430943478483053e-01
5.649665426221589515e-01
-9.857038977131424851e-01
1.722462201897511508e-02
-4.858045391818527348e-01
1.567669375254122421e+00
-3.789423370817437409e-01
4.655250635498712763e-01
-7.224828628941438735e-01
-1.732370506468475346e+00
-3.539875725624832548e-01
-1.262334566293533911e+00
-1.532263812646703416e+00
7.469499071782657040e-01
-7.285604562616165847e-01
3.290822799018616185e-01
2.037625626486235575e+00
3.675048851785950310e-01
3.120362853807939763e-02
2.021593405662161835e+00
3.332322417828315064e-01
1.466733470291132546e+00
-3.997221498505443837e-01
1.131963405513989995e+00
-6.878777529059174611e-01
-1.067763079311135233e+00
-2.710161608311391079e-01
1.206586774377850446e+00
5.727552625171535711e-02
9.921657940891062122e-01
-2.154443665787347528e-01
-6.504916643487531625e-01
5.526775923625480980e-01
1.680997976694853291e+00
1.551989055423957486e+00
-2.645703434060716619e-01
1.294169925390946663e+00
-2.115321756973057299e-01
2.428207551037624146e-01
-5.019754524701188769e-01
-4.394599992515623721e-01
1.733199169563467867e+00
6.828226807705707335e-01
-1.319779391741187080e-01
2.241440016493677356e-02
1.665129373820534386e+00
-6.160772863776331487e-02
-4.014826507094211849e-01
-7.483790127568921979e-02
-4.884207842377929487e-01
-6.275226324291223456e-02
-1.246356762520592465e+00
7.132662480702200991e-02
7.366197432274858292e-02
-7.124039201572617275e-01
-8.978024076363406714e-01
-1.276372604990596349e+00
1.161756409656415689e+00
8.632068177892702199e-01
1.108580586691640529e-01
-4.117848051106610119e-01
5.553645144410053192e-01
2.244133273213851254e+00
-1.149801628715752422e+00
-4.409510338738815705e-01
1.628741998763520771e+00
-5.633319794572653194e-01
-1.020993223425011864e+00
-2.274602165158860073e-02
-5.391737889858513322e-01
-1.107438283927546507e+00
4.802494909077614782e-01
2.481290962186314175e+00
-4.927506906142378740e-01
4.123221672960281081e-01
6.296173000152165411e-01
7.657544383386468700e-01
-2.364902972957353411e-01
1.847486360099210412e+00
3.439280551854408396e-01
7.989787611775084342e-01
4.941392480645657170e-01
-1.051165777104261734e+00
-1.864946432104317153e-01
-1.021828017586313253e+00
-1.012668352893341117e+00
1.781422459939562275e-01
9.874045387485635983e-01
1.722896419071049401e+00
6.601079953106532283e-01
-4.496045947463774839e-01
-7.439988892704876289e-01
9.335861105823685113e-01
4.780233216390435413e-01
-5.486854200821570382e-01
-6.792893326960064426e-01
8.380718647698840451e-01
5.002074895661131615e-01
-1.013288927177315779e+00
-9.102744785226253299e-01
-6.401943253694750702e-01
9.855434603081518752e-01
-6.137034544076470644e-01
1.500771188852853433e+00
1.611352491426810918e+00
-1.248977275805402298e+00
1.062310289314785994e+00
-7.018571461912431753e-02
-2.156675975915528787e-01
1.000000000000000000e+00
-7.058588541447120834e-02
1.000000000000000000e+00
-9.462573142222564515e-01
-5.018706490688902289e-01
6.870616471906079159e-01
