-1.012165196146317170e+00
3.293340140470435995e-01
1.844339277860553294e-01
8.383766368016001280e-01
2.929825626282589468e-01
-2.229454491109452707e-01
-3.766500737833768930e-01
3.933602468314215117e-03
2.869531699986431761e-01
3.464612559330581543e-01
7.821701863116312659e-01
3.075264200467552889e-01
-5.935973672178873617e-01
-4.568796921081998419e-01
2.794550180361673464e-01
2.957640217023105311e-01
5.974952774776483011e-01
1.440752910798660524e+00
1.323757764262330217e-01
3.646689957326557097e-01
5.155570526334772863e-01
6.701088917364332875e-01
-9.917915129716325939e-01
7.754500232365573176e-01
-1.139361513884284083e+00
-3.840103117520861087e-01
-9.093356039215658160e-02
-1.439825162872336861e+00
-2.333787905843281718e-01
3.498491878924807619e-01
1.166922155501344815e-01
5.453844772911097261e-01
-4.659202124053121175e-01
-2.694775224206608644e-01
-6.571696791931078696e-01
9.091642000581235949e-01
-7.763982371967478868e-02
-6.004399817976086712e-02
-6.229796752606746590e-01
3.597674214939970971e-01
-3.302033728557278724e-01
9.312234123780083195e-02
-5.722551697681017846e-02
-5.428149970206270769e-01
9.995866980486107778e-01
4.500605482085362485e-03
3.755291499375407183e-02
4.296427166419788390e-01
1.899812072088194470e-01
9.422137832680905767e-01
-6.885700598666679717e-01
-2.509375101047405798e-01
-1.847147653947315837e-01
-5.381249221097965385e-02
3.401425093154998303e-01
1.629728281926543232e-01
-8.432586457009885184e-01
2.789375627235038957e-01
4.275311297760365226e-01
-2.623710376246682352e-01
4.712606176685387727e-01
4.314783311327597959e-01
6.065744060123173798e-01
-1.267263708923177523e-02
3.400743043711769165e-01
-4.078060007877928328e-01
2.935227379242866808e-01
1.649282021048598113e-01
-2.470918457880645902e-01
4.237583641469800377e-01
2.454733598582464205e-01
-1.569694597845676109e-01
2.962025169742475983e-01
3.455202630204785574e-01
-8.290416722266383820e-01
-7.433060216150725319e-01
-7.966112219475204870e-02
8.450087777730626026e-01
-3.409236447748513754e-01
-3.832938017561702826e-01
1.948616297527687447e-01
-8.238618449934662080e-05
-6.378296325899269759e-01
9.701912705039774654e-01
3.294804259460832885e-01
-1.294152796140927153e-01
5.989443663218025904e-01
3.644474620006452059e-01
-9.374641532967403768e-01
5.610614758231573518e-01
7.776830677378668844e-01
-4.397137434171158321e-01
-4.142234749993163878e-01
3.474996879148452567e-01
-9.031865160739765974e-02
1.323671566633106145e-01
5.281329841399829972e-01
-1.961216479119655132e-01
-4.011771582144376680e-01
1.414303142913767020e-01
1.718065318136377875e-02
2.738512761082245173e-01
-1.529609607943731131e+00
3.253488440952290728e-01
3.639837855549867274e-01
1.060405619949757183e-01
2.747742436747400152e-01
-1.555673429160278898e-01
-5.260996080191961966e-01
4.546428779713047180e-02
-2.766476581069746143e-02
3.012972477041483410e-01
-4.146039249751223288e-01
-5.915587363079627403e-01
4.585619628352606281e-01
2.855130429414127757e-01
-2.537672456471876115e-01
-4.339766779094939020e-02
5.639498088617979077e-01
2.039265316587139942e-01
-4.048421701160968000e-01
-8.066672293401674354e-01
-3.289437587917819483e-01
4.080156170203169674e-01
-4.803880560126386756e-01
-6.396033957580038454e-01
-3.593528074816468298e-02
-1.865201047354905772e-01
-6.700223160035798653e-01
-1.389981798369680277e+00
-3.468080555981979396e-01
-1.523399543322465771e-02
-2.471925384651920687e-01
4.371884628591206634e-01
-8.116163504705091736e-01
-1.081949503586477235e+00
-3.420900885545821168e-01
5.059318658225896437e-01
1.375312049626838395e-01
-6.656097950641731709e-01
-5.784227299453513771e-01
-2.866729365814639774e-01
-4.330909789749483596e-01
-2.382981135533075723e-01
-1.289272527964209492e-01
1.542046416343836601e-01
1.867910210181363273e-01
3.632103201481000632e-01
3.086130444157957342e-01
-9.206998870690454029e-02
4.447063322361890503e-01
-1.604373650820742903e-01
6.377195446409542612e-01
-3.813210391243671005e-01
-7.652096913807417966e-01
-6.375762054989009275e-01
7.096211069568866270e-01
2.725749883588926004e-01
9.666643921211542922e-01
-8.603338480021191503e-02
5.324323565828035232e-01
4.471432060024391197e-01
-7.945968114766514823e-02
-8.960924516931265682e-01
-8.279786255119588878e-01
3.246669710694531363e-01
8.243428949813422779e-01
5.190099612448698663e-01
6.404359048413791333e-01
-1.277720039016840836e+00
1.048799829836064790e+00
7.711385100403379544e-01
-3.614947104466306738e-01
5.160756650664776179e-01
-3.018920125280835087e-01
-9.008094083313025191e-01
-2.700433931270298515e-01
1.509977788805283716e-01
4.740975724750177700e-01
-1.348673386652478046e+00
7.914296159088682336e-02
-1.171917673139401816e-01
-5.700492404759567311e-01
-4.995248645455329650e-01
-2.081521923662084383e-01
-2.131150651406922281e-01
4.920916523622081429e-01
-2.357688641731751911e-01
-3.251267976980763974e-01
-6.995048573237012679e-01
-1.076313793335619412e-01
-3.956483845689262036e-01
7.748144048888087054e-01
3.882374172926794653e-01
-6.981226994694617050e-01
-5.068149408292309532e-01
2.426372320550462813e-01
-6.189969962986390239e-01
-6.174892627847945459e-01
-8.180070329779798310e-01
6.793690759097269494e-01
5.152566427535003601e-01
-2.829617550215943189e-01
-4.603241225079908183e-01
1.431994496596053212e-01
-1.340564380559650659e-01
-3.159507487847164620e-01
5.969231836347455022e-01
-6.462024694083159382e-01
7.098496918219153462e-02
-3.781182150194413727e-01
-9.553041884139579221e-02
-7.619395130812598449e-01
-7.350855469332537862e-01
6.330863551921124266e-01
-1.338127113398380530e+00
-6.077751996730496042e-02
6.330345837587356694e-01
-1.068421457446689260e+00
1.061137061719071184e+00
-8.696442414306830848e-01
-3.530523939383910514e-01
7.612329829533590608e-01
1.156754035845819928e+00
1.099424428226721373e+00
1.579305565248800836e-01
-7.862131283776180313e-02
9.516925569169970567e-02
3.690374183129753738e-01
1.798709575764571578e-01
-4.609087901944910470e-01
-5.294114063742423326e-01
7.772019693260729944e-01
5.743446149114604937e-01
-1.000922409128216284e+00
-2.961737599095691231e-01
-3.904281444900659093e-01
3.957678567754500942e-02
8.030230602467647305e-01
1.218507883069694042e+00
-9.854221703129107945e-01
-1.275306491306874124e+00
1.325707043132996255e+00
2.833698741046898895e-01
2.357092254221674066e-01
-5.423606342352336185e-01
2.597316385157198981e-01
-5.324065389310108642e-01
-6.051269340970941712e-01
-3.781937918704227908e-01
1.069044512813355774e-01
1.355105255691003707e-01
-8.563925531628296950e-03
1.444320365678172902e+00
1.912357401554701242e-01
-7.566984520734358899e-01
1.109887960045430777e+00
3.919045498209062783e-01
4.524136365068169296e-01
1.330786333601069182e-01
-3.008802052211256295e-01
4.160210326400696212e-01
-6.034961729990993007e-01
7.585951808706574706e-01
1.448438636898710941e-01
