-9.772919568184716965e-01
-1.209822311609727308e+00
-8.965629935891177293e-01
-2.802755990676693010e+00
1.535222639143292600e+00
-1.689311466700103903e+00
-2.957573887280426028e+00
4.743664056800367845e+00
-2.727707831279228223e+00
-3.241076328454512989e-01
-6.851590619661072079e-01
3.188613625231472515e+00
-1.431882303901721443e+00
-4.271291475492171585e+00
-2.138505379160990483e+00
3.735884369717645370e+00
-9.142383930579778273e-01
-1.731895782368458425e+00
-4.289038782876687383e-01
4.346435516791919085e+00
2.486321128931402669e+00
9.441004068382580217e-01
1.684066035128169991e+00
-9.618458473482504045e-01
9.792883956266070777e-01
3.701010935598179508e+00
-3.959945842621555911e+00
6.169462118596049649e+00
-4.948388927857300779e+00
-2.370050004290888523e+00
-9.960536926718193129e-01
1.686920971275369219e+00
4.157854041785764565e+00
-1.884836505317110333e+00
-1.194055368154229413e+00
4.362137399811609750e-01
-2.572039882426447654e+00
-5.938550868120484605e-01
-2.113541085581408296e+00
-8.131609776277023416e-01
8.817332840760736534e-01
-2.312176587057591881e+00
-8.318324210554262077e-01
-3.161221686955027810e+00
-4.198592592692187431e-01
2.527665734191072655e+00
1.137084231654302391e+00
1.382586060521839633e+00
-4.087511154307708061e+00
-1.966086771726167637e+00
-1.299899375646149213e+00
6.659069531195700442e-01
-1.965809926745745173e+00
8.952183612860973305e-01
-5.777848287895465118e-01
-3.118029681606405479e+00
1.640655788035023210e+00
-1.204864435045791549e+00
5.381152254112596012e+00
-3.244897829740571726e+00
-1.379673068203111086e+00
-7.653949307086083564e+00
1.244068849548879835e-01
4.710011524797856897e-01
-2.040981640312716117e+00
4.509069898745712734e+00
-2.567138549520935342e+00
-4.901705751476588269e-01
-5.553647880996914310e+00
-2.450046674623002296e+00
5.884401289569144211e+00
3.315541675466827876e+00
-4.310351617181533257e+00
-7.850369276497207949e+00
-7.995052273935421283e-01
7.259560644763334292e-01
7.144002909497593201e-01
1.442627504835661156e+00
5.963329242066057745e+00
1.424065924669717598e+00
2.581538129874558773e+00
-4.055491973005498352e+00
-1.631024060221237137e+00
2.983892400366685571e-01
4.930509269336854627e-01
-1.164853493115635130e+00
-2.052440244647940393e+00
2.949184929224507812e+00
1.796555529061158341e+00
-3.780024345653625328e+00
3.327652041688478501e+00
-5.872145307153315841e-01
-7.989524709427858751e-01
2.949329565544426934e+00
6.807477903249996132e+00
2.100611334417465059e+00
1.427193552678236443e+00
4.626031546243398185e-01
-4.973063981241298004e-01
1.702139051342443032e+00
-1.557588167074830166e+00
-3.130978477921074532e+00
1.760158849373546275e+00
-1.179811737288451345e+00
2.446098550271528449e+00
2.087567362357963585e+00
-1.978030409983616567e+00
-2.920745966794160431e-01
1.421156486330542812e+00
-3.351374325148174016e+00
3.197394061208759464e+00
1.593431657927260492e+00
-1.728420610134207003e-02
9.882372189652470773e-01
4.028436104526022632e+00
4.090655399862648700e+00
-1.980996064129088019e+00
-2.799614503398878407e-01
-4.759547814849361957e-01
-3.559072098767763759e+00
4.235446668610927112e+00
-3.335812518045128794e+00
-1.695393743232360473e+00
-1.345993453008767826e+00
2.050069674078820903e+00
-3.752622327858258444e+00
-2.402839586018718165e+00
-2.495837246318698188e+00
-4.236061668203754405e-01
-1.825340890496765178e+00
-2.955973793214841994e+00
2.006606670903890333e+00
-1.938316343918320195e+00
-4.593944845172315716e+00
9.213664879735783408e-01
-5.374420853493550032e-02
3.546829840001698653e+00
1.282836157744437156e+00
3.013112646224068492e+00
-1.555742863583220892e+00
-8.184412428167613385e-01
-4.264288383194378085e+00
-3.173417171611171650e+00
-7.542157937879707674e-01
2.926065072877229500e+00
2.793112114017279879e+00
2.968406008000886498e+00
-1.295532411244485704e+00
-9.311091650521369445e+00
2.035016408697592816e+00
-1.268110876776307627e+00
-2.053631513873671821e+00
1.574586154801258298e+00
1.670247081278274592e+00
-1.209658655367718660e+00
2.028896482752018837e+00
2.805417533256461038e+00
-4.678980646486973205e-01
3.547965689624183572e+00
-4.114418241194889525e+00
-1.583061771996665756e+00
2.380581798422090500e+00
-8.074146397222157212e-01
-3.061109565095261331e+00
4.515717984580512878e-01
-3.265749171420269104e-01
1.539629500095287540e-01
1.546969742069898901e+00
-1.333212534374443869e+00
-4.857675342887883829e+00
-6.045737614604085319e-02
-5.148966551086321175e+00
8.685883876105595647e-01
-2.909813371680250782e+00
3.519867001298893072e-01
-3.599521764706547167e+00
2.215337423341110779e-01
-4.725910246144421123e+00
4.722085521042352241e+00
-3.459217912591903143e+00
-1.068535390284209186e+00
1.952932129482446211e+00
-4.755288115503251589e+00
2.387259307097710614e+00
5.465696200987987252e-01
-1.356842459936558720e+00
-8.741555116764216926e-01
-3.400854453587693338e-01
-2.234242748144225743e+00
-2.028534463390694764e+00
1.406548034424931037e+00
2.290325290769612110e+00
-4.246383040554052357e+00
-2.193202631871669084e+00
1.705916857557768118e+00
-5.150946881866571125e+00
5.031799419543302676e+00
-3.366955033318481227e+00
7.608226449772951261e-01
6.733570994644601626e+00
3.111362325361888281e-01
-2.975976351069122838e+00
3.602927318248512201e+00
2.057081229955462831e+00
1.524411867176691304e+00
-2.679238121156529040e+00
-5.369794348646709237e-01
-1.402335552865827228e+00
1.502864168005590084e+00
3.484059598769436050e+00
-5.084721675094208138e+00
-1.608530898654805252e+00
2.299918814895533625e+00
2.670815241778804250e+00
-6.746131001653528969e+00
2.425803182645429601e+00
-1.782514618177386989e+00
2.545167477998563355e-01
-6.323728996618820375e-01
1.082302744879633627e+00
-1.493719068948351492e-01
-2.754198172219902929e+00
-2.482602568383657449e+00
-7.270824320806141827e-01
4.111752377109441525e+00
1.854774422827128788e+00
-1.938524671290921653e+00
7.130949500479729641e-01
-5.355740738990382166e-01
-2.813614947962026047e+00
5.314566856147736607e-01
-1.574233595436238975e+00
4.838575570067975562e+00
3.077587124718039746e+00
-1.729436742878450950e+00
-6.799234894324912126e+00
-4.651815220833634967e+00
2.715083729538418478e+00
4.510003433297147701e+00
4.873557124559265930e+00
-2.825151606331360643e+00
-2.562888706622272750e+00
9.233982200397075957e+00
2.545609275060799703e+00
-3.800191815295060671e+00
6.733019989564015262e-02
3.406545294970133031e-01
4.422848782961577463e+00
3.834781366317467466e+00
5.948876056964733650e+00
1.168362266421031803e+00
-3.976045484601387514e+00
-4.794323153577233487e-01
2.474740271716368234e+00
-4.919081612227053313e+00
5.565971378259626512e-02
-3.300521725047171340e-01
5.034801150031215755e+00
-8.866441455956053375e-02
5.456244763835401912e+00
-5.374248457572734061e+00
-5.425101991907369303e+00
-1.026957988284147749e+00
2.415718990696696267e+00
-3.173717581836505985e+00
