5.990683832848086032e-01
3.321302824768495587e-01
-2.078792142037591439e+00
3.949685208567940697e-02
3.725594392766234386e-01
-2.228709274050027389e+00
8.615326223312574916e-01
-7.701635635668734048e-02
8.170142445435494283e-01
9.819772927699416121e-02
-6.044850866510393939e-01
7.805039714794287375e-02
-4.329314115554473985e-01
-1.566202256118813585e+00
-4.946149325941769925e-01
1.567095409240079062e+00
1.765025737504311576e-01
2.976195042813330360e+00
1.304352847315347619e+00
-9.248094256205500185e-01
-1.141635379660827176e+00
-2.585170384065898497e-01
4.454959327320677231e-01
-3.634272393904215970e-01
-2.104962195804031211e+00
-8.591744899050328677e-01
-1.199567539662756976e+00
5.614455258393692416e-01
1.073293317753062359e+00
-5.723484915425378627e-01
-1.312712929652429250e-01
2.816454287560822833e-01
1.300152236002354744e+00
-2.421897704166472653e+00
2.704833798473996187e-01
-1.686101920847761226e-01
5.330876424867199148e-01
1.011124185893150923e-01
-1.271003057683157023e+00
1.044811455594653937e+00
-1.172884056706686939e+00
2.494257554777297603e+00
-1.608763186616039897e+00
2.565652116693903917e-01
2.358411226654138493e-01
4.233155232631969911e-01
-1.255924187738529207e+00
8.487028453403064887e-01
3.818890654439036636e-01
-1.068943938629623558e+00
2.137533945077467745e+00
6.757161558866429107e-01
-6.204342096810049334e-01
7.745114634184256941e-01
-8.082485015594352840e-01
3.513912826665338551e-01
4.932191678365294152e-01
1.079814425075864559e+00
-1.657340513457939313e+00
-1.316198774162621321e+00
1.807504020475585449e+00
-1.994586640343688932e+00
-2.359869754777458972e+00
3.099442999719119740e-01
-1.915831280662966263e+00
6.081877090204501624e-02
2.737361397163344812e-01
-5.993761164907992489e-01
-1.116644029217821465e+00
3.624231579533960246e-01
5.661512225865277248e-01
-1.518591138420860576e+00
-2.514301643841120870e-01
2.847979510494145661e+00
5.048485695542739293e-01
-1.233521970027803949e+00
-1.065268260136812639e+00
-1.111967436992506775e+00
-1.392910311926447653e+00
2.133073755983062869e-01
-4.918569305190343410e-01
6.885391993996018423e-01
1.626832939078480811e+00
5.318088185037310733e-01
6.054086681356382060e-01
9.586013119622970036e-02
-1.524696645708751852e-01
8.061511551617779325e-01
1.226370276700943895e+00
-6.090331226446344948e-01
-8.265488552679502998e-01
5.288632796235243766e-02
4.096170030355896219e-01
-3.769535636151346014e-01
8.460291472749764674e-01
-1.216700382798791225e+00
-1.838843975146455811e-01
4.545709584434269868e-01
1.191023503781162063e+00
1.000000000000000000e+00
2.854574920489330592e-01
1.000000000000000000e+00
-1.017991463200336399e+00
1.332466080486928162e+00
