3.039030964721315176e+00
-1.330566912277407310e+00
1.401583474747423397e+00
-2.818073572555241046e+00
3.134017318215013947e+00
-1.314085886164065187e+00
-2.146605063813911696e-01
4.305195384355475774e+00
2.402572451553306010e+00
3.617132240063476889e+00
4.857147608626973811e-01
1.102178137825545301e+00
6.275091601226592708e+00
-2.441484821932832894e+00
9.150628596145640170e-01
-2.539288432518493899e+00
-5.525360120167649436e-01
-3.738559734400438983e-01
-9.363597816224420445e-01
-8.325369001671042435e-01
1.590259328287714657e+00
-5.197008102932764828e+00
-1.895835692433285313e+00
1.909416488191532091e-01
-3.721836080067139285e+00
5.439036556034504422e-02
1.628390994576511541e-01
-2.187003257669814182e+00
-1.683537326518897981e+00
-2.701277200824185876e+00
1.200376878534635372e+00
9.798223960588878234e-02
1.010127148627193661e+00
1.071071831140296027e+00
-2.351349882147118819e+00
1.490756684830163881e+00
1.941793203039764437e-01
-2.675521827255701091e+00
3.419771054901568519e+00
-1.335874339328200433e+00
-1.417090666895448159e+00
1.371924505724981813e+00
1.121853765385363300e+00
2.000832468637944395e+00
3.833653857781797569e+00
-1.214217275059738421e+00
2.633811486964904969e+00
3.604048003057257255e+00
5.855104397681509809e-02
1.060287715389830465e+00
-2.576981224153906957e-02
2.777448452533142209e+00
1.124543859374740773e+00
-5.378985380592106402e+00
-1.645181892502585841e+00
2.792716284176923192e-01
-1.532734862408466014e+00
1.705717611612895146e+00
2.046925130799875703e+00
1.557901332451306686e+00
-2.343081158704034550e-01
9.404745725883718599e-01
-3.594026786077954672e+00
-9.383762708563847532e-01
-3.041832287212812513e+00
-1.114933765050089454e+00
-1.697479196760692810e+00
-2.039187604766308226e+00
3.948562687055013676e+00
-1.055057546217470055e+00
-1.477644900744858214e+00
3.415670788134730795e+00
1.355564194746601725e+00
-3.104688155430071816e+00
2.093517767003714614e+00
-1.040908013963632639e+00
1.961628204439355816e+00
1.689520154274843478e+00
6.977517235183758881e-01
2.922901287035181817e+00
2.848180361426130069e+00
3.696787399622294412e-01
-3.194365246559196514e+00
5.529508656488279605e+00
-2.525528863647629185e-01
1.247484541829212645e+00
-1.157454878569464940e+00
2.268625502583836884e+00
-1.732015730521508923e+00
8.004258865972333492e-01
-2.629691838129041059e+00
3.653320069718561491e+00
8.420999400993427475e-01
4.083379655226566651e-01
1.714210005567728956e-01
-3.102668218670437739e+00
-3.501040852603186870e+00
8.005116892067343226e-01
-3.112636244370885041e+00
5.257601806546681189e-01
-6.794963045277585545e-01
-8.529215335742912352e-01
-2.949405159019059752e+00
-1.751890128261303081e-01
7.266848619460997138e-02
1.612595084052657946e+00
4.632002236526095440e-01
-1.705487675007713033e+00
1.695901195638565895e+00
-4.843111101025083798e+00
-1.002652665960692469e+00
2.486937148369503081e+00
3.356756301154472100e-01
-3.723487194696833980e-01
1.900255149872419058e-01
-2.837578178325135259e+00
6.413867006687614669e-01
1.053479664577670061e-01
6.055484212693463819e-01
-9.296037358597575295e-02
2.071184113357727341e+00
2.687939731665711207e+00
-2.317961137703030694e+00
-5.857743334223453058e-01
-2.061655299167571620e+00
-4.841652398151718439e-01
-1.121524704737396627e+00
-2.740950181529980600e+00
2.160988203044498512e-01
7.163710299933256920e-01
1.571515853316788558e+00
-1.765349848262534938e+00
2.359435188618191237e+00
3.078401067383991219e-01
-2.452934256707154148e+00
-5.700867379028885296e+00
1.508508246615568815e+00
-4.752406760983945766e+00
-2.212207015874198657e+00
-2.025041112413349165e+00
1.924747909752469788e+00
1.361155388698314650e-01
-1.408165561580306147e+00
-7.682158217444122750e-01
4.053250780254270325e+00
2.206087830434006136e+00
-3.772856319249844326e+00
-4.746682337809941643e+00
1.002721458992080539e+00
2.430442319802932793e+00
-3.103107325097051117e+00
5.054469496042028887e-01
-9.810228276208169396e-01
4.979351457375519985e+00
-1.114309855275927852e+00
-2.062867221391987194e+00
1.363055837082061350e+00
3.029617177619918778e+00
-3.007547885045823044e+00
-7.341575023789430610e-01
5.060631389295953131e-01
-1.790056582692912013e+00
1.373097329375009279e+00
-4.231131872748369993e+00
3.079856419255860844e-01
3.646547509519973973e-01
-3.171215816904441098e+00
-9.538674414684811254e-01
-1.702482345048099255e+00
1.399977140804992359e+00
6.405143839479862100e-01
-5.257744413960996344e-01
4.517723378787442456e+00
-1.143025731742936202e+00
1.055549921128226876e+00
2.400108989023060690e+00
-2.363820715516556703e+00
1.301581193605131137e+00
-4.027577040383109264e+00
8.394247611791701980e-01
-3.195419229167744124e+00
3.517950984665671577e+00
-1.423307412976870800e+00
-1.470971756894637217e+00
-3.943399946236287867e-01
-2.227592559635996672e+00
1.948934017262528573e-01
1.424931725238020475e+00
8.503105753649197185e-01
-3.450128139311120279e+00
2.248111962965647415e+00
1.002749381255381600e+00
-7.152422759775550754e-01
4.291897531632483664e-01
1.990323370861491137e+00
2.131816353547788978e+00
1.703470266929593580e+00
3.926900799505193440e+00
1.654211256037252387e+00
6.283082224903298041e-01
-2.475045964371664908e+00
-9.681522390806323042e-01
7.866634496807745069e-01
1.659097421986388543e-01
2.835787486072331998e-01
-8.788479447411858825e-01
-1.469192874888767264e-01
1.234761673722091224e+00
-4.418538982443184437e+00
-7.490424839672463753e-01
-2.973660651399084198e+00
-2.397201015854785844e+00
2.946806778657800052e+00
5.574126187661723186e-01
3.075080558000160558e-01
-2.636808791891251502e+00
-7.893237619985005615e+00
-6.506610961486005706e-01
-2.512259229509458347e+00
-1.133767449103095792e-01
-2.015394366835773443e+00
-3.930992558158732386e-01
8.507932045307575741e-01
2.605679696125513978e+00
6.629278215050320444e-01
-1.566916631634563295e+00
-1.587148053992190944e+00
3.204471513097290281e+00
-1.216278100643570781e+00
6.353048522432996892e-01
1.488482659574677403e+00
-2.182359632492637758e+00
-2.149693774123474510e-01
3.264919959072780209e+00
-2.946764547603341056e-01
-1.364669570375081298e+00
-2.451360739557173041e+00
-7.183356792757318310e-01
3.667594702039786547e+00
-3.750821222942816391e+00
-1.501450398158056032e+00
6.164222588922357859e-01
2.174555434708988155e+00
9.420404129896339240e-01
-3.331652118747916891e+00
-3.812444597104903465e+00
-1.296143575895033484e+00
-2.310058041008453134e-01
-1.746984458994752520e+00
1.236706742226271194e-01
3.871957632310998321e-01
2.280419451999916802e+00
3.064846838046760280e-01
3.381142596341907058e+00
1.910097318933712263e+00
1.234498441289740178e+00
-1.238523765363622964e+00
1.775464638641219839e+00
2.301847238385594352e+00
-9.000577575343874370e-01
-2.252496094104311730e+00
-7.360384224318107238e-01
2.774703288022863035e+00
2.102195068237520559e+00
-1.048785354177049545e+00
