-1.192457950365462427e+00
-1.414153868296809557e+00
3.434270626353539413e-01
4.569411128244874054e-01
7.838478953259587767e-01
-5.350864495618740113e-01
-1.645317847010934642e+00
-4.106559224465800018e-01
5.488564364488097702e-01
4.531144033694304851e-01
5.348751399272376750e-01
-5.758168395871251510e-01
-1.657156731775385680e-02
4.033619719595377129e-01
1.968611439010749420e+00
1.189905871700049467e+00
7.907431305679419875e-01
5.111885001812566109e-01
-7.985514495340828578e-01
-9.142237618664619259e-01
1.426979348657992697e+00
1.621785680837804167e+00
2.045505834511341103e-01
2.257310590483123214e+00
5.145202398806624222e-01
1.948581471742659943e+00
-1.350962590173477640e+00
-2.671758604781258040e-01
-4.965956089862122447e-01
-8.497262786237073096e-01
-6.918013583917866915e-01
-4.479540094239969350e-01
1.388916123080413456e+00
-3.144611226232674195e+00
1.488068746208131010e+00
-2.250636942045403377e-01
-8.396461263888176374e-01
-1.314563875634205514e+00
-1.700215043460003295e-01
-2.485990061466277545e+00
-1.510975112416993671e+00
1.351862129280806402e+00
-5.684026075137003087e-01
-3.462610611846436703e-01
6.355896604576659614e-01
-9.098811030944422562e-01
-2.419645157671548030e-01
1.446629174065947321e-01
-8.964527104461449125e-02
1.016151290673694474e+00
1.023574944495498462e+00
-1.131808640804552679e+00
1.072139775486497859e+00
-5.978737123878740123e-01
-6.069293243487056122e-01
-8.174662638226464217e-01
4.889736145401563649e-01
-6.683104653400626649e-01
3.614384858695088298e-01
-1.207950691633728757e-02
6.553641842575038678e-01
4.908979425574930278e-01
-1.379213757236157134e+00
-6.017983084860849541e-01
-3.106061896051586224e-01
6.124156322641968742e-02
-2.218740467270936545e+00
-1.764460677714414505e-01
1.215513229983384402e+00
-1.984289227586702342e+00
-3.702364113499564957e-01
-9.977172116327006623e-01
-6.386798339900795485e-01
1.600730057481145829e+00
1.081803739260758235e+00
-5.361372172944666170e-01
3.691959362669144373e-01
7.417488557246976200e-01
3.360431202307652496e-03
7.787677672188770828e-01
-1.109516178229249084e+00
-3.221554035023001528e-01
-8.275618834329331319e-01
-1.275731545491807006e+00
9.323209671573583490e-01
-1.370378098626750418e+00
6.269216725602783091e-01
1.355957354007133020e+00
9.274042422887519566e-01
4.009287507308290088e-01
-5.645464174570961058e-01
7.080253017213509192e-01
9.809039833459231028e-01
1.788466818102989686e+00
-9.529957676550251389e-01
5.187132787035031445e-01
-5.122283376299811009e-01
-1.675689834255516875e+00
1.717417222769752339e-01
1.029068705723652943e+00
-1.178916555840772151e-01
1.691164034578100384e-01
-4.783306631476966220e-01
4.871665827240574398e-01
-6.814456796592035515e-01
8.675215066117607510e-01
1.867099612728809477e-01
1.510268207078908853e+00
-8.401701668350564089e-01
-2.996039307802201290e-01
6.888774786389606497e-01
-1.204354986339938760e+00
1.547048605370171248e-01
-3.126052146350244976e-01
-2.832085750625826792e-01
-4.969904133905151400e-01
-5.580388231386398390e-01
-9.332886337453617509e-01
-2.955826887690148341e-01
3.911196739307793435e-01
-1.125660482221380265e+00
-3.647538670901349089e-01
6.353148238048001994e-01
-9.730343502055452953e-01
1.858521677330605248e+00
1.131147478873072210e+00
-5.372469004567897999e-01
-1.502863368073997563e+00
-2.195327157129985274e+00
-1.196117262748765953e+00
1.286056053508117136e+00
1.132695246085619889e+00
-2.817231819538305704e+00
-2.081970993232009903e-01
1.486333165622673036e+00
-1.376082541904159573e+00
8.426082054308944302e-01
1.540892532129270798e+00
-1.942133856875395637e+00
8.005769069922921699e-02
1.322066945927271808e+00
6.306273600563730986e-01
-6.691690742509756040e-01
1.274283557384170602e-02
-6.001832631823230679e-01
-8.581626755809941276e-01
3.604802316436040988e-01
5.612885165127111664e-01
-1.773902221680715874e+00
-1.281175820064638371e-01
-2.703496966590127837e+00
9.033400992028924881e-01
-2.140374842940214961e+00
2.363397195740903456e+00
6.530610699177954448e-01
2.206388761371441687e-01
5.975374341218736562e-01
-5.041598898303695231e-01
2.635225088547494821e-01
-6.692201850464036816e-01
1.331228884360438736e+00
-3.422630718934683847e-01
7.504979086511381903e-01
-1.897803666817061918e+00
-4.426487671445530903e-01
2.030252816349584211e-01
-7.990650435459988321e-01
2.095556003473793893e+00
-9.186095093171737780e-01
-7.312366215145399417e-01
1.315185569435956547e-01
5.214698795410126486e-01
-1.930508441733953973e+00
-4.413412966195736087e-01
-4.254143426393280913e-01
-2.877817701623771596e-01
-1.407614987460233946e+00
1.127662507611020715e+00
-5.721228765777993663e-01
7.518462212690470992e-01
-2.215765486793599415e+00
-4.757766167656861112e-01
1.069450218794594676e+00
7.813488533489110210e-02
1.949619239087855282e-01
-2.029784540914091551e+00
-7.492606864016377877e-01
-1.489868796120250805e+00
-5.064620985749723747e-01
1.048454803651727607e+00
-8.318337249237779396e-01
-4.360524293105673688e-01
-2.442117663451088272e-01
-6.004946460647864193e-01
-7.401255429816870901e-01
-6.859697928891183016e-01
-1.756665217500454068e-01
-1.234758552182696478e+00
-7.872585653067127875e-01
-1.878993859535716737e+00
-4.189678405815231432e-01
3.529334897508401014e-01
-1.512842940071547626e-01
-2.699124207095831562e-01
-1.246433383221812630e+00
3.827149403308511832e-01
-6.357636187184523280e-01
-1.891648716815948150e+00
1.672016188368298240e+00
-1.195210297077764050e+00
-1.678157741487858456e-01
4.209354854881428576e-01
-2.502384781873004727e+00
2.556147022507378463e-01
-1.622614990342799102e+00
8.521481124586843814e-02
2.796203762262582937e-01
-2.360700237142590030e-01
1.489643968044662876e-02
3.878601038611527718e-01
1.452616896333364771e+00
3.281726329536176934e+00
-6.282958929653887914e-01
2.709434048345190860e+00
-1.254464345260338509e-01
1.042052802406343570e+00
5.140594822667474695e-01
2.098632843500298703e-02
-4.155373100707228651e-01
-9.095017375626822664e-01
-3.133706986189655486e-01
-4.313581404420092080e-01
-2.391561701403416063e+00
-8.754458934957455307e-01
6.885357012757348238e-01
-4.858584962230541038e-01
5.965876382809557343e-01
2.739400923203874627e-01
9.394041229371919988e-01
-3.149692374814939688e-01
5.060286911132925308e-02
1.608567584569445374e+00
-3.355616902403065760e-01
-1.107051237249963682e+00
5.943117527135818312e-01
-6.069810111130181651e-01
1.215294348517511169e+00
-7.275611970912286841e-01
9.240002672136323758e-01
1.955595239951731346e+00
-1.051670594688369986e+00
-6.970547170123146674e-02
1.278491690275622039e+00
-1.192110279099619918e-01
-2.343491177995570274e-01
-1.193978430001177760e+00
-1.699262380451703469e-01
1.023075098047653064e+00
8.667848143134251337e-01
1.099153617086595647e+00
1.444326998736803036e+00
1.728154193438614095e-01
-2.435596409923962202e+00
3.538497515437616925e-01
1.591480588400967067e+00
-1.883561378174266610e-01
9.589313027010292201e-01
-1.366538017569627061e-01
-8.466332937023592908e-01
-1.019108511497572728e-01
8.325448503478426465e-01
-9.272020059671663983e-01
-2.030491574804533239e-01
-6.529803477799221989e-01
7.402872560713611438e-01
8.446069208744296647e-03
-1.746097955953400394e-01
1.194823064200130069e+00
-6.261838528742507126e-01
-1.294446072032932049e+00
1.582672447631531920e+00
-3.132284096040685584e-02
1.565087964466032044e+00
-1.118669023643059646e+00
2.860549125086699895e+00
1.136516092762055896e+00
-5.107002177105470775e-01
-5.799067466415498417e-01
-6.302162554006468520e-01
3.623374408156086052e-02
-1.380693669703586091e+00
1.397515837207770284e+00
1.024574287879421508e+00
2.202125975614752373e-01
6.094548487259926484e-01
7.510641556125925433e-01
-2.488767645386825711e-01
3.665824392382528440e-01
6.037730016371229969e-01
8.699794300421416493e-02
5.576649362016133926e-01
5.033244443862470163e-01
5.992776767491001522e-01
-2.770401455539292179e+00
1.386105999652795795e+00
7.532450083711245137e-01
-1.501457272315462443e+00
4.840527666988028721e-02
2.523955372348408166e-01
-8.539008338484932459e-01
-7.622704314151561578e-01
1.572394455769934751e+00
2.350306542044575953e-01
-3.506848743248445199e-01
1.572374338354407985e+00
-8.847402292094304344e-02
-1.678026155845619427e-01
-9.697496798336032731e-01
8.671475860745034847e-01
6.489906629550019623e-01
-2.698753382378659804e+00
7.001163937085357059e-02
1.408849354281113131e+00
-7.408683717761139764e-01
-1.216795922309334976e+00
1.232358156390338300e+00
7.898977850771814468e-01
-1.432730301464909817e-01
1.328925010313749988e+00
-1.327712491872192757e+00
-8.461708998231299850e-01
9.430103173946710049e-01
-2.150669704473929522e-01
7.611298670758307461e-01
-1.100876328011878735e+00
2.753398694769193966e+00
1.233957165515658407e-02
3.343309035790111294e-01
-1.125879474309148254e+00
7.716749468942691870e-01
-1.003832810693938427e-01
2.692486686406787844e-02
-2.420723051620232436e-01
2.619467231399992269e-01
3.590240092216069878e-01
1.064845334982695624e+00
4.422488554919190018e-01
-6.187121653039359126e-01
1.156453855607452175e+00
-2.649792997205877021e-01
8.859629329328080893e-02
-3.718231708059923646e-01
-1.255076571857430601e+00
8.370437995781954132e-01
6.648982382455668194e-01
1.287463143068268590e+00
-5.006044653829102575e-01
3.520306782605214097e-02
5.660856595727477014e-01
6.296526862091671173e-02
-1.347665923849954150e-01
1.559502582518178748e+00
-7.001305800648353062e-01
1.033955711249068266e+00
-4.898733286852205437e-01
-1.655697224349612418e+00
8.260588791940178810e-01
3.705525122045214559e-01
6.859747279246234397e-01
8.591965736304115753e-01
3.833453656776248386e-01
1.712430727515551698e+00
1.126658225098722821e-01
7.735037040269164832e-01
-9.361477036210043012e-01
-4.448346662453498412e-01
-5.756284991571623821e-02
6.402687706968979153e-01
-1.579106415063840529e+00
-4.324309547671951193e-01
1.167945291598806667e+00
9.293939554636366784e-01
-6.435362645537375803e-01
2.423598893608887916e+00
5.072406504572209984e-01
-2.875074260486230049e-01
2.261779539148224827e-01
-7.165572293968330841e-01
7.285120529593689387e-01
6.711760209608679251e-01
1.668585288445260384e-01
-1.263806535799960606e+00
-7.159115214122007131e-01
5.081148710704385119e-01
1.986235769406679286e-01
1.821655843823108745e+00
1.390672923416249596e+00
1.441055137212620796e+00
-6.788262626017517176e-01
5.382801610589625918e-01
-1.170030942678273789e+00
-5.867210011050499885e-01
-1.144055948721704796e+00
-1.097014477597584081e+00
1.420220371617151867e-01
3.521690688162406602e-01
-1.147964542763029172e+00
1.024568031427718129e+00
-7.466075164950334297e-01
-7.778370053791591188e-01
-9.316059126178871663e-01
-6.174294305470395816e-01
-9.285433995777331306e-01
1.026125782308040302e+00
1.217777782123218966e+00
5.898630871139054488e-01
-7.512108549543006220e-02
2.044084078872071331e+00
-5.769421413549070676e-01
3.485296771414970074e+00
1.766437116594531676e-01
9.080266188902488267e-01
7.256587866855693791e-01
-1.174824073370916988e+00
1.071133106526859446e+00
-4.918567156216380742e-01
1.145287801391023041e+00
3.236827405448751693e-01
2.092528436174891038e+00
6.337217771033473168e-01
1.668941560785766887e-01
5.814831797256333479e-01
1.191488975923708393e+00
-1.316493903864739634e+00
-3.367478115695922147e-01
2.017093675696483845e-01
6.833158468043599720e-01
3.343920981878805571e-02
3.366185505892952401e-01
1.851297870095029718e-01
1.247272852227462314e+00
-5.157878527847026273e-01
1.921153918110070635e-01
6.379143412149949066e-01
-2.500457442730615876e-01
-1.658709053653886656e+00
1.617022129324092283e+00
-8.244430760902299316e-01
1.940322599333418607e-01
-2.334152806327360885e-01
-5.931299265611348348e-01
-9.062702334496969270e-01
-2.316641089329565251e+00
4.961299503205576777e-01
1.413891697684260818e-02
-1.357506715970363764e+00
-3.995115157294823471e-01
-7.198831590781772372e-01
1.296959576512730417e+00
3.045564970202562990e-02
2.516191796350308874e+00
6.387394661483158931e-01
1.032792682058900416e-02
-1.789239435490242169e-01
-1.386816548182217002e-01
-7.813071772754653921e-01
-5.038230103125723724e-01
6.526580655466226455e-01
1.793014719837854321e-01
3.356875492983624198e-01
-1.454932022066356134e-01
2.304228218039468867e+00
1.276523597603740789e+00
8.056880761627897014e-01
9.038211623039613674e-01
7.445855777675669529e-01
-3.290861149958569376e-01
-3.985078277873824182e-01
1.575616295990266980e-01
-3.603672320095315240e-01
-9.804131782620100211e-01
-4.860529075679621558e-01
4.386728856323928588e-02
-1.213270412927821118e+00
-5.437137193484944397e-01
-1.203006775661967787e+00
7.396340037686677249e-01
-2.780592787868802596e+00
-1.685494578861660431e+00
-6.292169334063199004e-01
-4.892444429040027631e-01
-4.414273018041824370e-01
-3.225666978374482907e-01
2.975092904598876320e+00
-4.809747949622677488e-01
1.649678791475853279e+00
-2.268341121632156732e+00
4.730368779092985476e-01
-4.032384093025965788e-01
2.420368266105973554e+00
1.853390131357979476e+00
6.758334457965470277e-01
-7.259666399060920039e-01
1.349009087220051084e+00
2.272325323836149047e-01
-5.611203538151316589e-02
-4.590650331645312332e-01
3.046924770156831941e-01
6.080127094945962929e-01
1.978289280625044333e-01
2.690001668112320665e-01
1.168596399119934848e+00
4.029916129124063162e-01
3.058234049129274768e-01
-7.776852501590084676e-01
7.356956215433425005e-03
-1.093148694184677833e-01
5.071980553284711757e-01
2.932826959792113608e-01
-6.760125830084696696e-01
8.605149868103811883e-01
8.366102215372944739e-01
1.321720187895770171e-01
2.662483777802417073e+00
2.465736460318631806e+00
-1.031263867268606305e+00
1.432262754110219083e+00
7.249998938064965426e-01
1.049144795962315690e-01
-6.589999554588283903e-01
5.272711995635059878e-01
-1.260329412044724373e+00
1.891255484920939312e+00
-8.439391384381567107e-01
-2.489968579108986779e-01
1.879926121713125786e-01
-1.859664958479311903e+00
5.661130357147218239e-01
7.111296315754134234e-01
-2.149662647911033120e-01
1.426304678143299309e+00
-8.268062778925084899e-01
7.608946361181780915e-01
-6.206770035980962996e-01
9.786409982952610775e-01
4.940321700529620164e-01
1.055018994541700339e+00
-1.013105509940915704e-03
-1.461018885271425427e+00
3.366453446777186720e-01
