-4.341963893494085180e-01
-2.576141900197982615e+00
1.295046425715038474e+00
1.468844197815009078e-01
1.146869640298894044e+00
-1.297858927852937772e+00
3.219657837178484083e+00
-4.530473368998219064e-01
9.272507163721935841e-01
-2.166645662768954761e+00
1.313732414939628557e+00
8.984440068932728063e-02
6.194304460726968165e-01
-4.499803137184666957e-01
1.054573612073526512e+00
-1.531300449831153099e+00
2.617578334852728617e+00
-1.544385811665980990e+00
8.921325735925288436e-01
3.378068997333498746e-01
-2.578988871530060178e-01
1.449956174390702124e+00
-3.286971134901709224e+00
-1.816314676743060019e+00
1.428674786097288152e+00
-7.124375989636124729e-01
2.414489440705352319e+00
-5.657100634280258777e-01
-1.133011085246017124e+00
-7.629562793856331515e-01
1.266499953808911449e+00
-4.080245001618012513e-01
-1.232995254692181852e+00
2.364568095738643072e-01
-1.339162899303616205e+00
-2.227308966571976079e+00
1.052116282132014469e+00
-2.238623731203961853e+00
1.643565067270419622e+00
1.512669841113551517e+00
-6.056244126499503722e-01
-4.330078774012052101e+00
-8.467971104837379581e-02
1.508048615638049483e+00
-1.011128713959297043e+00
2.793251490319876851e-01
1.947921390251876606e+00
1.032460326229111436e+00
3.258684064612008546e-01
-1.164604994505501256e+00
1.243952967143367561e+00
-2.798154605379115978e+00
2.410234441244706871e-01
-7.320962160347849190e-01
-7.571104948659612699e-01
3.229228050827282370e+00
-3.479611194144825032e-02
5.150863594905241705e-01
-2.378025397191939838e+00
-1.070659292995691958e+00
-1.595362477158239312e+00
-1.881296451118038338e+00
-6.664171169003523243e-01
3.786063843963401787e+00
2.161390286576977182e+00
1.484898180903911236e+00
2.039907109495818105e+00
-1.889496244881558429e+00
1.704177260604025079e-01
-5.324636126141222281e-01
-4.951210742846107848e+00
-3.029455900265010104e-02
-4.388995729929305312e-01
-2.503125455963369106e+00
2.254081458300279950e-01
-7.583878325975017543e-01
-5.966614706697241921e-01
1.567218513765606502e+00
1.023213413925216697e+00
1.528568484955790563e+00
-1.436102347879721464e+00
1.929665965268002381e+00
1.010845046160817606e+00
-2.382628117745333729e-01
-3.119667854396838802e+00
-9.194678061935074309e-02
2.133374228875857703e+00
2.358772248356042489e+00
-2.017421367674017141e+00
-4.650322310834020256e-01
1.122801799738082140e+00
-9.322604257350598500e-01
-2.669421423056270282e+00
7.445253467841936867e-01
-1.937146443621954539e+00
1.484660450183463154e-01
1.371379073310282637e+00
1.828308440097047516e+00
-3.237378672772077692e-01
3.217975644991757811e+00
-1.891850755541442997e+00
-1.446641992388837394e+00
-2.875792164853534949e+00
9.031324218367053902e-05
-1.194288075148581818e-01
9.310507540130008586e-01
-2.328530680062181002e+00
-9.740237575514692006e-03
-1.770448384337071968e+00
3.289868644252556429e+00
1.779204917295074573e+00
-1.681366399059710970e+00
-3.317079708383178227e-01
-1.591064020063503115e+00
5.910905123930099148e-02
-5.367162779977801002e-01
4.146505828370361080e+00
1.327402011927302783e-01
6.400838769595039723e-01
-1.773342464440728072e+00
-1.357066880066975179e+00
-1.706226473897126672e+00
8.787078893715386529e-01
2.616257447443169237e+00
2.631877614116946429e-01
3.432167816711188202e+00
6.635975106720470862e-01
1.049523526713374011e-01
1.031455693027647724e+00
-4.799347570317678557e-01
2.056288276066013054e+00
7.118207695098071053e-01
1.033635935794243732e+00
1.681797964237920162e+00
1.660777095047808682e+00
-3.226545630995908409e-01
6.717221141156385356e-01
-2.453251337712219760e-01
-1.856552194955976454e+00
-4.690727039915754126e-02
-8.608224145470784183e-01
-1.101500961841659354e+00
4.051350264459107287e+00
1.169653893628065378e-01
1.880698777636179431e+00
-1.576158114387289644e-01
-4.372728485080620509e+00
4.370640413188293216e+00
1.300721348566887814e+00
7.560017906574331148e-01
-6.142972270124914536e-01
1.119740332213519318e+00
3.189038822094877323e-01
-2.835044501747944867e+00
-1.004254966341652233e+00
-5.627094959841455468e-02
-1.571150382943672597e+00
3.694770855570363999e-01
6.408460535490836385e-01
-1.561102438864775177e+00
-1.558082605174645696e+00
8.614860909616173235e-01
-1.424222594138314868e+00
-2.925541614266682799e+00
-2.069464874626929518e+00
-2.466710277136735296e+00
1.413452560710018791e+00
-6.799306165549772185e-01
-8.333004795298710743e-01
2.266235740909305907e-02
1.099047413102582471e+00
-1.939805896811715558e+00
2.205251475333462885e-01
4.540670721125609210e-01
1.050311671736355201e+00
1.489062886324600044e+00
-8.445749150529215932e-01
8.799665701522344508e-01
-2.617344519325841001e-01
-2.456862219548365367e+00
1.990927659214020817e+00
1.279313723587641727e+00
1.865359773844335267e+00
-2.061471714421012180e+00
-2.653668902251689499e+00
-1.380005682693034474e+00
-2.594303601548526017e-01
4.536806352224771466e-01
1.513648481079676200e+00
-2.143709392878343500e-01
-3.633534343060055294e-01
-2.626351213830560472e+00
2.286913412803807333e+00
2.661995350995710385e+00
-2.152184580899318078e+00
1.525646043199677671e+00
-9.594425632253321679e-01
1.775666824847306868e+00
3.215349814657048722e+00
2.822226796769802704e+00
-4.284930562288963074e+00
-3.816887387227582140e-01
9.124014708201249046e-01
3.697094643037095452e-01
-5.866230990985112914e-01
1.492290387209463720e+00
9.938061208531983048e-01
-5.214340693649455183e-01
2.024086305730736779e-01
-3.165630761926274239e+00
-2.664216624178564974e+00
-3.159003879810193816e+00
-6.712718502468240089e-01
7.023101237811491870e+00
1.276222088926764364e+00
3.187032520210295150e+00
1.436060835957254644e+00
6.726353137405514104e-01
3.787373179862228767e+00
8.218689158247669546e-01
-3.107892532103052829e+00
-5.635513782861003573e-01
1.767788099493662113e+00
-1.430313997756428979e+00
-1.008755490581879410e+00
1.270889817507128150e-01
6.448980697942361395e-01
3.081494276938578913e-01
9.124870771468029940e-01
2.418868708133750989e+00
-2.930133802695845446e+00
3.281926987388633643e-02
1.146045272975701135e+00
7.899535307991241151e-01
1.296621917240499577e+00
-1.615795476632646999e+00
-9.941337984961583496e-01
-4.920090027780581465e-01
-1.791616551046738781e+00
-1.875984468960286145e-01
-9.915584428649835136e-01
-1.585415786899116330e+00
9.401650036201538718e-01
7.136709073658777935e-01
2.713641755396956512e+00
-2.799929059209888216e+00
2.415714566517362716e+00
1.813416772299804247e+00
1.990225216935298302e+00
2.970306760253651035e+00
-1.504486226867117526e+00
3.124462461749788922e+00
2.694303029562494345e+00
1.589974607592429923e+00
1.829773222086250151e+00
-2.150971774847315832e+00
-1.921728571681097453e+00
1.311446521944113375e+00
1.925079839369339352e+00
2.383188262608290087e-01
-4.781558038363072249e+00
-5.014166697332390399e+00
5.994825744492191522e-01
7.420190940942480440e-01
2.168891808044878466e+00
