1.078663649855460260e-01
7.509533770480325554e-01
8.417956432738114003e-01
7.268154071457526566e-01
8.882545398606185305e-01
-8.836330939399057449e-01
-2.677074247253736772e-01
-7.501172910526348048e-01
-9.798200153762068876e-01
-3.010683624212706633e-01
5.542076536679454435e-01
-9.697744589846541974e-01
-4.187372339947847966e-01
6.543017449586934209e-01
-9.924890960255996486e-01
-2.882932927804172651e-01
-9.657597284351699951e-01
-4.645897881048419720e-01
-5.697675644008441953e-01
-7.756080693625415634e-01
6.892665124281036615e-01
-4.712606652011148700e-01
-9.824516310418953680e-01
3.549189070006175672e-01
-7.671644377212656352e-01
-9.602907932024495885e-02
-5.588163601734867925e-01
-5.172016672860932918e-01
7.822646061184135302e-01
5.915198553046361329e-01
-6.095364281087789493e-01
8.244824398071424199e-01
-7.544345563917309594e-01
9.371860569751966352e-01
2.847022639239249475e-01
3.599542697412094761e-01
-3.255323468340034498e-01
2.865084728883784404e-01
2.426673445356237746e-01
6.288940311168433883e-01
7.001677864702950949e-01
-5.866340011961039824e-01
5.797144871280246470e-01
-2.349173626557494732e-01
-3.709616730441327448e-01
9.063687454252183917e-02
-6.437847933417586432e-01
6.581545313989869417e-01
7.915076160977867481e-01
1.510960952734508478e+00
3.076494814661643318e-01
8.161254765575086667e-01
-7.377352702203510137e-01
-3.376801017008401740e-01
4.191954564005490047e-01
-8.069979562996094646e-01
-6.247458273047894473e-01
8.013715478887868393e-01
-6.171239744497827306e-01
9.883226117672410105e-01
-4.843684734366309197e-01
-6.526550106142527952e-01
-1.267419378224203808e+00
9.669124016451033921e-01
-4.024882570962338146e-01
1.065161978754145533e-01
-9.750477664567482883e-01
8.273913989336307839e-01
7.398947028529367920e-02
2.563427026916169638e-01
4.441473502809007989e-01
-4.517753191366487009e-01
6.485311836731830759e-01
-1.499014980023882782e-01
1.257799297106565461e-01
-3.902016727158386100e-01
2.390216036715351322e+00
3.622965206160848606e-01
7.313600288521147075e-01
-1.560399267111197141e-01
6.976859115546418799e-01
9.300100916497682224e-01
-4.693260226796833745e-01
-6.521890490856607769e-02
1.072600664849308050e-01
-3.961742288690752734e-01
-3.229747699574749831e-01
-3.789006289264886806e-01
-2.544528816094027146e-01
8.264012584455131538e-01
-5.222635637988566337e-01
2.017613616311748626e-01
5.700100564963475058e-01
-7.118165504541478228e-01
-4.026941288310701417e-01
-5.815725733741172743e-01
-2.965247789022221525e+00
-8.250671100004876024e-01
-2.966843315258444136e+00
6.209739791382333784e-01
-7.451780895208373057e-01
2.598802004212903416e-01
-4.866051915785640780e-02
-1.695251616163717667e-01
-3.877659532874155879e-02
3.261461839502856619e-01
6.110066683307380231e-01
2.024021812036531642e-01
1.355888421310954772e+00
6.840082407874578108e-01
-9.587509984658160178e-01
5.591661143977648685e-01
9.635159647342343980e-01
3.203448874111288758e-01
9.059134684951142269e-02
-5.681918694478300669e-01
3.216120728240767779e-01
-1.644086706440538670e+00
-5.279440358298146396e-01
4.024577786599405904e-01
-9.158502739616478650e-01
4.685045642189211712e-02
8.380107653366397624e-01
-4.384940248659381368e-01
-6.455581025403207551e-01
8.942260257279905922e-01
-6.453664166065566921e-01
-4.562728962808257904e-01
-5.079605711479662222e-01
-4.790592906453934319e-01
3.516660775628059898e-01
7.268895422747281287e-01
-1.474097637275559869e-01
7.498489996394330781e-02
3.990712664437587875e-01
1.309790613836880890e-01
4.851272924259981689e-01
-6.388254488892057825e-01
6.777933716852817536e-01
7.135995587082404334e-01
-9.079149526760614819e-01
-1.676033535642940109e-02
-2.517707861368025934e-01
-8.010009447803234650e-02
-1.813124144127549187e-01
-6.925820215463334151e-01
-4.236219992842185089e-01
-5.514118212159617727e-01
-2.202766238239075580e-01
-8.432024888288853770e-01
5.630289982719973718e-01
-2.390621315595202745e-01
1.563107156119645236e-01
1.361591370741324081e-01
5.407485815189483347e-01
-1.175409681128079864e+00
7.290990558703085433e-01
-5.741299131504973285e-01
-7.093462172244319186e-01
-8.162587799049418891e-01
3.612795990792594392e-01
-3.351739418104924817e-01
-3.782871691852771612e-01
2.381976797817739744e-01
1.612528779494506459e-01
2.097883540684852832e-01
-7.160515940548590752e-01
-2.141961802912857316e-01
2.386043879492349973e-02
-5.198511068252531508e-01
-3.358150966961561679e-01
-8.337732304875693501e-01
4.162644692265622393e-01
-1.531354165860101535e-01
8.571561412178296813e-01
2.510155975574657194e-01
5.686420029925502995e-01
6.977662511861333350e-01
4.704257092614390068e-01
-2.857843504550761082e-03
-3.867290371681941785e-01
2.945040575084214574e+00
9.370554531268942000e-01
-7.475689635393623078e-02
-1.719568223901078996e-01
-6.842898929616161308e-01
5.614729337092834172e-01
-5.612102691302518487e-01
1.578047143729846002e-01
-5.427998336793522505e-01
-3.733826672095168497e-01
-1.226016725418630049e+00
1.894223796709748608e-01
7.256186252819274429e-01
4.503089817948358053e-01
-6.188621699808471988e-02
-9.684169996202556252e-01
-7.904368730097255380e-03
-8.197394693813786493e-01
-8.280240058964225547e-01
-8.432990225034358023e-01
8.185081762027714980e-01
-6.124572988215017944e-01
-8.367937525879336480e-01
4.099454206842298998e-01
-5.205716470402141915e-01
-1.839274545260851657e-01
-2.117725992575074656e-01
9.334097835271115695e-01
6.616613200609022805e-01
3.935259777023520922e-01
1.666117209695619383e+00
-4.681231692754195262e-01
3.441962035872125902e-01
-2.396455910200945283e-02
5.393959759360112960e-01
3.481875517911452445e-01
-2.251135451343271310e-01
4.972377402887915299e-01
-1.736857738358861925e+00
-2.937822884524421418e-01
8.577364503252882244e-02
3.770290228495263296e-01
-4.162353884950740213e-01
6.055297058288429124e-01
9.507649832319906569e-01
-3.665421408629323530e-01
5.387188219138965284e-01
5.682160297594911480e-01
-1.571590069181639571e+00
-9.649510930295119859e-01
-5.248365686034557331e-01
3.967429010251906085e-01
1.708813731511538148e-01
-1.419622606947197330e-01
-4.094139319103451413e-01
7.821227669772983226e-01
6.106133162725893015e-01
-8.922572624326288171e-01
-8.116755714959524859e-01
-1.947165857783657028e-01
-6.373234216520684559e-01
-5.813520480949687652e-01
8.117768595761227779e-01
-9.678055770612303821e-01
9.177562655250486312e-01
-4.128398835006641399e-01
8.428453031493308156e-01
-7.051105546913525313e-01
-1.394515880513714334e+00
5.610043511786038106e-01
2.929531846965034436e-01
9.990953796920327701e-01
-6.196032436818950107e-01
2.831007728267749268e-01
-5.255405599911362469e-01
9.469764374969922294e-01
-7.315894345875717519e-02
8.323674562678839983e-01
1.955680683768497019e-01
3.458478714206507654e-01
9.228993191134793328e-02
-2.501473449488342826e-01
1.959969795355820166e+00
-2.399503258818604046e+00
