1.823985966397964287e+00
-3.246119861230843950e-01
3.761554087409744174e-01
2.007338923770748185e+00
9.022930958254280487e-01
-1.079619275023120828e+00
-1.534946399087082192e+00
4.359756236926692896e-02
-1.426588043650224957e+00
8.436241719943060602e-01
2.319731139090859262e+00
-2.210549103658795422e-01
1.917296833378641652e-01
9.833105990678969732e-02
-9.572887970595066465e-01
-2.287204718606132836e-01
7.094274505332642811e-01
-1.639652308478491971e+00
7.211218729697963514e-01
1.111074639178757373e+00
1.482607487171315297e+00
1.862261294542783274e-01
-1.013272635423906998e+00
5.065796787476754132e-02
1.243923283277073244e+00
-1.993896898927179695e+00
-2.990535558417539708e+00
-1.604366398765906809e-01
-2.316620414303906195e+00
-9.370959832210741247e-01
-5.121919849891344079e+00
1.193070875882694448e+00
2.368074230049189488e+00
-1.419341301296884517e+00
2.106264675921432072e-01
-1.099719620612895854e+00
-3.136363801614763691e+00
8.935059583718977239e-01
4.269341883222501632e-01
2.413190835002084089e+00
-3.836037153954591217e-01
1.548699419421738055e+00
1.540832045668849126e+00
8.408354426464575981e-01
4.623089385195939260e-01
2.628532633320391554e+00
-9.863672710195514615e-01
2.165051077608088459e+00
-9.755155743049139794e-01
9.107714437544560671e-01
-1.561837216408145657e-01
-1.230117845019424561e+00
-5.599457599618700154e-01
-7.869706769828831439e-01
-4.895160207741023894e-01
1.265451404799320168e+00
-2.730128130750529625e+00
-2.587111875150726714e+00
-6.095623075068506980e-01
8.522452417100919719e-01
-5.097789580028738499e+00
1.621316799410861265e+00
1.715766850412763667e+00
-1.046291805798319263e+00
-1.958154712606980041e+00
1.579607274105970571e+00
1.627505902929451964e-02
-1.458489143135530464e+00
2.275691931985874827e+00
3.952149145598606417e+00
-9.912118111644206975e-01
2.057832383433027823e-01
5.652688634815741242e-01
8.218756877728147225e-01
3.516008008426239950e+00
1.221242807310257694e+00
-1.578623566232918884e+00
-9.713399572781241664e-01
1.908437733382499113e+00
6.709243404564069202e-01
-4.802074408838108432e-01
-5.584202998852655364e-02
6.720285380380137674e-01
-7.751606308470852802e-02
1.715130071079221663e+00
-2.810306683539119277e+00
-8.128330746049634570e-01
4.613964347302029978e+00
3.278648180378267440e-01
7.148327456466858909e-02
1.191514203449425491e+00
3.019724925710929764e+00
-1.724094859755548104e+00
-1.509533608981033170e+00
-7.278165589657690226e-01
2.317119105597287287e-02
-5.375497630220822387e-01
-3.493639886237448255e+00
-1.684596571657017261e+00
-1.327915210772749655e+00
4.820021623810565314e-01
2.164680611025429968e+00
3.601227342414954791e+00
1.816028005404259904e+00
-5.534282529569927167e-01
2.405128290227543375e-01
-1.039326681692251286e+00
3.424390849713002893e+00
-1.118658247437283926e+00
1.770557197046520148e+00
6.697001890981034711e-01
1.541966206030972675e+00
1.094076595104452210e+00
7.471135266359755223e-01
1.607488673360726317e-01
-1.600338602123007714e+00
-1.049088451220203000e+00
2.942498399050729185e-01
4.323472278652608081e-01
-1.825630395484851176e+00
-3.308571604696473045e+00
-7.966041261810413721e-01
2.987874567957211625e-01
9.713596392348050612e-01
2.138035437263135385e+00
-2.808591902656742967e-01
-1.946051178800868975e+00
3.775919881854289395e-01
-1.135704291096970797e+00
4.841712706770920249e+00
-8.541938637662893630e-01
1.833251022990898538e-01
3.539287610672595674e-01
-7.399605893431968617e-01
-5.813990444079703002e-01
-1.030354339352007820e+00
-1.874076925333840737e-01
2.533887930333764832e-02
-4.478215857872398509e-01
1.743840028148045729e+00
-1.640966555110112690e+00
1.903842875718710026e+00
1.535733902214486468e+00
-8.505850977670370572e-01
2.424130800664730856e+00
-3.962659596167457665e-01
9.263635385229626595e-02
-1.029407983128791670e+00
-1.997853285338784257e+00
-2.807620193947744092e-01
-3.885276046620494972e-01
-3.376294703629584948e+00
8.159060405687438289e-01
8.827673578772918805e-01
-1.255529456336037297e+00
-5.752845260422501106e-01
-1.554996577238975775e+00
2.800749124103668386e+00
-1.155994742087538274e+00
1.713100956993893198e-01
1.734021980508100746e+00
2.652280029542676942e+00
-5.463086776580610149e-01
-9.840829122486824954e-01
8.189295831583096597e-01
-4.844865986690390369e-01
-1.395036922789472111e-03
-2.796744714729016423e-01
-8.730504761205685194e-01
2.202095964899120420e-02
-6.028914256937155658e-01
-1.355814932924653160e+00
-2.582494454308141840e-01
-6.158193175352764115e-01
-2.548738359865394987e+00
1.263021967037163407e+00
1.052521280615601018e+00
1.677099479863753961e+00
2.012541491582169680e-04
4.675237057841207799e-01
6.715632832024530652e-01
1.205973106196894795e+00
-2.061263722854593361e+00
5.002043845657916377e-01
-2.650015546730848381e+00
2.139952774841071381e+00
-1.628882202515316902e+00
-3.818378832853704719e+00
4.730444833854264841e-01
-1.233818347192774389e+00
4.818609913212469897e-01
9.315910200330036472e-01
-2.745578718126734596e+00
1.488074760973402633e+00
-9.125625148877088977e-01
-6.774689788366312637e-01
7.470352676455951357e-01
1.492167426542445607e+00
-2.980058133841986923e+00
1.235818162850969237e+00
1.104614814904917725e-01
-1.122038428179692460e+00
1.992047322516277585e+00
4.116569337561847064e+00
1.707408724953557444e+00
1.249137732981278059e+00
1.501388532701246614e+00
-1.222483053645220252e-01
-1.129683683444905107e+00
-1.518611823915689607e+00
2.919249715187318128e-01
3.353821417325779652e-01
-5.906831062248847353e-01
1.393132369223908151e+00
1.441440240967965192e+00
5.437491357253076973e-01
-2.541536346481520159e+00
8.625181604822629300e-02
-2.876907214185887018e-01
9.905713704536567299e-02
-7.633627331298654672e-01
-1.057149041386939770e+00
2.282939423231236553e+00
1.306699733377145067e+00
-1.750421756793909323e+00
2.280427140146786547e-01
-4.480361116502799557e-01
-9.294643100238927369e-01
1.271468099025246490e+00
-1.855655009016767609e+00
-2.402078741453028410e-01
8.608566522993224002e-01
3.516623214724459712e-01
1.123779066998696452e+00
8.575069535738704118e-01
-3.476170674540866590e-01
-4.317448351708605969e-01
-1.700316723657137263e+00
8.545917506680771325e-01
-3.895201378295484185e-01
-1.187146393629554264e-01
-8.908611320756080199e-01
1.445494950561790226e+00
2.053798391029437731e-02
-7.153641809181723876e-03
-5.140571632533104118e-01
1.500436427120784844e+00
1.715029545168377467e+00
9.349457453218684710e-01
-1.743730236615844031e+00
3.781255922323567553e-01
1.376601153392758459e+00
-4.322240709997769992e-01
4.521467792443136791e-01
-4.264937186684657489e-01
-1.936253366770231077e+00
-6.297427905165270401e-01
-2.150397285106587120e+00
-9.036415931757657560e-02
3.040410130923077436e-01
5.731880991802584813e-01
6.221294389377667322e-01
8.508301314728720088e-01
2.581531338672389708e+00
8.204860190324092528e-01
-1.305780579487550996e+00
-2.137459828502420223e+00
1.014704705763171511e+00
-1.289285651315031478e+00
-6.969013778586234942e-01
1.467293591951968512e+00
1.437826244670622922e+00
1.355685558754665454e+00
1.123132933501766351e+00
1.391804802562280896e+00
4.704494677303136529e-01
2.548055384826766190e+00
-2.069774909691842080e+00
7.107889444150252700e-01
-1.739787404729597142e+00
5.328843288540168199e-01
-7.210382250436008222e-01
-2.957371354552704723e-01
6.085455577682620243e-01
5.210383618511622850e-02
-1.402427022603817353e+00
3.860747879247607983e-01
-1.646771531508745001e-01
-6.631003252097616985e-01
5.821381120529834918e-01
9.897756757911261305e-01
-2.135883565271087026e+00
1.133371762095228275e-01
-3.985913675093351038e-01
-6.170211621093748544e-01
2.441750942733803331e+00
-1.039223681178346403e+00
-1.232000550160162966e+00
3.359264558220833585e-01
-1.802433453583080158e+00
9.253738475575803979e-02
-8.757768099864058353e-01
-4.032453501746964264e+00
3.626136826304358907e-02
3.564429637331520961e-01
3.065246595143698571e-01
9.736967251305894688e-02
3.554699503817218886e+00
9.910092358933897394e-01
-2.432914650740479523e+00
1.265989357927700176e+00
-3.472093385302239543e+00
-5.056475850142916340e-01
-1.059815561734038569e+00
-1.302426103845227168e+00
-8.571434570823665000e-01
-6.131045256473085514e-01
2.950334445051196464e-01
2.692663180707668413e+00
-5.442204114165455353e-02
5.685240141126108870e-01
1.432487515477657292e+00
-4.314485922896437842e+00
-5.039627844997907058e-01
1.431530377016511979e+00
3.143461324078021590e+00
-1.977032010400823214e+00
-1.024546057361977125e+00
-9.122177180705433042e-01
-9.494382222179348352e-01
-4.750275902346706158e-01
1.450606398501883110e+00
-9.724205220244441783e-02
-1.637851323741249088e+00
1.857186223862063557e+00
1.152289118402949120e+00
5.911760750099466222e-01
3.359782389728288354e+00
9.654836055674631545e-02
1.436496628766314121e+00
-1.215020204197741482e-01
-2.355190209741534701e+00
1.003939752902387017e+00
-9.156328724213881332e-01
-2.299945193565536172e+00
-1.200759803830807826e+00
-1.685703885768065735e+00
5.400021549033877655e-01
-4.165899538181122574e-01
1.241094824747036363e+00
6.886433280982449112e-01
-4.760932721799813749e-01
-1.045400230695061605e+00
7.352258868201847486e-01
2.242931570811975694e-01
-3.263418100588791892e-01
1.875342923443409360e+00
-5.657631633842843399e-01
3.682230626497615678e-01
-1.272670566173318196e+00
1.150651717707487087e+00
1.708068330265124946e+00
-6.987546323275071192e-01
1.723783661321026894e+00
-8.358601346621777894e-01
7.440573222628418804e-02
2.141834517242946934e+00
-3.237075707333276764e-01
1.559745596830621750e+00
-1.503351077443880524e+00
-6.023928719538078624e-01
-1.379613838907653545e+00
-5.295056490785330361e-01
-2.510001673290433999e+00
6.522604096644649685e-01
1.684459154832909089e+00
-4.352181002113956754e-01
-6.904501970533878374e-01
9.127081925782195571e-01
1.098903045253572852e+00
1.035775628641559587e+00
-1.484162140232630378e+00
1.043749967745660312e+00
-1.023761778291666591e+00
-6.543200790063072869e-01
1.537768272981199225e-01
-4.220157939801454927e-01
6.745789894857212587e-01
9.908041953195600993e-01
5.806877211495661273e-01
-3.667870150177129140e+00
2.272731510758770224e+00
1.052759942757938383e+00
8.633127231584755146e-01
1.544095433288021679e+00
-2.145733752099635350e+00
2.106206287231090712e+00
3.133947812648374409e-01
7.587855815207539267e-01
-1.384179742550471159e+00
2.942050342003427743e-01
1.546024269284497210e+00
4.496029375953418672e-01
-2.086576136105332324e+00
2.568962252152978687e-01
-2.601706281158435718e-01
-9.626930929320971497e-01
1.613542382667408015e+00
-1.014080776601247180e+00
2.496548279571189910e-01
1.972711604970770694e+00
-1.955332539312629514e+00
-1.683979796790010086e+00
1.440054113788399759e+00
-1.044229073771799410e+00
2.601154121407895037e+00
5.838755804620543444e-02
-1.638697509090277338e+00
-4.082491927157315681e-01
8.267166199471113197e-01
5.839748913245066397e-01
4.077598717229273362e+00
-8.744632531457480207e-01
4.633447156998831140e+00
4.808915076358638019e-01
1.499213596173608831e+00
-2.804586111947412697e+00
-1.289588425827381757e+00
-3.817460807206491391e-01
3.781606077845153790e-01
-2.606536510637260107e-01
-1.351966219177111128e+00
-4.422869692487156890e-01
-2.276379508538822982e+00
-1.478800417898843422e+00
-1.169768196222463752e+00
1.614724723017035402e+00
2.007856697384776457e+00
3.917824425651680875e-01
2.548263056275701821e+00
-1.651690808645640551e-01
1.644402067697758874e-01
-2.866420493719105345e+00
1.819322959630347736e+00
-3.036991535374140572e+00
4.716550975789206568e-01
-1.009224674540663891e+00
-3.830779217834100248e+00
9.256952222976648770e-01
-2.512716552732208175e-02
-7.250946464472550756e-01
-1.960018311206370711e-01
3.494389656795208188e-01
5.993072708855056163e-01
-1.474925210635734674e-01
1.962667833541172024e+00
1.504399469478373774e+00
-1.746972232806556891e+00
-1.661144012915971135e+00
1.653801179302186508e+00
1.583365557593352069e+00
1.938913627735104228e+00
8.859027022016380259e-01
1.705477286536356996e+00
1.274957907891352882e+00
6.948713818619109972e-01
-2.279955385400922463e-01
-3.871234415816574570e-01
2.791836712302111945e+00
1.197497980797826322e+00
1.384102516389821735e+00
-1.413299570961449980e+00
-4.456995140771913277e-01
1.209329401393569148e+00
-1.204675467741508910e-01
3.928410265664597500e-01
2.710079354403112983e+00
-1.972814644547510321e+00
1.204230142773310863e+00
1.117168557261980277e+00
8.021362966757410451e-01
3.853653706193663903e-02
2.310506283354630153e+00
9.072601522882972613e-02
5.262474310035096803e-01
2.465006026307033360e-01
4.716482971036863314e-01
-1.921853806944706644e-03
-3.220439755612240079e-02
-1.941050808655231386e-01
-7.903718994015771493e-01
-5.378683117484117648e-01
5.193781583679648595e-01
4.270587727192859950e-01
4.504643832150276306e-01
3.474770142036013088e+00
5.743216633884867806e-01
-4.161915805424502846e-02
-1.912933620889055053e+00
-6.468026074247140711e-02
-5.967663971929473288e-01
-9.034407850126565664e-01
9.059788329821334418e-01
-1.298631441154389221e-01
-2.912528860773371808e-01
1.157054398284104835e+00
-1.763420378816628720e+00
-6.070284403371586368e-01
1.109196462869705968e+00
-2.271643968589237339e+00
-3.456908502544974837e+00
1.040536896745176687e+00
-3.644120807642806797e-02
-7.172631739806145657e-01
3.893185857017442131e-01
5.630330690542773020e-01
3.103492670279643373e-01
9.906605470538540903e-01
-1.092911866011156308e+00
-3.504310161517402156e-01
-2.363210268710377537e+00
5.262199646949146103e-01
1.175064084897035954e+00
3.411489508580664243e+00
-3.559332505309059869e+00
2.011967491159738775e-01
-3.800042807688831514e-01
-1.521421062629245258e+00
8.644848811860411653e-01
1.405721814064453623e+00
-7.330786134921287722e-01
-1.942142464909745403e+00
2.032205067141170218e+00
-1.131603789486041123e+00
-5.167526311333598965e-01
1.986887271332775651e-01
-1.889636041884717454e-01
-3.860732500713181636e+00
2.714562743731855909e-01
4.081913981283580295e-02
1.684728378783763025e+00
7.381631418816406165e-02
-1.183051297876231089e+00
-1.338543183404815318e-01
1.971026406887976590e+00
-5.872687512778529406e-02
-3.319329599850655010e-01
-4.341432906640722567e-01
-1.486408014625154039e-02
-7.321661272497917983e-01
-9.187652898451121875e-01
-1.769306294242317446e+00
-4.226984724543288996e-01
9.189072644745329699e-01
9.697107832250655424e-01
8.429002413925441584e-01
1.144309789705322489e+00
1.780305963931818392e+00
-7.243244912843394001e-01
-3.615219622940928912e-01
-6.615346756229574243e-01
1.676211083424762771e+00
2.220202019184879805e-01
-1.742328077434271982e+00
-5.680842951760757265e-01
-1.371603568239300630e+00
7.550540475816660546e-01
1.469865641924076038e-01
5.425144892539491837e-01
-1.793431914737235955e+00
-2.001024210467564401e+00
1.267592832120722601e+00
5.414288297996755484e-01
-1.489496530089625959e-01
