1.749070268701102826e-02
-6.842614265770432525e-01
6.084287413448508097e-01
-2.024221884855862186e+00
-1.091705072261899279e-01
5.531668970956755693e-01
1.071964317783291820e+00
1.980352990111744482e-01
7.898780143189105818e-01
1.033571276151608043e-01
-9.133980860898891496e-01
-1.656629575348564920e-01
2.940810952154341074e+00
6.493022594597448460e-01
1.931154356500228708e-01
6.541280929550195022e-01
1.936126881392348231e-01
-1.217300093479147804e-01
1.654307980131026756e-01
-1.677197735006712653e+00
7.915284500355106445e-01
9.137728874312438521e-01
2.103506739359271016e-01
-9.331996331877434603e-01
-1.177462377926798087e+00
3.002541357168857505e-01
8.870260511204950404e-01
-2.766276976794507902e+00
5.197632870512041148e-01
4.313592971455459946e-01
6.284792132177681179e-01
-4.809584760183509555e-01
-5.533495516595758890e-01
-6.559130461860263051e-01
1.918961417003452352e+00
-3.932300929808636436e-01
9.677634454650674289e-02
3.317110433670289460e-01
-9.240388209420657972e-02
3.636632345182668757e-01
-2.863508268109482557e-01
-9.920779908751247156e-01
1.649376810269922444e-01
1.220087292240989996e-01
-9.578765900204149197e-01
-2.993606717550774121e-01
-3.824855408138745361e-01
-8.198272477492061228e-01
-6.346963034680742632e-01
7.594026572117817953e-01
6.235637296831915144e-01
-3.437537644968737816e-01
-3.616171611954441811e-01
7.531728832991015921e-01
-8.805487452872944321e-01
-4.659113319834993217e-01
9.263301904779497331e-01
3.170963586128054956e-01
-3.357519582607448871e-01
-3.583005425152065992e-01
4.612816144218125913e-01
-7.591847690081154898e-01
-5.954925423953232322e-01
-7.439790472660834375e-01
-9.929232956011020406e-01
-8.269928068015117706e-01
-4.275073536144402553e-02
1.506539079091675504e+00
-6.001794644718445593e-01
-4.879112483820498003e-01
7.904982225569243681e-01
4.759033848874845152e-01
4.325336507082961912e-01
-6.233464226196148150e-01
-7.556105184859385204e-02
5.830038448685379571e-01
-6.798219953359647683e-01
-5.188140954687070483e-02
-6.695825207538188550e-01
9.745662767916907221e-02
1.686436388960786736e+00
-3.742609611890987953e-01
-3.139968067021543519e-01
1.106252724638316032e+00
3.309051304812027361e-02
-3.790894038806057464e-01
3.097094143389740317e-01
-2.701189073640530847e-01
-8.425573259175207497e-01
-3.683674292020908680e-01
-3.779119295747761509e-01
3.155084340374034735e-01
1.987112146688689851e-01
-1.645517602392090328e-01
-7.359556721892599462e-01
-2.768525846280665004e-01
9.352800235483105240e-02
-2.628649792008175279e-01
1.423487226816314788e+00
8.640723324838939234e-01
-6.511816035564854666e-01
-5.710679011430748186e-01
6.798341568195471751e-01
-3.569900566886559101e-01
4.711951292205491804e-01
-3.386594047892299564e-02
-3.470974947480642836e-01
7.303415632061125429e-01
1.996551662362602286e-01
-1.493412648016607669e-01
1.773769505776956468e-01
-5.445594182841890785e-01
1.248716429124410832e+00
5.598289573445851541e-01
-1.213823192127099215e-01
5.743244739990804870e-01
2.146102928972950075e+00
7.487972971304799330e-01
6.714295851289313610e-01
-9.909190416482982489e-01
3.587884749454817168e-02
1.313980363481486169e-01
-1.554504688550850666e-01
4.596432059140043158e-01
-7.821899593356396174e-02
2.099987545982175963e-01
4.813602738332785069e-01
-1.340844400833843597e+00
-8.501148176971957682e-01
5.675144210970672898e-01
-1.294346745997310144e-02
1.160594618309635173e+00
-9.647737066822481555e-01
1.459951649135658780e+00
1.796255081381432417e+00
2.016281537896131848e-01
3.247206924550205542e-02
-8.299487583831433035e-01
8.474054310762737519e-01
4.292918199865642936e-01
2.810424991098412484e-01
1.001192080755919367e-01
5.004309604078087670e-01
9.648967421785568099e-01
1.273798918967049554e+00
-3.799645711575623253e-01
9.828176305419504821e-01
8.605060763279110958e-01
-8.777733569062751151e-01
3.192094550928468166e-01
-6.785320960718952410e-01
-3.057649731228988532e-01
2.049675748498765326e+00
6.681435645310898064e-01
6.784473297630786437e-01
-3.920866426387908943e-02
-2.202401390237531675e-01
-5.564544319410182904e-01
8.424467665587778153e-01
2.087197553085720081e-01
-2.241571436963266106e-02
3.931548746899238278e-01
9.973549693004442052e-01
-4.600120840975390202e-01
-1.698150897537438198e-01
-7.927912149029789912e-01
8.943767334219714371e-01
7.953504453048643175e-01
4.840449317863613210e-01
-5.759768078729103902e-01
2.442612473979490773e-01
9.115972421336691056e-01
4.609608363997343972e-01
9.507168948815858389e-01
9.439725861090522141e-01
-2.522993916578151197e-01
6.481835972357266051e-01
4.924757972405597872e-01
5.949499504886981427e-01
6.448678079208565173e-01
-1.013867836320856974e-01
6.511912846993661574e-02
-9.267722665303002039e-01
-2.923678951176981178e-01
-4.634886783348406425e-01
2.548632626937910928e+00
-8.045743198883750225e-01
8.223927802606945114e-02
-3.828640464959712775e-01
-3.640392939438756859e-01
2.703872541868070911e-01
1.938697648773645366e+00
7.778096705156922752e-01
8.028777937320108471e-02
8.832943165284976583e-01
-8.075442413175706324e-01
-7.334070685733946604e-01
-8.100603873760559015e-01
5.682431869860011808e-01
1.547426630851909124e-01
7.627428575981491932e-01
8.905955191576730989e-01
3.036592523818388845e-01
-5.359871436082448426e-01
5.326463376780679049e-01
7.096126322771787454e-01
-1.365178454392870222e-01
9.743899496176211539e-01
-3.734016652451572771e-01
1.248712100353075449e-01
-8.386316145262073807e-01
-9.500032694097084729e-01
3.399990310520057957e-01
5.368949693961229119e-01
-3.383617334530917287e-01
-2.734546645797766296e-01
-2.856542318886017284e-01
5.700113297668114587e-01
4.429173377512005683e-01
2.389617995771373682e-01
-1.991558843664993583e+00
-5.397479867149632682e-01
6.170020001550053923e-01
7.931041686767019705e-01
-2.931047079667481459e-01
-3.140995062375799840e-01
4.190064815624370276e-01
-6.550801514818408444e-01
-7.078210606667441063e-01
-4.535403065068057682e-01
7.884265592250199184e-01
1.132556740007746310e-01
6.197305549231020283e-01
8.502174460993772165e-02
9.557199798949291836e-01
-6.642173173466883185e-01
-9.786950671752636666e-02
2.609952263209268430e+00
-2.434352284831247104e-01
4.821959790295935466e-01
-8.045460386783580553e-01
2.994001318942673961e-01
3.087755045730311565e-01
-8.221310354435211742e-01
5.521212695142425630e-01
-4.223749446632192317e-01
-1.211847982845657867e+00
1.179081561070630446e+00
8.130001810431413123e-01
-3.425325860248180643e-01
9.314412812101513506e-01
-2.318929701896446649e-01
2.087813699227587527e-01
-2.599988952992253743e-01
5.218251392034023439e-01
-7.418057557688111370e-01
-5.130940571736550826e-01
-1.572841926694676928e-01
1.786815259504027642e-01
-6.942291001764844260e-02
2.092418359877412648e-01
4.114909906586408095e-01
-9.311623494810550294e-01
3.047098953916143049e-01
-3.767793909487844317e-01
