2.735153985618881567e+00
4.671616860930784654e+00
-2.222110278408966799e+00
-1.098412329929966846e+00
-9.214501912631898328e-01
-5.699988891658456680e+00
-2.559137564314726276e+00
1.574170980749784121e+00
5.769063973268317991e-01
-2.446946272993875127e-01
-1.323786953756926676e+00
-1.929071232612730169e+00
3.295300622526387002e-02
-2.982625717246883967e-01
-1.929518528440494096e+00
6.619171308941267373e-01
1.725760515731749489e+00
6.255977096209587307e-01
-6.135354810557633876e-01
1.040153767635809468e+00
-4.871231396094763966e+00
4.729699855295653954e+00
-1.202979516673517546e+00
-8.436032258387251570e-01
2.639087335455534866e+00
3.093832517614240274e+00
3.401192583565654459e+00
-1.757105657874498128e-01
-3.154263477151880490e+00
-1.329262838798364044e+00
-6.409211278180948490e-03
-1.672067774607359558e+00
2.841337592058171602e+00
-3.302889875069919157e+00
-5.803509112498697053e-01
-1.187516266792890463e+00
-6.898410640591371434e-01
2.419563542325743999e+00
1.007467352500693192e+00
-1.667465966358492313e+00
-3.905093158793138119e+00
-2.175007880493602386e+00
4.815937802484387409e-01
7.956660020047829907e-01
-6.352212854185124158e+00
-9.579245219496808073e-01
-1.000653588861308840e+00
1.565606879185619804e-01
3.648104037061463689e-01
-3.761880778643728274e+00
1.263519278995222539e+00
3.113318712457405768e-01
8.817639793347078481e-01
1.057160584530002723e+00
1.377637790834211229e+00
3.428062028153610052e-01
4.531663209288150362e-02
-1.910697062019945047e+00
1.980579018405101976e-01
-2.267201275671753447e+00
-4.067541555317424340e-01
2.911702467897112623e+00
3.827383292865443210e+00
1.484570784321721515e-01
1.185039125872233257e+00
1.489916263521671613e+00
2.851656522959848061e+00
-3.595579955040732134e+00
-2.775922039189136825e+00
7.587335803913286547e-02
2.229434893497796999e+00
2.839203508254678709e+00
-1.687594860857878798e+00
-3.371564143732919128e-02
-2.171543669397759113e-01
6.678799459353994550e-01
-1.315877032174883832e+00
-2.600302819468682247e-01
-2.782286833587239272e+00
1.149899392133002518e+00
-1.418109212494804261e+00
-3.369976993912826568e-02
-2.491242788866011360e+00
-6.276400169650275807e-01
-5.388065285255287051e+00
1.703933882260932675e+00
1.393192983905863436e+00
3.595574508211797637e-02
-2.054185201432560781e+00
-4.154541707526940186e+00
-7.499883867345701338e-01
-6.127212111605828682e-03
1.874932339337117337e+00
-1.167734037827947269e+00
-7.205045840167030313e-01
8.957390787886932992e-01
4.502961624237636906e-01
3.096240449833097319e+00
-3.864792490567130478e+00
-2.541990090687306303e+00
-2.804261717943977494e+00
3.637737534751202262e-02
-9.269563581489859150e-01
2.235029393698466649e+00
-2.996019706969136331e-01
-9.440881941536998223e-01
6.943816025006961379e-01
2.819140682809174070e+00
-1.326264726785738812e+00
-9.132287848593081403e-01
2.854371491798178839e-01
4.716052168140588030e+00
1.148107258939423225e+00
6.131133848100356332e-02
1.944469520405611718e-03
-1.054955596773138549e+00
1.293408568332878872e+00
2.504274453137109724e-01
-2.825487965942272250e+00
1.437346204065844679e+00
-6.232849925163845839e-01
-6.966949971596015700e+00
-2.274200560982970742e-01
9.802802663813723338e-01
-1.551734753849772330e+00
-5.575560499318710228e-01
9.716903965329485304e-01
-4.089774669484098624e+00
3.889344293131948849e+00
-6.496407124681008449e-01
6.984337765686030597e-01
1.277613933463431994e+00
5.607597348032585804e-01
3.013091411837820921e+00
-1.306928294345603758e+00
-1.220119942084534337e+00
-2.406275190622420013e+00
3.574738205312366635e+00
3.253774776644875022e+00
-3.207486815997676377e+00
-1.255835785031905516e+00
2.977188197096690470e+00
-5.996769546188140954e-01
3.538988854177416155e+00
-3.255900959993872856e+00
2.041569952282756173e+00
-6.047560856928098083e-01
-2.247162049161632424e+00
-3.223586705009959807e-01
-1.497442317708037818e+00
2.988950993731076089e+00
1.868474574112364728e+00
2.988540374763357654e-01
1.062362347292749032e-01
1.104765551497525200e+00
4.240306405810794210e-01
-6.541237522209903954e-01
-2.023894416576482502e+00
3.099102270795961456e+00
6.958105653562425275e-01
-2.654922749973930074e+00
7.341679830023053466e-01
-2.770717726605186115e+00
-2.188024345828939676e+00
-3.208048499200990999e+00
2.644736413711477496e+00
-1.520544511146651789e+00
-1.531483634618444611e+00
-4.856580020211892723e+00
8.330455810473222922e-01
3.526003510515880901e+00
-1.545625124410585194e+00
-2.464381587349477876e-01
3.752700061892142003e+00
-1.547792654150675684e+00
-1.591228342504650006e-01
1.254097486809522266e+00
7.195171198478265140e-01
2.272923879849204631e+00
-1.128830399373823345e+00
-6.456770345127371691e-02
3.977484211254911362e-01
2.430518851257642776e+00
-7.426209156276128431e-02
-2.195663468816992925e-01
-2.317116961285865084e+00
-2.698333669237120702e-01
5.176145012957451552e-01
4.589984800147337118e+00
-1.460679928868031441e+00
-2.881674622917098194e+00
-5.827779888451800616e-02
2.848791959665180507e+00
-1.181575671654921278e+00
-1.405689608219887532e+00
3.144810182070299831e+00
2.113846427599767708e+00
-8.163009875379185765e-01
1.456724868994127453e+00
-1.714398972166946145e-01
-2.150936463155926237e+00
1.785275150878390393e-01
-1.456093718532490144e-01
3.053843298838962994e+00
2.673548616073327278e+00
-6.790467589989597208e-01
-2.419203966960921548e+00
-4.892153336790516782e+00
-2.127897451150781549e+00
-2.019974163746746765e+00
-5.559928199540281391e+00
-3.828637885142234687e+00
6.455135385683757887e-01
3.455545231697570441e-01
-2.046348733146039933e+00
2.076984001866357232e+00
-1.836837708973900529e+00
3.099466781559421791e-01
1.089851719414479891e+00
1.103018439522683192e+00
-6.496186322550077108e+00
-4.164639139111433463e-01
5.158543181902816244e+00
1.122087407298824724e+00
2.610019790872634360e+00
-3.156828055719199888e+00
-1.777027575973347151e+00
-4.165395634717417472e+00
2.587335766488292776e+00
-2.040894328471220653e+00
-1.038798593815110083e+00
-4.321643197817694571e+00
3.197907002089310780e+00
4.089538807995243275e+00
-3.175857937363659733e+00
-3.013139600384215910e-01
-7.280459054277550468e-01
-1.761082904257539772e+00
7.465237966086664123e-01
1.633690752650836187e+00
1.240806753391382244e+00
-1.135815043260172130e-01
3.252243344235601352e+00
8.642471443512882434e-01
3.599930342988846732e+00
-1.955382117805220865e+00
1.180088766343084794e+00
1.794021705430892899e+00
5.685265191423451991e-01
2.801397936639252517e+00
7.050983082280686265e-01
2.564011711188999509e+00
-7.426566408197204927e-01
-2.298357712500988637e+00
-2.547913120473027870e+00
-3.017490971925864240e+00
-8.263505180519681304e-01
-3.004392996769083002e+00
1.815892617636116091e+00
-3.264569709841873002e-01
2.324754739161456918e+00
-5.851748880625811111e-01
4.244247424420084513e+00
2.861519626791942938e-01
1.298604782759251730e+00
