1.932780034430654215e-01
-2.216134477235014513e-02
-2.575917576513818141e-01
-2.423997872742733248e-02
-3.324815952850098538e-02
1.910482193631244663e-01
2.496874178278860046e-01
6.955990458682226318e-03
-2.228092841601160556e-01
-3.837028031146045848e-01
2.637233288833876754e-01
-1.848298846658207734e-02
-4.278975608090529459e-02
-2.298369776375602802e-02
8.725583832742396517e-02
-1.345039527298750454e-02
-1.448875869895624446e-01
-2.348575399783863205e-01
7.252398245824001610e-02
-1.301499455040835973e-01
-5.234848434994049393e-02
-2.060368697885057998e-02
-2.320166316050883970e-01
9.348133487623333515e-02
1.694884210638140931e-01
-2.416135260950124097e-01
-1.315750504513349059e-02
1.262415901628189951e-01
-1.096443427535092607e-01
2.015993027723759767e-01
3.819173218426046845e-01
2.264299900240065722e-01
1.018266651924772115e-01
-1.839333007895588984e-03
3.834273476420515525e-01
4.234298038258868524e-02
9.940130286427509287e-02
-2.742941716307411570e-01
3.063205298172031465e-01
2.292264295218018610e-01
5.298334942586788859e-02
5.663199208572539112e-02
-9.060608436149486522e-02
6.109622656611474190e-02
-9.108523463625950445e-03
-2.137820093441846758e-01
1.634112420492892515e-01
2.127604521954139516e-01
-1.277336454525489495e-01
-3.393417702642577138e-01
3.310365210823319748e-03
2.005759667757341796e-02
5.550483782640825564e-02
-4.279651510920644969e-03
-8.763023119207036249e-02
1.873520876273239710e-01
1.450814776660251104e-01
-1.202048842897016911e-01
2.499133844113775871e-01
5.806793557091784186e-02
1.236249276811519221e-02
-8.395931709510193186e-02
-2.712595432467453382e-01
1.383571224846059655e-01
8.731827845512948882e-02
2.504205825579782982e-02
2.098273835801128806e-01
-2.502747514129047279e-01
1.618317282352212949e-01
1.974715348236239648e-02
1.652287157402820145e-02
7.593917551933636323e-02
-2.148595776224668588e-02
-7.447885396240552791e-02
-1.558404066192196069e-01
3.679761814583483448e-02
5.383262015233609976e-02
-1.417847689583560666e-01
-2.932126707708651026e-01
-9.452622149491279879e-02
-1.396802752241762535e-01
-2.055860736897310026e-01
-1.936997905633055239e-01
-3.050774529825191483e-01
-1.013363220322482661e-01
2.656136049094091067e-01
-6.788919315612899907e-02
1.492269699098783542e-01
9.207179494270637671e-03
-9.154273924841828391e-02
1.526380767473603517e-01
3.186528423395003085e-01
-5.709946754455155760e-02
-1.597447152838263884e-01
2.078392100430676015e-04
-1.196621127626184139e-01
9.718865571135062997e-03
-1.287760183950727999e-01
-5.546928475418104465e-02
-5.148682123771122221e-01
7.693246481725680985e-03
9.034355572627443542e-02
-2.679905440215833712e-02
-4.336846353021676925e-02
7.418787623390009356e-02
-6.266136667570655627e-02
7.424599171155105148e-02
1.820585597461122640e-01
-7.820108264969975742e-03
-1.182747047896451076e-01
-1.122144329853010936e-01
3.259727766876260868e-01
1.529449833031907846e-01
5.200768993898846615e-02
-2.474515082479666617e-01
1.645507653279119215e-03
-3.043393334053702201e-02
1.406512315699850468e-01
5.030358513616142724e-02
-1.195500093733799230e-01
-5.588695965078112338e-02
-2.270394601252234412e-01
9.794974985998629313e-02
-2.324919147586619328e-01
9.990605072653371832e-02
2.073504354632652313e-01
-7.342569080035131479e-02
-2.945800116396791735e-01
1.722542587463729846e-01
-9.887448274549173743e-02
-1.270923090397509392e-01
-9.103383777456194870e-02
-4.138517713650476104e-02
4.392724069501051376e-02
3.537179928533148443e-01
-2.904010886421204973e-01
8.800883859603314541e-02
-2.431309055275205355e-01
9.797233386651504894e-02
5.409395538932676439e-02
4.578518644092894885e-01
-1.441648905972778283e-01
1.539899038802362008e-01
9.827481137513016662e-02
-1.753235925503658366e-01
-6.427944085219455816e-02
-3.144947212132117587e-01
-8.604373951531486819e-02
-2.544096279682114478e-02
-1.704032785724895471e-01
-1.639817260721588288e-01
-3.266364780276794638e-02
1.100305419367207937e-01
2.973063919422678711e-02
-2.238289687735096067e-01
7.210723197675592000e-02
1.101300204964009710e-01
2.868557508948190726e-01
-2.915091330756950372e-01
1.294456321602498738e-01
-1.030671966105420334e-01
1.078966832568464540e-01
-3.560662147446834735e-01
2.944645836399544664e-02
6.807711284550382880e-02
1.419251143109170610e-01
1.567757683198257590e-01
1.084342582884433720e-01
1.141350434608934122e-01
1.650063032451183354e-01
-1.280363278318221165e-01
4.309506954160919889e-01
-4.510691314266429552e-03
-4.075052229503905304e-02
6.082262944575938385e-02
-1.763822209414686315e-01
-7.660005713959533447e-02
-2.712085782383557020e-01
-1.515765422203100288e-01
1.184814688919610948e-01
-1.735412995376454659e-01
2.301199519803788507e-01
-1.673443587457783543e-01
2.492595397342542429e-02
3.015860327984903333e-01
-1.715839853861094721e-01
2.395171644110452233e-02
-7.653364449156659088e-02
3.301087046894169985e-01
9.859921670505168712e-02
-8.990059770623637370e-02
-2.905601905765066162e-01
4.742053556870461095e-02
-1.414329460481535961e-01
1.585652868301583029e-01
-4.606821632636284858e-02
-6.792233843985802377e-02
-1.626016119154789219e-01
1.015437985427982970e-01
-6.491494444106818418e-02
-1.449327659926914480e-01
1.783940808912629905e-01
1.586765277383025419e-01
-3.659952466620126632e-01
-1.194953016880263008e-01
-1.010090856896361106e-02
-1.526002158957436017e-01
3.489300098019302437e-02
1.981430250790968406e-01
-1.849827613479817501e-01
-7.266160987448105901e-02
-1.048676531996208111e-01
3.804692766661507131e-01
4.505987532651906102e-01
4.596286747710578990e-02
1.602729480813838703e-02
-1.904557627418466126e-01
1.013353179577631408e-02
-1.836342385791873283e-02
-1.019324224529393474e-01
-4.543488786640251242e-01
2.106738604135717230e-01
2.602502277525641228e-01
1.592859494872970183e-01
-2.035370285029453330e-01
-3.087235272507662942e-01
-3.893283038173854238e-01
4.584521442820786719e-02
-4.576980619867457301e-02
3.086014303121178415e-01
-3.823273637226898836e-01
-7.172141217740010677e-02
-8.011597246032441111e-02
-8.142036677192392158e-02
6.714438776910469642e-02
-1.956251292951930454e-01
8.459658703638223143e-02
3.648799519911023470e-01
2.029717406034646787e-01
-1.119584889449492665e-01
1.123981255522426004e-01
-1.838264740878581271e-02
2.150017844071784312e-01
-6.044916261635641108e-03
-1.568302025117450371e-01
1.148772515878468958e-01
2.290694407015306244e-02
7.276377661917889095e-02
6.449461764400656050e-02
-6.574244615821871196e-02
8.054772031523022013e-03
-2.130486590311747030e-01
-1.968440304034693444e-01
-5.826853173860023494e-02
-2.249283132144639652e-01
-4.177999952476540990e-02
1.746307079442525889e-01
4.095595976901005852e-01
-1.822011180323017121e-01
3.633547836810454568e-01
-2.126810462248571731e-01
3.459631224490956614e-01
1.846999356734059239e-01
3.170460998490588767e-02
-2.186401234491468781e-01
