-9.043273126703034459e-02
4.109622568797305364e-02
8.790974966969015147e-01
4.773398460505101082e-01
-2.659052400327371335e-01
5.472899772654745698e-01
9.579477215728602335e-01
-1.029387972356293535e+00
-4.763612745879409194e-01
-1.093638326888892731e+00
-2.101303972415248800e-01
-3.380752359638278248e-01
4.289743579206625745e-01
1.607009101641650728e-01
4.220295031385781215e-01
-4.920123131163867125e-01
1.663064029643340991e+00
-2.901548599467623224e-01
3.323576238363084023e-01
5.298214416472056820e-01
-9.118549928567851182e-02
-5.524644992744517924e-02
-7.051113679113722998e-01
5.491906659662564305e-01
-7.494322322765898381e-01
1.592483853331044363e+00
-2.136740848148717564e+00
1.285711629926707733e+00
9.040485076006435916e-01
4.538537407186142569e-02
-2.107835454130027930e+00
4.688229904038693774e-01
-1.133204417447623458e+00
1.838120856350017596e-01
-1.068080621087518001e+00
1.066295824265240111e-01
1.362395446230497242e+00
-1.481325489881288648e+00
-4.204373031679766726e-01
9.766779114227159830e-01
1.988831256946103632e-01
3.226164831574904190e-01
-2.610414345037007089e-01
4.587392707530569824e-01
-9.132242182705432310e-01
-7.420760210824077774e-01
1.336033789567584895e+00
1.154148685980382200e-01
-2.244162180417701880e+00
8.294969438064485612e-01
-5.239213005058714900e-01
1.681874254172163852e+00
-8.067267057078889581e-01
5.217144315935211552e-01
6.113520481050043198e-01
-1.637832163530898444e-01
-2.548470673072694148e-01
7.202651362237678656e-01
-7.198989662990091798e-01
1.239418344370235986e-01
9.313122973696719153e-01
1.177925427923923518e+00
2.982869679997202095e-01
1.861277652014985962e-01
-7.173001891806198849e-01
-8.546947223013922068e-01
2.427017136180009693e+00
-1.444174288140833928e+00
-2.840873896505930474e-01
-2.187305603369493756e+00
-1.845869092909842024e+00
5.766497203595021270e-01
1.505212084831732966e+00
-1.713033591545291223e+00
-1.226863859128704215e+00
4.793099253013198835e-01
-4.476354990922666865e-01
7.574824335677898812e-02
1.405656151379520435e-01
-1.444464407323370336e+00
-6.939290718289987669e-01
6.128873412561135492e-01
1.032479532698498348e+00
-8.551819688177565437e-01
-1.570510647703574070e-01
1.458621701632800693e+00
-2.277047421159150709e-01
-5.581094633499426028e-01
1.957961276270999029e+00
-4.681604621277687950e-01
5.704311135027887447e-01
4.405863002636080383e-02
4.765311245828150744e-02
-2.752903888402323807e-01
-3.889355160038570070e-01
-1.184989154947628354e+00
-2.221415472445821937e+00
-7.825488532450579349e-02
-5.556470324890501189e-01
-8.674856770284018470e-01
1.785696716436097731e+00
1.339625099419140319e+00
1.383111622135019259e-01
-1.144190171439039672e+00
1.151444748548345443e+00
3.710451053469008276e-01
1.370808695046152659e+00
1.042620721518795895e-01
-6.867475907724925888e-01
-3.366542692482895616e-01
2.421793771595009692e-01
4.379718887357202384e-01
1.574494332240751859e+00
1.331077244029926332e+00
-5.814916608419257171e-01
-1.720989431601976261e+00
-1.033208882116135388e-02
6.719699885152367047e-01
-3.393123482571012706e-01
-8.355874529686850849e-01
7.910851965427693200e-01
-4.424100514411246077e-01
-7.310612377511612747e-01
-2.548404770741784287e+00
-4.194812885513660161e-01
1.053251198452105131e+00
7.549937543150345709e-01
1.178233948673369280e+00
1.108200656804648077e+00
1.784268010786785652e+00
-4.263081131880311347e-01
-1.810302817599715786e+00
3.539557002300062760e-01
1.353060691394744608e-01
-7.104328481902381087e-01
-1.423041570424290247e+00
-9.832835460484654622e-01
1.767420750025491705e+00
1.392837511200777589e+00
-6.868674491352164679e-01
-2.247739634699462918e+00
-1.129678224714028234e+00
4.965950106501689221e-01
-4.921926679906930002e-01
-1.192828396145281800e-01
-1.449842583387641826e+00
6.931622913802042429e-01
-4.614320472595125067e-02
-1.782100747906118388e+00
-8.115119506887858991e-01
5.921964657675944377e-01
6.368703949925478280e-01
-3.165020268406049664e-01
6.722191899920324509e-01
6.217594834615516181e-02
-7.671060697108148529e-01
1.914357702925059412e-01
1.977646927709074062e-02
-1.170572488882758222e+00
-1.805300119167519313e+00
6.925004651762878272e-01
9.608167129319784838e-02
3.458184090774534813e-01
1.001787589678028167e+00
1.546575718629905616e-02
-1.236932025013896819e-01
1.424606151394416598e+00
6.611706725677739260e-02
-3.431012428504728318e-01
2.892483792863591585e-01
4.763189944765724992e-01
-1.801637183497645456e+00
-1.171118536839472979e+00
4.405069653641033312e-01
2.184300254507958616e+00
-2.487777345884016611e-02
6.313896058621972784e-01
4.529414275315648553e-01
1.734802519633875661e+00
-1.761195942596132324e+00
2.409101167032808299e-01
1.548660167837929258e+00
-1.013472175807338983e-02
9.188432734188535234e-01
-2.487574427696671808e+00
-1.228993275796159135e-01
9.688976212840189062e-01
-3.207088041553511348e-01
-8.026702305984714236e-01
-4.331786009282862504e-01
7.877137933234833189e-02
7.955037335803328835e-01
6.916867785120912604e-01
2.845696567482714490e-01
6.945622626310944403e-01
-5.132236167800718896e-01
2.924363572538543066e-01
-9.261112372767038581e-01
1.595781190988548315e-01
-2.108666367408821019e-01
-9.841062768987336451e-01
-8.049291349543412633e-01
8.921036027479073427e-01
5.146171501963975325e-01
3.308213520147231246e-01
-1.375155114647591270e-01
-1.141969236777721219e+00
3.557159530946201187e-01
1.159146399819103834e+00
-9.593848167648547642e-01
-1.749551947209574854e+00
-5.733619374591223394e-01
-4.415526093763462168e-01
6.061555621024289353e-02
-5.977593647400470944e-01
1.026599624122087884e-01
-9.839790571021106436e-02
-1.361239872037306453e+00
2.614542330953383842e-01
-2.890966577000355642e-01
-6.574794660485698827e-01
2.880537270170765995e-01
1.452590373669233159e+00
3.339050557278990250e-01
-6.090009383056477210e-01
-1.351307279579224474e+00
-4.474059226249281207e-01
1.171381518321579662e+00
-2.011093765380131959e-01
9.265547260719383393e-01
-1.018664638636591180e+00
-7.041252820904213561e-01
2.030661176998727946e+00
1.593857382353606744e-01
5.314090241535026626e-01
7.046748721183845321e-01
-8.239055813775134629e-01
-5.860988838979734883e-01
9.347702763315633989e-01
-2.366170959107411764e-01
4.459966214611074120e-01
-1.449785999793193003e+00
-2.929305054454164892e-01
1.691619768091716214e+00
1.110645190371164936e+00
1.558167035111212684e+00
-6.504804361129566947e-01
-3.422700164203142797e-02
1.024709469816544205e+00
-3.095136010727336240e-01
-3.378833041545838967e-01
-1.268774762441900572e+00
-1.649073665920231524e-01
-8.009342433695613162e-01
2.209720750748053408e+00
-7.565493216468950344e-01
6.813287392532896281e-01
-5.493008171805474626e-01
5.552427320863760896e-01
-1.174042657974482678e-02
5.584980483294841314e-01
-1.080868888016598861e+00
-4.978123042889260885e-01
1.093266037571321903e+00
9.847904588759678335e-01
1.744580850092488644e+00
1.731224892266420179e+00
-4.940225366280316943e-01
-3.949051993859020171e-01
9.588446143170608060e-01
1.363267637173805058e+00
-2.836190816457830444e+00
1.184351314493924834e+00
9.691577038450129855e-01
4.656556664358151298e-01
1.895895373237329595e+00
1.935072646095524096e+00
-1.729737282530732667e+00
5.065166869133759242e-01
2.842708312618931754e-01
3.265618509284173854e-01
-4.598958903985750912e-01
-1.141296682033191123e+00
-3.607568201155820997e+00
4.585472204730966506e-01
8.852161156494695593e-01
-1.862701799024365057e+00
3.771139896278621340e-01
-1.865060551246380927e+00
9.963949021378223359e-01
9.099218257011906230e-01
8.739624282527970189e-01
-2.496695289606430945e-01
-2.342361680925442724e-01
-8.426224100751875667e-01
-3.976516370044975712e-01
9.508923424434962968e-01
-1.139546055091326782e+00
4.295050973859860233e-01
-3.132527257716325453e-01
-3.053898768203684444e-01
2.205445011177587789e-01
5.386528866343534561e-02
-4.608895261705518026e-02
-1.473521198260472564e+00
-5.528399049781650421e-01
-1.395389819885892724e+00
-8.017091750911635728e-01
-6.468024968818372744e-02
3.528592181280149620e-01
2.331268946840025502e-01
2.498655165148546686e-01
1.735032304582226681e+00
-2.408148327441557990e-01
-7.917545037687979681e-01
3.648721910645235655e-01
-4.172524106779565978e-01
-7.206615435678640491e-01
-1.717889339169125229e+00
-1.203393243031349424e+00
-1.993044305811795036e+00
-7.874436883836368750e-01
-3.184123549478722337e-01
-1.829101315879364809e-01
4.740378761555140152e-01
6.210014879765572982e-01
-1.077130124658672194e+00
1.114356551522989403e+00
-3.196371265078305490e-01
-1.960405557183535263e+00
1.810027950746535275e-01
-4.347483052845234341e-02
6.546904099027657242e-01
-4.419045291145664439e-02
-2.294674282907969154e+00
-1.630258570983385280e-01
2.550139967122447171e+00
2.699662954107792112e-01
-5.090831290760549077e-01
1.080374828712175717e+00
5.357316782985754866e-01
-5.935679158141993206e-01
-7.337783923545678766e-01
-4.037224424995267125e-01
1.453741623312841069e+00
5.289174681690635982e-01
-1.426263628527721483e+00
-2.776541118364432847e-01
1.227241197008403617e+00
1.046696501312064154e+00
-7.962285445317159871e-01
3.677989744861477894e-01
1.513790497790327150e+00
7.858530755021525538e-01
-7.028677825549209945e-01
-4.390016274584906952e-01
-1.084730985402666770e+00
-1.103286857842656232e+00
-5.291859227164597695e-02
-1.890368440059636279e-01
-5.754207406585577500e-01
-1.743531779072674315e+00
-9.640356468730826300e-01
3.055491930562355130e-01
3.834151555054126082e-01
-1.739354173151705096e-01
1.075574828570305730e+00
2.427753303607754765e-01
-1.017719919609584522e+00
-2.134941908162712565e+00
1.328958556073595032e+00
-9.805055912883180458e-01
3.584418635059185010e-01
2.220879686770188766e+00
1.578852555980766459e+00
-4.425054593759916721e-02
1.123097210161706050e+00
4.386686072871975178e-02
-2.558505995264038768e-01
4.747299617417289480e-02
2.694116217542549485e+00
-7.600395087239590897e-01
-7.391573313010604274e-01
5.918568658227464363e-01
-9.565607511326340573e-02
-3.213035726201549092e-02
7.349940220985071715e-01
-9.368754309436130301e-01
1.711705029570037340e+00
6.302259890745953719e-01
-4.777978961762293503e-02
-4.492637848753613938e-01
-5.442761128381345959e-01
-6.379520575998127996e-02
7.479998269790986143e-01
-2.196626263298077919e-01
1.657672129492879787e+00
1.175343032831508427e+00
-1.219083678341620347e+00
-7.670430186752763557e-02
-1.124010474206328825e+00
-2.417761361832473088e-01
7.920060032842968223e-01
-1.254650611596396015e+00
1.974783926653292943e-01
5.071018572447668626e-01
6.633281439158390524e-01
-1.398477162668012808e+00
1.451915051936887746e+00
-1.275904584105651773e+00
-1.458882366782853435e+00
-1.113618810274819904e+00
-8.747625640194983676e-02
-2.205982741792678059e+00
-5.486027183405638441e-01
4.758229872076226163e-01
-2.345774560602718883e-01
-8.557754558705866765e-01
-1.658343589341064461e-01
8.930150559685101630e-01
2.847993246276958046e-01
-2.291300598151501874e-02
1.272768995623042798e+00
-1.179684543643075290e-01
-2.751530085160862615e-01
-3.068438576085241176e-01
5.835367102166688635e-01
-8.244861202866856642e-01
1.386963862328704222e-01
-6.072994538849511015e-01
-8.864404167094539488e-01
-6.751659165522152506e-01
1.261840603118978832e+00
4.319737125978692638e-01
2.146129766137226280e+00
1.332821706201873513e-01
-6.519158548866793579e-01
-1.223579608129753415e+00
-1.101143802028307084e+00
-1.374741464563830062e+00
-8.146373431404712040e-01
4.777003806268689812e-01
7.617409383432969250e-01
-7.943992796442018722e-01
-1.660016839284460533e+00
-1.002210320415608757e+00
1.008925322866753183e+00
5.476584606329174543e-01
-1.900806693628810828e+00
-4.090114465957973011e-01
6.948559271522192216e-01
1.658275360503352669e+00
-1.202264497144450717e+00
1.241494388721877007e+00
1.942612375200543307e+00
2.521495845128923219e-01
2.548223788684065294e-01
-6.841129615406840170e-01
-1.024816259004728947e+00
9.020571131376775575e-01
-3.292709586275446298e-01
-3.678933317861619590e-01
-8.453285684201540251e-01
-4.887113955892939954e-01
1.528314245810337146e+00
1.037442362964682285e+00
-5.577708873925071309e-01
4.885876153442288428e-01
-2.044137673923875020e+00
3.672116671409438315e-01
-3.855738597222040098e-03
2.812406804859274856e-01
-4.499055744624333997e-01
-9.016759081540317577e-01
-1.647300852527318615e-01
2.969757304911618823e-01
3.839478796157370089e-01
-1.184207408541094741e+00
7.186975337923510176e-01
-1.748811851887435431e-01
1.736721753200484830e+00
1.997879392420157108e-01
-7.800690563804986155e-01
-7.910091651562067838e-01
3.664466216505730678e-01
2.287568579610308739e-01
2.556346456342773799e+00
-5.275908369858506308e-01
2.034076557747617642e+00
1.541763780600283740e+00
3.576186107731765818e-01
4.732179925205254878e-01
-1.188362332897523327e-01
-5.243198748961370725e-01
1.737546745279531679e+00
-9.446044816680473355e-01
9.941779555357334042e-01
2.294081854417484134e+00
-2.503186221704289949e+00
8.404910438891805002e-02
1.973421230886143740e-01
1.012710627822293930e+00
-1.030770972752415027e+00
9.171374567227701391e-01
-4.375010384484664394e-01
-1.291001973686070725e+00
-4.763070934990844552e-01
-1.381920547836545277e+00
5.669311587647534179e-01
7.936429924451017526e-02
1.719083050908648103e+00
7.242922137986720355e-01
1.436589289131319669e+00
-2.244527678727392228e+00
9.265463065110642882e-01
-1.862424257548027873e+00
1.622621374719781961e+00
1.160539490324415279e+00
-6.545650801630363835e-01
-2.385941343728949227e-01
4.506293039166112124e-01
-1.571624946618883079e-01
1.603235747870435768e+00
-1.023131074267900731e+00
-7.803753970423475961e-01
4.282556852966676875e-01
7.067808999017811677e-01
-1.397098823146288304e-01
2.477943861544466136e-02
-3.881800444651812843e-01
9.782931961395590070e-01
-1.396389685715452744e+00
-1.688349401743625799e+00
3.556841456801418389e-01
-1.193930426582308635e-01
1.045001282704005829e+00
-3.510421629438400526e-01
-1.280324412256380384e+00
4.729067036022602255e-01
-2.719066913727854473e-01
-5.052503672096786413e-01
-1.250665645047194796e-01
-2.360059311477161970e+00
1.969945505944984188e+00
5.324455398032920672e-02
-4.335185122301475624e-02
-1.220383379438771065e+00
-3.511610536544876870e-01
-6.760889867232776629e-01
1.802339628430433827e+00
-1.073423346432532677e+00
-2.440826417732244458e-01
-3.307696496907365780e-01
-3.820056862717813306e-01
-1.722892425129615157e+00
7.563583317324851230e-01
-3.871888796204523420e-01
-2.511764407671563948e-01
-7.491282329949520147e-01
1.337893809755716368e-01
-6.579928030779514936e-01
2.906805891502881600e-01
3.064198844543120637e-01
-8.399869365743187766e-01
9.650274129838297688e-01
1.047706639741347701e+00
7.728537233984864585e-01
8.522481853935534035e-01
-4.221196436180870148e-01
3.928904023177599569e-01
3.296766406037014097e+00
2.368172989854475663e+00
1.341558637732512826e+00
6.184524836363747280e-01
-1.505014079859157139e-01
-8.740162310203322335e-03
5.689620939229993457e-01
7.992241579930760287e-02
-1.032054193674721398e+00
1.323016868384200295e+00
1.001562848769063319e+00
-2.207593241308670073e+00
-3.026104718952937755e-01
5.892227266276291869e-02
-1.089689094056101482e+00
5.853255385084871198e-01
1.879920591289445109e-01
1.516842656778618625e+00
-3.473746170022045526e-02
1.696367325213515409e+00
4.169700500878909533e-01
-3.502040749137625558e-02
-5.252948857096176871e-01
1.278268360756024125e+00
-9.869265877364050144e-02
-3.906574785507094943e-02
6.181217793364788271e-01
-1.414273652802606751e+00
-2.356549643617636761e-02
1.249955547610964723e+00
-2.420170325066946404e+00
-5.636548995416139629e-01
1.721209805016348682e+00
1.051975635999037761e+00
5.161865398931395621e-01
2.082334239782842378e+00
-7.696845294918694957e-01
-5.536392293039047452e-01
-1.447749762740538682e+00
4.437072950667587112e-01
-7.097122194342043722e-01
3.078026686380976873e-01
1.228646200868970695e+00
1.493763766657298930e+00
3.786170666314642719e-01
1.884686332178139745e+00
5.472708494969853454e-01
-1.003471149356198966e+00
9.187456831185336625e-01
4.019811564401579718e-01
1.146847326450662452e+00
1.030686800448398666e+00
1.178244354131931182e+00
2.410635716937860329e-01
-8.954493589059751013e-01
-9.015250629963449391e-01
8.785697660120154184e-01
-5.917495360552614825e-01
-6.546122120113188059e-01
5.021025252983329912e-01
-1.638686413267811171e+00
9.560510122346717043e-01
-9.311501695565196357e-01
-3.754160234816841246e-01
1.264704236779069790e-01
1.010110183480017243e+00
-2.138633893304256350e+00
9.325870078730105206e-01
-1.170473919817168973e+00
-4.921322597876344740e-01
8.808479177300528873e-01
-1.104613471187030793e+00
-1.232021443611286848e+00
1.306556172571288643e+00
-1.905743054115205393e-01
5.175157590728636237e-01
-2.699347974154315266e-01
-2.488972407315935831e-01
-1.233242926359559011e+00
-4.592987069374019904e-01
-1.202238881648671320e+00
6.850100551062705545e-01
1.547022552917011629e+00
-8.686119294445372729e-02
-8.054796854039997234e-01
2.023361713565348108e+00
-4.224779127354493791e-01
7.169826619026521408e-01
3.781669367894695544e-01
9.635923714399583506e-01
1.086788033522877894e+00
-1.096339468625177505e+00
2.365050376608126281e-01
8.153288020412774451e-02
-8.690322643838838124e-01
1.638919387566844188e+00
3.746673194795479556e-01
-3.674923238720857466e-01
2.025226545462018191e+00
1.675400927494142600e+00
-2.634481648823448818e+00
3.933318497630862720e-01
4.797768537806679223e-01
-1.562627395929332641e+00
-1.447181511885689831e-01
-4.454119736035277999e-01
-4.305184542756816946e-01
1.209903723221878336e+00
-8.553705448685381407e-01
4.611808335484345323e-01
5.606428447832655787e-02
-5.842330132916746521e-01
-2.464054955932816871e+00
1.492281504317005680e+00
7.770685021068757248e-02
8.916799088312836741e-01
5.633249090473260168e-01
5.593533845949848482e-01
-2.333764559906944758e+00
1.321841719050280473e+00
-4.256512921688054840e-01
-1.195150853192451963e-02
1.098051403634688616e-01
-1.201578921057010918e+00
1.199873535273936032e+00
7.167167248309757044e-01
6.111053970084935338e-01
1.208417077771466897e+00
2.449620471894768947e+00
2.257124894405874826e+00
6.885999301181932042e-01
6.926070431721523812e-01
1.229954644226229687e+00
8.681919045471678253e-02
3.718827483304890102e-01
7.663456342901718843e-01
-1.173232468327154887e+00
-1.610353559435627524e+00
-8.761147629749186372e-01
8.875474874457469632e-01
-7.479221905216474342e-01
-1.708862150118158230e+00
3.165555755540086502e-01
2.316774791474687512e-01
6.915628454827135174e-01
-1.709437606001099619e-01
-1.189529097463698948e+00
3.656525386555858348e-01
6.038199118888473160e-01
1.000000000000000000e+00
-2.101303972415248800e-01
-1.034447915003941398e+00
1.000000000000000000e+00
2.030661176998727946e+00
1.278324011823256168e+00
5.137018423464502215e-01
1.524031986324803967e+00
1.000000000000000000e+00
4.529414275315648553e-01
