7.706016828851769418e-02
2.663783169370381176e-01
-1.144017690461644143e+00
4.712229201625854902e-01
2.256933504077858199e-01
2.438485617066448619e+00
7.542509260926248960e-01
2.012068355086141791e-01
-1.546063129467697639e+00
1.341672596352979641e+00
4.703349631339400760e-01
-1.220442182864297509e-01
4.537277629922528144e-01
-3.298355918918006169e-01
2.073506861483291441e+00
1.686741466860391281e+00
-9.588589296397664885e-01
1.608799119892971419e+00
7.929929155626718185e-01
-1.066654833349199194e+00
-2.166524366231930898e+00
-5.760860852302180923e-01
1.251900390105187277e-02
7.246964727789084737e-01
-1.687219745618814493e+00
3.803826284505107846e+00
-1.626764979061517291e+00
3.006291588694298689e-01
-1.132902680786777694e+00
-1.300394963858874986e+00
9.138513071748100014e-02
1.716805364993136296e+00
-3.072634177315751725e+00
-2.272693318349011449e+00
-1.735407449333358443e+00
2.603576855927646205e-01
-2.144039314253985307e+00
-9.946689619228359369e-01
6.002594370827754044e-01
1.616916965307051424e+00
-2.336600093045167359e+00
3.607533147342794067e-01
1.180302994885840340e+00
5.372989690526372986e-01
2.914605112330157510e+00
3.732637254472688237e-01
-2.882457268017862617e+00
7.666825802160909253e-01
-2.651363258935837131e+00
-8.951777007780151729e-01
1.612446572446036397e+00
3.194048589020818341e+00
-1.935858787567147576e+00
2.006906843451051525e+00
1.889496862511450825e-01
3.096480681829008041e+00
-2.477520925906258942e+00
1.976572712011046784e+00
1.234124234311178459e+00
-3.488318794748832996e+00
-6.717866944783441596e-01
4.525954502573484306e-01
-8.349801466368189651e-01
4.108540403830849286e-01
-1.702652783832880656e+00
1.202874351099687988e+00
-1.875773139564831160e+00
-6.146436004886856042e-01
-1.509232560146082536e+00
1.488195606030451312e-01
6.390120302951922682e-01
-2.631288693782345867e+00
2.345475568505624775e+00
1.077971036810615457e+00
-3.748844667972990874e-01
4.471069572614777554e-01
1.119666081002384628e+00
-1.107746572834496401e+00
2.149044763806512659e+00
7.876280929427202926e-01
-1.060390533020188597e+00
-2.358368137874653936e+00
-1.311738283992883058e+00
-4.446921843236748551e-01
-2.603466231392946861e-01
-5.087612227139959309e-01
7.027471216971223900e-01
5.235160772191629341e-01
-1.988056071390372104e+00
8.235756305257871945e-01
-2.012376258314039768e-01
5.419825924600474298e-01
-5.348996462119859352e-01
2.576921654465447187e+00
6.374930051903344719e-01
2.277106181234080928e+00
-2.814537470544981712e+00
-1.757776970936687277e+00
-8.862170683212337030e-01
-1.631754870337746688e+00
1.472684749381697189e-01
-1.914576242795212213e+00
-2.830896792386481398e-01
1.321454748653473343e+00
1.571045533601649113e+00
2.902805877680797675e+00
-1.882698447172648226e+00
8.921794582221207470e-01
-6.559158855738994598e-01
-2.328761422303828876e+00
1.327083752351884693e-01
2.469568212518972850e+00
-6.161446787221749322e-01
1.965187312319630397e+00
1.226357590858788260e+00
5.614277336892070647e-01
-2.735372178382482478e+00
-1.338047746022100748e+00
-1.624511414771548035e+00
-8.863405440696184856e-01
-2.784638950838789206e+00
2.680884935856815865e+00
-1.540572887014248771e+00
6.164532594811082955e-01
2.125213329777960070e+00
-1.901773753463990468e+00
2.098081347285111864e+00
1.735623471306460885e+00
4.585074850604941021e-01
-1.427740951681869985e+00
6.552421582450950188e-01
1.325711318309819697e+00
-6.062960432156646595e-01
-1.642286880815612582e+00
1.105569731922904531e+00
1.142149578815256250e+00
-3.727380287631440581e+00
1.797488042793474516e+00
-1.244385362414774487e+00
-1.311073184610517028e+00
8.617409988538692334e-01
-4.588965191539695621e-01
-4.355401732787709257e-01
-3.644547364501131703e+00
2.736199985887785679e+00
8.915478813163832950e-01
2.047238014466989942e-02
2.070413762568655558e-01
-2.116244888172372107e+00
-1.349760368629002061e+00
-4.157918670635807334e-01
1.733489145499779727e-01
-1.516885837876497112e-02
-1.774553707307391814e+00
-2.926587180098628949e+00
2.945588621526828987e+00
9.600856223460371153e-01
2.917831399511126467e+00
-1.330554249687865287e-01
-7.729921282046166020e-01
-1.001195272271428571e+00
-2.033652387904496095e+00
1.610285748461028232e+00
-2.942711730317326690e-01
-2.819010995528380192e+00
1.851931937541047679e+00
4.905298256490916997e-01
9.588621676701210017e-01
6.754122507828154154e-01
2.528908001498291203e-01
1.202481405811581361e+00
1.085883426245850547e+00
2.643856893483393034e+00
3.425542305019783740e+00
-7.782938884490127052e-01
-1.406296675059267143e+00
-2.833086764259561408e-01
8.015302905263206323e-01
-1.629593512379939213e+00
-1.536494267020827253e+00
7.679736176100075973e-01
1.058236002368406758e-02
1.038674624899731391e+00
-9.917385883968803384e-01
-7.845269587924070809e-01
1.491584848500789040e-01
1.351171679291320871e+00
1.945134285593510981e+00
5.255536697075552377e-01
-3.815580537036419306e-01
1.272964171897613461e+00
1.198939461846419086e+00
1.889806966546828448e+00
7.583480673389759730e-01
1.604804452764500677e+00
-2.983350087641073678e+00
-2.307042659662634776e+00
-3.606105646657071340e+00
-7.344509210405288924e-01
-1.528776352901326296e+00
2.300736778401672122e+00
1.108292517493165041e+00
-1.365267117009350883e+00
-7.423795396070617114e-01
-2.393111206952887038e+00
-4.710768944878118702e-02
-1.634790525177676868e+00
1.868110448998515194e+00
-3.673324278207927840e+00
-1.502222588699082984e+00
-2.752364700358343352e+00
2.873962381030121804e+00
3.271744628836368740e+00
3.125214922707631793e+00
-1.061348260474578531e+00
-4.897080924046492978e-01
8.765306271855162201e-01
-3.632446795427049513e-01
-1.552002784654239020e+00
3.072503027706175782e+00
-5.012487787389693139e+00
-7.465698524240649281e-01
2.340406112355903012e+00
-1.301511306172326243e+00
6.586290102768705967e-01
-3.441060147637750588e-01
-6.300343826745875564e-01
-5.634568195172879879e-01
2.983331649510088557e+00
-1.460977749207392762e-03
-1.652228100156049262e+00
-3.695971967737063046e+00
-2.105760947681304618e+00
2.018454058117116645e+00
-4.539207587672398070e-01
-1.224158056325406640e+00
-1.089946467042625100e+00
1.741482244098914389e+00
2.793455472494128511e+00
5.896780522372130351e-02
-5.293200167111079546e-01
2.764706465288837567e-01
-1.445742055089623168e+00
1.221879206595952505e+00
2.561551653151979968e-01
1.848986730348448182e+00
5.540494562914992649e-01
3.019255492905474902e-01
-3.890141906819821749e-02
-1.932517550028440612e+00
-2.914387099276846138e-01
8.680914817790572613e-01
-8.754466456571224908e-01
8.578941654262850491e-01
3.387529337843593336e+00
8.830361434532012499e-01
2.701666435945615508e-01
1.631224470416895000e+00
2.014811024919934024e+00
1.197426128596374539e+00
2.881754198212564955e+00
1.795115326477526141e+00
1.627174679914588085e-01
7.822363124267334156e-02
3.309662850578967142e-01
