3.184645733150083036e+00
1.374631449676780193e+00
-7.442056349612662380e-01
4.836959017448620557e+00
8.214921698435745379e-02
1.128911933809063628e+00
-8.325607493558891958e-01
2.994146572979267118e-02
2.433450910171023551e+00
-3.214173255945586671e+00
-5.311761311116900419e-01
3.736714072607688619e-02
5.043116588819033241e-01
-3.544113188667710190e+00
-1.832333142814020377e+00
1.250304494146071477e+00
-4.521830042561795771e-01
-3.365894836765365383e+00
2.085674195180461155e+00
-1.810991824343386902e+00
-1.869901608766878498e+00
-1.636102602835023845e+00
4.365875146018043829e+00
9.682257242604369596e-01
-1.555533375310941047e+00
-1.531162361985521470e+00
1.227210598014605303e+00
3.770390120322197891e-02
1.646887703059732644e+00
6.197855780481738019e-01
1.381175586484264528e+00
3.993466181664112602e-01
3.074578817428427757e-02
-6.596353086741191252e-02
-1.525497575579538023e-01
4.104147157597276552e-01
-3.163241125933130782e+00
-3.579027927553072308e-01
