-1.364035554222878144e+00
-2.130490705188011979e+00
5.140646289976703587e-01
-3.923307792445582254e-01
-9.514527170757686170e-01
3.956612420586609336e-01
2.483501698444387229e-01
2.487759644117398805e-01
1.123610798579035119e+00
-8.350861065251735660e-01
7.199301344679295833e-02
7.014487424625539536e-01
2.395322160680481149e-02
2.833230779448513981e-01
-1.336474736358219118e-01
6.473866568884352191e-01
4.479719394211664762e-01
-4.716371785331033295e-01
5.177600773096997511e-01
1.476229905521734720e+00
-1.227332005536190485e+00
-2.370855975068276056e+00
6.766501084454177306e-01
5.120078627435589169e-01
-3.135888841876286470e-01
-6.108906509115905603e-01
-5.424463418045616381e-01
1.262262039392958224e+00
6.426126127987901171e-01
5.956937253713282532e-01
1.372742810093432686e+00
2.282437450299933668e-01
-1.280701369188284700e+00
-1.529524780095037062e-01
-2.675372125515687594e-01
6.249663167638369599e-01
-1.689575766842912996e+00
3.112478881966553312e-01
9.624742385531438460e-01
-2.613730760815204945e-01
-8.548934958334519774e-01
-6.688433030944813673e-01
1.265414783156339151e+00
-4.109720950633510839e-01
-8.036851575143239002e-01
-5.736683326486057277e-01
-6.644976933284908460e-01
1.548758842210250286e+00
-2.604317701744015001e-01
-5.109473817234314597e-01
6.414789101788974657e-01
3.972644289877573232e-01
-8.485960101380262133e-01
3.166680369830155439e-01
1.181740031174469019e+00
9.410067595007903796e-01
1.228934873401403172e+00
-6.474507618746924154e-01
-2.417037764700007973e-01
9.121752598350266750e-01
-1.570561220951707693e+00
-8.677790229663040478e-01
-5.099587283557079909e-01
-7.828330541684309640e-01
4.316742072739853109e-01
1.311594885667387578e-01
4.105056575949130870e-01
-9.696886436069096504e-02
-6.551981036266104619e-01
-6.545450128730838368e-02
1.522072856900635207e+00
1.013680156893905560e+00
-3.719856708726055894e-01
-3.902389034727956618e-01
4.134217644234057798e-01
2.046657892017017755e+00
1.786888916356185408e+00
5.960137706789577772e-01
-4.281205426920198231e-01
8.593116739490167522e-01
8.827367106887620274e-01
-5.370327433192065847e-01
9.363925198054187105e-01
7.073461790520711723e-02
1.023800864198155247e-01
2.662801329821431029e+00
-1.069396247893402152e-01
-1.183744224963736213e+00
-1.437913417245373915e-01
-1.303861977477887846e-01
-9.845118479569493486e-01
1.339571987957042909e+00
-2.559660324304594003e-01
-1.303563517283658157e+00
2.119039870341434539e-01
2.483490427455672667e-01
3.416591636724149450e-01
-1.044825750759721394e+00
5.414530535927355448e-01
-1.109441245263301123e+00
-1.334678244925318995e-02
-1.158592799251488170e+00
4.874338844847828645e-01
2.744409121662679252e-01
-7.011412688743351440e-01
8.580358470547573280e-01
9.053500643523663127e-01
7.702640901671751195e-01
-1.123055372272066865e+00
9.221653569910605031e-01
-1.252979311421630548e+00
2.145523944214276779e-01
8.691839999877635226e-01
-4.434506179789066138e-01
-1.434784957271649120e+00
5.131670859455668143e-01
2.933683940671553136e-01
4.210448364840756463e-01
1.550767785348525107e+00
4.116785040149916197e-01
6.888795086775133525e-01
-1.857147658012566316e+00
-2.127666461978642010e-01
1.426082587926958967e+00
1.542574951190859522e+00
-1.691220189554617503e+00
2.519878929975798876e+00
-1.226646842172708585e+00
8.422364410550307046e-01
5.110848774132077388e-01
7.355609620863396980e-01
-4.273454380799733276e-01
9.221562424460069129e-01
-4.966607310137693965e-01
-2.100538619537389629e+00
-1.035704375674426636e+00
2.411229434118667969e-01
6.270591138071758275e-01
-7.550786406410514573e-01
1.125061777667477614e+00
-1.536147452068740149e+00
-1.255575680308908426e+00
-8.760754719683195857e-01
1.694583116674544199e+00
6.783430397786213151e-01
1.244195495641472915e+00
7.570554894719651318e-02
-1.500767483934063895e+00
1.853996033200819848e+00
1.302346389244392943e+00
-5.463026371780588253e-01
-8.681912432847689320e-01
2.396345790121382491e-01
1.374255495875357364e-02
1.664130184877651741e+00
5.995131629117403937e-01
8.790457678783443196e-01
1.622207567536415374e+00
-1.013846128504987121e+00
8.233434609451499853e-01
8.514671426907355345e-01
8.406871175203598501e-01
-9.500586864397020381e-01
-8.085560827706311793e-02
-7.971091654829580708e-01
-9.988063928271843916e-02
1.975260977434875609e-01
5.750265275781543117e-01
-1.585584518097864049e+00
9.780221139489506665e-01
-1.317008882014538917e+00
-1.146805345948657961e-01
-1.162221624708413170e+00
1.496782779607553460e+00
4.246969095260729743e-01
1.885897081932993435e+00
6.954267643296868640e-01
-4.792707882185798240e-01
2.440251999721328724e-01
3.047302522303844130e-01
7.455697510271663830e-01
-6.410710273761452971e-01
5.075613487478121133e-01
6.474872034172677315e-01
1.556959349425303119e+00
9.927409520737384696e-01
1.084317537272402099e+00
-3.274923132850933172e-01
7.044028597610269005e-01
9.310071095563787757e-01
-7.132576926718218191e-01
2.776477185538981929e-01
1.049524921076299355e+00
-1.513254715867346833e+00
-1.581174532551753886e+00
1.194598766876578511e+00
7.485892680420550560e-01
-2.645640307803054370e+00
5.437515799493455315e-01
-5.381164612259193847e-01
9.028910313720321934e-01
-1.994191510019246438e-01
1.074039454302510910e+00
1.170574293493613860e+00
-5.110259827017693546e-01
-2.086349416022069470e+00
-1.394716283790243816e+00
1.219590012813925650e+00
6.966447717011199359e-01
4.319816603265639876e-01
-1.966647859247199648e+00
2.893914489064847717e-01
-1.074048840902962043e+00
1.196011461842482637e+00
2.480189789220083041e-01
4.713195894258317420e-01
-2.370024501340033674e-01
3.683408575701651588e-01
1.726418809306214108e-02
-1.204450132544957253e+00
9.033259877567884066e-01
1.087186839412675798e+00
-1.114551343573606301e+00
2.304902774629924989e-01
-8.458067426000868139e-01
-2.732863483981404329e+00
3.661561104686226198e-01
-8.041005142809526385e-01
1.015878986386849370e+00
-1.565032564483224586e+00
-2.374580227867462590e+00
2.062241674871738983e-01
2.330503092237044827e-01
6.439363370575703627e-01
-3.025203080832529201e-01
-5.344863882563761770e-01
-1.242038696148341365e-01
1.224292134416189448e+00
-9.021090617802702827e-01
7.662044484571775005e-01
1.984747087187776149e+00
4.961131926324677810e-01
-3.893416066651685381e-01
9.439883462657731872e-02
9.535074546902924109e-01
-1.356070894026093709e+00
1.358605697172688531e+00
8.595953950880561578e-01
1.307293936635367249e-01
5.097949638410785855e-01
5.093023275258481419e-01
1.054298949642591410e+00
-1.050739946672207159e+00
-1.581036790245431201e+00
-1.638636491758230784e-01
8.556593955415103814e-01
1.523430257988994396e-01
-2.344028012352121770e-01
1.327000356348685850e+00
-4.683565382010476674e-01
2.094974751794362433e+00
7.687725519525232531e-01
-1.402873794238063132e-01
1.208934193948938862e+00
-3.375403318268064834e-01
2.452071372437311325e+00
-1.650155388875387263e+00
-1.593929662917837220e+00
-1.218580074067872332e-01
-2.031027046130528535e-01
-2.633567043390227513e-01
-1.272138801862638058e+00
-2.187820247293752463e-01
2.292377423903839140e-01
7.942422423764790018e-01
-1.498218437189810404e+00
-8.264240438424029778e-01
-1.726987455097833968e-01
3.644023902882193022e-01
-1.883516312218555866e+00
-9.332015692611499436e-01
2.664688358664583090e-01
-1.704184994371457096e-01
-7.872697591312683985e-01
1.532639127012710656e+00
1.204191313805098362e+00
3.406573702416447191e-01
-6.453784576642879189e-01
8.451037404721489787e-01
-1.666446753815492010e-01
1.217849444575093365e+00
9.707811870858735759e-01
-1.250564853051211678e+00
9.189015915525012845e-01
1.365385503596317163e+00
1.345818350885191306e+00
-1.509117264523365809e-01
9.165842830354679061e-01
1.077180221157545637e+00
4.105172915107968556e-02
6.886050821924114551e-01
-1.510184884924445026e+00
-1.189510048148571197e+00
-2.529680094373684796e+00
-1.289173041025799993e+00
-9.076630833789431918e-01
-4.837916994775268709e-01
-9.134359138661917177e-01
-4.934564132453345131e-01
8.431723024765703789e-01
-2.158164872656964106e-01
1.982321068237860862e-01
1.213921708102938979e+00
-1.123875885714248346e+00
-3.779138399433344397e-01
-1.955338537203968052e-01
1.426348724254917766e+00
-6.723154346432490269e-02
-2.693248394163765269e-01
1.563339865289635089e+00
6.470007719582102079e-02
-2.812781134569584562e+00
2.162342150714257283e+00
-9.817052699849662112e-01
-4.466946190319088239e-01
-5.239918449031966130e-01
-1.081262291531027486e+00
9.228835093492102626e-01
-4.840112855891411381e-01
1.071283504809424081e-01
-1.007616758895082398e+00
-4.393130739937196605e-01
-1.241048626288975498e+00
-2.493665269593199896e-01
-1.906751825357820840e+00
8.963728003169518788e-01
1.201469533540420187e+00
7.898194858586762290e-01
-1.924792648414364704e+00
-1.458808888466534670e+00
9.308763718106896068e-01
-1.050588837875600312e+00
6.780760781610870036e-02
-1.139495918950724107e+00
5.377473064114474122e-01
-8.612976081036279874e-01
-6.909577494262062469e-01
1.637010656783346452e+00
6.488611790358205234e-01
3.061314222956648123e-01
-7.134391080747871650e-01
2.910142231630369891e-01
-9.359189898728930146e-01
-7.754632252966466854e-01
6.481449849036655664e-01
5.525466036772311851e-01
2.049071432913607271e-01
1.040812838878506730e+00
-1.699968469508829516e+00
-8.124899019436486736e-01
1.343360105605876598e+00
-3.582595625802021955e-01
-1.502877557783650897e-01
-1.615179748519054714e-01
-1.690152578851392695e+00
1.062608758178052337e+00
1.952066951927485805e+00
-1.085846319757306722e+00
9.455278943993669083e-01
7.576527489175102770e-02
1.120410275966825520e+00
-1.193838939962839296e+00
-5.154400479834506665e-01
4.219754162264026109e-01
1.231063513223028094e+00
-4.407075701229304920e-01
-7.403976625561401459e-01
-8.058878595758640628e-01
1.434849237857332982e+00
-2.012411110489079613e-01
5.801422198074118741e-01
-1.428316478472272111e-01
1.436705726488518853e-01
-1.716938508604923141e+00
-1.689744352521334869e-01
-1.959967795600476403e+00
-9.505486155958106642e-02
-1.116956377157384828e-01
-9.461436006595223824e-02
-4.556628974033300472e-01
-1.143014400596467084e+00
-1.910119264608696465e-01
-3.931119773669595197e-01
6.944030794487111857e-02
2.621938730511514382e-01
-2.377841333020568992e+00
1.125433137539884720e+00
-1.031758983934660590e+00
-4.919656590673252561e-01
1.149124449197709064e+00
8.844723833733218743e-02
-1.683869460013357910e+00
5.771787895031417204e-01
1.233239459391234139e+00
-3.365117656562281456e-01
1.029499966809835076e-01
2.260071357349617838e-01
-7.509505644471384800e-01
6.151528314694788557e-01
-6.341487802683949404e-01
-1.493433117400768673e+00
-3.302247973997348152e-01
-1.668457331445368119e+00
-1.794778921975966002e+00
1.384240912836009585e+00
-1.802857341773469235e+00
1.090668483518798526e-01
1.223958832604941538e+00
-6.935526336615358556e-01
1.652742483792659423e+00
7.518346687592050159e-01
-1.204472659665384859e-01
-6.512476358294313483e-01
-9.809482100480262923e-02
-9.193880671214357814e-02
-2.933705123716685015e-01
-1.188944056715556030e+00
1.631760791771583285e+00
2.380456230314130561e+00
1.909092454127252481e+00
-2.034439081031897523e+00
3.182084977563385264e-01
-1.602700312324359500e+00
1.421375788083337754e+00
-7.654442327296252513e-01
-9.909168616733555757e-01
8.766665449657646825e-01
-4.740985298630004396e-01
3.735627444358209925e-01
9.437665849723090306e-01
2.355225074098669324e+00
3.663784310020821722e-01
-4.966802289171055595e-01
-1.373613310831763190e+00
1.588187796726323597e+00
7.406183819138394409e-01
7.841439597530555639e-02
-3.602911097402975993e-01
1.369358627613453283e+00
-2.315428269185892063e+00
1.376092752304515443e+00
-5.313401457076269985e-01
8.428338031328699298e-01
-3.361523974712852247e-01
-8.137483034212384947e-01
2.777549593960231822e-01
-8.545091094660460795e-01
2.446582524060746944e-01
2.577244308023527442e-01
-5.678671427875486843e-01
1.360610875933051522e+00
-1.460491162463700421e-01
4.746966910144906904e-01
1.354366608518398518e+00
4.612815788171057418e-01
-7.484814407653032214e-03
3.996596644616450256e-01
-1.383715806541726101e+00
9.610570327953101843e-01
-7.450269391912625050e-01
-6.859970556554252363e-01
1.458849982529146772e+00
-5.699714285616243048e-01
-3.194361555332773661e-01
2.797296015022413540e-01
5.093287937082501271e-01
2.395544903092937106e-01
-7.240269000771569763e-01
6.554931228087802486e-01
-1.430008469287812611e-01
-1.565284549491057220e-01
-1.925766505312026311e+00
-1.213353548146944405e+00
6.681090028818249538e-01
3.919295476742910012e-01
-5.270968586671025413e-01
-1.902561490906327230e-02
-1.740122819163593404e-01
8.850790381459022749e-01
9.487075445746028235e-01
2.942929891856583824e-01
1.187309636618735675e+00
-5.204391859033962175e-01
3.353272107594307272e-01
1.834225669805435111e+00
8.264269895437269531e-01
2.957474327615952081e-01
-1.852891112998438644e-02
-1.088933966126897079e+00
1.615031915682698174e-02
-2.253037631414452235e+00
1.191233692343357742e+00
9.032805139561723706e-01
-7.127985927061195603e-01
-1.475289923970558026e-01
5.433491288680695197e-01
4.122845157717604514e-01
-7.538532804487482197e-01
-1.616964987929496500e+00
-8.703148322778824220e-01
6.949999588251292160e-01
1.723195906348455597e-02
1.717515551010960095e+00
1.071997236155213971e-03
-8.069223932700559931e-01
1.531685251773941214e+00
-1.135591724438470562e+00
1.046100498067842555e+00
1.988505992453190263e+00
-2.487859154718686239e-01
-1.589839754204085187e+00
-1.841326090973393059e+00
-2.000589016921101859e-01
1.377862219897123319e+00
-9.132554818524845075e-01
-2.627379180189769459e-01
9.044090518207927865e-01
2.753195165094602270e+00
-1.800484357772319799e-01
-7.366758566104775197e-01
3.351908402067658166e-01
-1.205837763220860337e+00
-3.498713980014048208e-01
6.947062864209319066e-01
-3.236152561145635431e-01
-5.659082985589011239e-01
-1.820813732128381490e+00
-1.148678236885050330e+00
3.683457367556613460e-01
-6.404144626509460370e-01
1.395404708427513407e-01
-6.169585933872911987e-01
-1.278498823324177192e+00
-7.939548081032318239e-01
5.074137969420190464e-01
-1.393001594951270572e-01
-5.100605268393504366e-01
1.184749961928781792e+00
1.244404484614149098e+00
2.650497999220824408e-01
-8.094173001622518848e-01
-1.022126427935438731e+00
1.693284048424924526e+00
-6.861723853808405771e-01
-1.030129446352890499e+00
7.505058210333815927e-01
2.041405154922557141e+00
1.311443720755337272e-01
3.850393318022655720e-01
1.643580886856032874e+00
-6.540864115362697850e-01
2.110085253110852987e-01
-3.839735448494236980e-01
1.348847810994317428e-02
6.680271352108444471e-01
-8.513305076317793096e-01
1.418313005587073516e-01
-2.169797726497564749e+00
1.024908925019662131e+00
-1.774183075942163956e+00
-7.773340503904604404e-01
1.855084038194118046e-01
1.661861034175747542e-01
1.048673513184411821e+00
-3.295192154154425457e-01
-6.148151039777453031e-01
-2.447057291350928920e-01
-1.616331587969239425e-01
7.628070496310410675e-01
-4.543655367854319560e-01
9.296138744057342862e-01
4.446879799416252887e-01
9.227015826764394246e-01
-1.409045323498174795e+00
8.372800273763471024e-01
-4.849117646349969668e-01
5.890930476180600284e-01
1.136735030991498530e+00
1.736043084365627820e+00
-5.681589688016519535e-01
-2.553699899276036245e-01
2.164118417030385169e-02
-4.550722253259589234e-01
-7.023624809131597813e-01
-9.067071415590699512e-01
6.931118693351990823e-01
-8.357504833133756472e-01
1.526751206393179183e+00
6.704649211358150174e-01
-1.716174385582771800e+00
1.609499723731889764e+00
-1.943132231213177130e+00
2.151254267494884242e-01
1.186995578174989463e+00
-2.724851304783278416e-01
-6.732497707931124342e-01
-9.013008182412775016e-01
-5.208104101581985113e-01
3.774044457220776527e-01
-1.051894451086042181e+00
6.591384203702944644e-01
-2.095215135958241326e-01
-5.903671668378760451e-01
-1.076464408292700237e-01
3.258969835752908439e-01
3.746024633876978704e-01
-6.555209172082123725e-01
-2.266704380300423427e+00
1.021103114318038463e+00
9.750571403943520954e-01
-5.943520603466104779e-01
4.571214341704727957e-01
-1.573832134062525423e+00
-1.244241602207730057e+00
-7.560422859631868997e-01
5.779935395915515306e-01
-2.583685468430113596e-01
-5.972984199501223390e-01
-6.808971100748512084e-01
6.234231171161537244e-01
-1.447514731445459502e-01
1.670559514486768871e+00
-3.774093363018043989e-01
-2.587961068297988665e-01
-7.307707312010225387e-01
3.156032639485180091e-01
-1.397222170559624388e+00
2.417937960593615543e+00
-1.245100833886662262e+00
1.224588239650138632e+00
-1.823056877486815441e+00
-6.048927304619031720e-01
-8.427080431464852861e-01
-1.611282007302994090e+00
-1.443347793825796810e+00
-7.767272810629374247e-01
-8.401750452037214378e-01
4.293364011872575214e-01
-5.783230700775348065e-01
1.374686643148654408e+00
9.487551872588810831e-01
-1.268537204179016886e-01
-4.373593823438307604e-01
-1.238787351649686563e+00
-2.750925677013577597e-01
2.001827729187970917e+00
2.146496379818659594e+00
1.272323776879871193e+00
-2.075394375342056938e-02
8.488720833973355528e-01
1.888156374724564435e-01
1.181970406281078079e+00
1.354459097836581138e+00
-2.044388366246197908e+00
2.222267592627681920e-01
-2.192408559881015295e-01
-1.255261211306047286e+00
4.446599717647272687e-01
8.018085191639693354e-01
-3.452875234138280680e-01
-4.458477602864623357e-01
8.915930971203613886e-01
-5.293580560565989274e-02
-5.218319160978069915e-01
-3.149953163782803212e-01
-1.432355888111118025e+00
1.658101326012912102e-01
4.714208675982056729e-01
4.858219356124348631e-01
1.829857339848084186e+00
1.494404040673884104e+00
3.691131039065015940e-01
8.520402395796385919e-01
-3.719039611221861552e-01
-5.246483768743631648e-01
-1.757468759238415501e+00
1.728290799711734271e+00
9.468501900642508629e-01
6.284435553496737770e-01
-1.715858166937661355e+00
-1.262283649567987220e+00
-3.706679813785164757e-01
8.260290467326857067e-02
4.540078286161131071e-01
1.132320254074695942e+00
6.603326776014476485e-01
2.125401243076276148e-02
-6.606533461542439534e-02
1.429518683166216109e+00
-1.435894840824997853e+00
-2.144218004054695648e+00
-9.574117144155577241e-01
1.416747422262060185e+00
1.272714294893909415e+00
-5.424932617598978712e-01
2.467917954930413382e-01
-9.829025682179967083e-01
-4.570778965997095988e-01
6.649464332365654373e-01
-1.795722074192107609e+00
-6.887438598141832902e-01
-1.126968204944006402e+00
3.422953047220613221e-01
7.214053923957765013e-01
2.529315008161692191e-01
-4.230634521815608839e-01
-6.553655022448313938e-02
1.912341346540584186e-01
1.014909679009585730e+00
-1.321491586494901505e+00
7.380317849714431722e-01
-3.172646908036876878e-01
5.040677258872393596e-01
4.486745063888639834e-02
-1.384104708113912174e+00
1.000000000000000000e+00
-9.505486155958106642e-02
