5.793769661028267404e-01
3.702631971205225803e-01
3.855503517582938855e-01
-2.729943942902539611e-01
5.137542581620986315e-01
-5.722649959596761704e-01
5.454611867789458390e-01
-9.631451900727505677e-01
5.143531828477390100e-01
3.092710973362955418e-01
1.378602431584827315e+00
3.800477270219733139e-01
3.240320303498545051e-02
-9.467439245445563589e-01
9.613270604271901831e-01
9.162681378632473450e-01
-6.070923500045330989e-01
2.651120599184464410e-01
3.852354100460928521e-01
8.253894204244207611e-01
6.333816529400206896e-01
3.801116017532782942e-01
-4.388175861641219200e-02
-7.936809970236207157e-01
7.416278347181091135e-01
2.774384625022872086e-01
-2.881148336608716498e-01
3.424927878079611077e-01
-5.018906977097681299e-01
4.515893357764484417e-01
-8.151345607497648693e-01
2.677232225350059114e-01
6.636253118277843921e-01
-7.054788546059689303e-01
-1.614854349422210955e+00
-2.365961701988406052e-01
-9.135699814321629475e-01
5.753701833869138138e-01
1.293545502292001714e+00
-5.034156660098783043e-01
-1.152003236259835361e-01
-7.040488095994422713e-01
-9.651032611711196640e-01
-5.164475533763213111e-01
-5.990051333965293878e-01
-5.843259116562158351e-01
-7.951910970301860893e-01
1.294197558123055813e-02
6.614378193678036588e-01
-2.089244833503414167e-01
2.670344852815921821e-01
6.652688990687027903e-01
1.536479356703561727e-01
7.478516210418419963e-01
9.599215889235401811e-01
-2.076632521782257879e-01
-1.832999666312039144e+00
2.332081287972100903e-01
8.630409285346671844e-01
1.900014978501923579e+00
7.306534602620611274e-01
-1.895891584460027923e+00
2.170005440195279078e+00
2.773107104315191140e-01
-2.254009769644336192e-01
-9.571626222656330896e-01
-6.827318879638368809e-01
-9.198714298997050509e-01
9.873082175008152106e-01
-3.004656416857782730e+00
9.289591802375585239e-01
-2.086953069856969378e-01
-3.835336569396652351e-01
-3.928250901733689737e-01
-8.701077381860296001e-01
9.088890517750087827e-01
3.171830511110047546e-01
1.210101563859176110e-01
-1.682176266563283118e+00
7.989902837451205997e-01
9.048098159238953109e-01
8.064751418026954166e-01
8.526000613001409878e-01
1.011052293098519961e+00
-1.823083405313934424e-01
6.108318750354548854e-01
7.355192549377753686e-02
5.882414482489402019e-01
3.443518721567653262e-01
-2.228403565048060475e-01
2.820483965299436235e-02
-4.263845152590881593e-01
-3.998476718303509703e-01
6.764870110685690108e-01
1.025796116522445400e+00
-8.991052117884168471e-01
-3.407132446052616448e-01
-2.620651147811292603e-01
-1.967239796875263735e+00
-9.589243317827800261e-01
4.258469848490737952e-01
1.547640558205827244e-01
1.016549886080813092e-01
9.460992913718002661e-01
3.744967129125413852e-01
-4.742636791357592863e-01
7.735068926171824177e-01
-7.259033885846566392e-02
-4.674578802117492771e-01
-8.082648186700616133e-01
2.916490005815055575e-01
-6.923348660750612282e-01
-5.939380957278646012e-01
-1.622796744884511533e-01
1.231479483493309601e-01
4.551275756763284441e-01
-5.290007555097986369e-02
6.424493785136011770e-01
7.547689941749866627e-01
9.259448778616286013e-01
4.619396257059398270e-01
1.398331323184193398e+00
-7.842470787060780157e-01
-3.940921780442872002e-01
-1.570303946593150091e-01
2.402950675412824921e-01
-8.608884160779068928e-01
5.801120641052919247e-01
-5.534288920977579185e-01
9.967890427207561910e-01
9.844258497725344448e-02
6.569899377588672706e-03
8.384144871810688127e-01
-7.321832552634361946e-01
-5.019818691493087570e-01
5.896780227476543512e-01
-4.800372958642116217e-01
-7.024615834670455694e-01
9.614303203369283235e-01
9.546341116990750830e-01
9.458346919697204758e-01
9.953429237715505362e-01
9.936489373071613063e-01
-3.980267568659645594e-01
-3.033341079540248231e-01
-3.514038396161092148e-01
-7.549027158436054652e-01
-9.913273043534795992e-01
4.408575228519887590e-01
-2.530209486155221565e-01
2.174031257280966134e-01
9.971501047675286333e-01
-8.809579429135470097e-01
8.297393950186817690e-01
7.002408767703935943e-01
-3.602313802321819303e-01
8.336798605273192386e-01
9.006244693651630495e-01
-3.051069343072536633e-01
-5.780473293723089601e-01
7.530883758179187648e-01
-1.284671221779889461e-01
-7.432821423413360495e-01
-6.327456034952421149e-01
6.082677798831863658e-01
1.919816162138112681e-01
-1.294793228060697743e-01
-5.388117042254554345e-01
2.180758799685900140e-01
-6.920166065621737861e-01
1.398811661236549764e-01
1.725065418441009690e-01
-2.051451172502509745e-01
-3.117900410515206389e-02
-4.304971678594964324e-01
7.310212589610680656e-01
-7.993188908576100982e-01
-9.217834327306029252e-01
-4.584797681589285467e-01
-7.653855241567972811e-01
-2.172821552272192758e-01
3.457559286880191873e-01
7.804966133267694506e-01
3.464675947430617686e-01
-1.271534192489537585e+00
-7.552203769843757186e-02
-4.095189676716095573e-01
-3.447651418958093128e-01
-4.855718484011262159e-01
5.712928211691767899e-01
-3.176048432349718453e-01
-1.588197302844822634e-01
-7.201234239971443518e-01
-1.346721549146607799e-01
7.699332792137991710e-01
-8.560668557767174836e-01
1.071198400720538846e-01
-1.908343929699937158e-01
3.459486243039489040e-03
1.999620071681707412e+00
2.371907170834730572e-01
8.147001068901418841e-02
6.359485711337959923e-01
7.068099196484489699e-01
-9.590842391647191878e-01
2.205668852849052008e-02
-7.947211357367041096e-01
2.113572845030906588e-01
-6.641748371469722301e-01
1.064931354436817301e+00
-6.247406050105646091e-01
9.716462188100123409e-01
-4.973579309579645447e-01
1.564786086894460748e-01
2.875062412957867242e-01
5.593169279443379605e-01
2.730476848134588685e-02
-7.775813058444314141e-01
1.359445155600207400e-01
-8.458766745290076106e-01
-5.387157258626495970e-01
6.536970037942237965e-01
2.829685576835005989e-02
-4.334331739959595975e-01
2.634971125719212104e-01
-8.365906329274932496e-01
6.642304978797288761e-01
9.757343235989230923e-01
9.091588880192083000e-01
9.705538982662296199e-01
-2.606872775277295773e-01
8.526804070815567904e-01
3.753917103169039926e-01
-3.658661583187254873e-01
-5.913045849674116727e-01
6.795174702942454736e-01
-6.723330535005360709e-01
-9.727425229336450485e-02
-3.222563284913075865e-01
7.628003644825043228e-01
-5.955823034060285792e-01
2.487830345160253476e-01
-9.314547045246897028e-01
9.961638923655573574e-01
-1.177394808054438857e-01
8.303891441224435788e-01
-5.050326032761507378e-01
6.578805185249498866e-01
-2.612514405510752979e-01
4.161245829980920186e-01
5.529717937865159527e-01
-2.597974334503594385e-01
-8.676754068202887638e-01
-2.915088729586650107e-01
-1.132488205389016178e+00
1.102196923379867410e+00
-5.110320070724054808e-01
-9.076484515078842019e-01
-6.613968927361673078e-01
3.306176486894170097e-01
1.859332693607140818e-02
3.172728497920744850e-01
-1.540154638572533707e-01
1.560112988599506867e-01
6.051629936442122215e-01
