-4.916919320285875195e-01
1.298433454974839973e-01
-1.754347016537163018e-01
1.406122581656021220e+00
-1.892927241864628130e-02
5.850713338549259346e-01
-8.776506285769187787e-01
-2.591500918405993392e-01
9.611280288889240131e-01
-2.671763559323350190e-01
7.497121001125032214e-01
-2.017829594598458121e-01
-3.508406190562679550e-02
-1.685012554945125585e+00
-1.276845240746300680e+00
2.066261500374145521e-01
-6.331847241209301869e-01
-8.210965695859517854e-01
1.390084183569248732e-01
-6.642615151986248634e-01
-1.971523550403931013e+00
-2.354801911028176487e-01
4.308645638258293831e-01
4.577572283896296779e-01
1.565717695935835430e-01
-1.100465114724298754e+00
-2.625161218350990366e-01
8.472265250152235527e-01
-9.868431036862915229e-02
-3.370242177642292503e-01
-5.428792220961027315e-01
2.914113321885827834e-01
2.867290313190187234e-01
-4.461295257582992280e-01
1.421712284361238421e-01
8.589416769289673903e-01
2.023571645167929756e-01
1.086007874971710141e+00
-3.169852746388706066e-01
2.019136860345642215e-01
2.069198852150438750e+00
8.517192217048963343e-01
3.699650582932955123e-01
-1.305089094374916492e+00
-3.630716881544914787e-01
-7.046724830391877248e-01
1.666517859071577345e-01
-3.642001376165420190e-01
2.604297545215156912e-02
-6.129336386253543267e-01
-2.062149623924675323e-01
-1.444204956268480000e-02
-5.073276202071493879e-01
1.913306976726295572e-01
8.711226935448507236e-01
4.476284878615978124e-01
8.931603518331089619e-02
-6.648393574144548790e-01
-2.597483959984481228e-01
5.496103429552168240e-01
2.596412628605115347e-01
1.344456171865824334e-01
2.950360305936947647e-01
2.352482976746517740e-01
2.621348197456417617e-02
-6.344927217917500917e-01
4.696133910805401213e-01
5.878255229379187874e-01
-4.970500071942950959e-01
2.581625875613641208e-02
9.035655628577710097e-01
-3.535047610987985256e-01
9.440971010668341989e-01
-5.911427041217139911e-01
-8.040587472116915713e-01
5.583853015740568582e-01
-1.857287765432922511e+00
9.167730633696988818e-01
-1.253039639972185704e+00
1.503222548453076790e+00
8.961923855566292230e-02
6.113185324706387203e-01
1.084005984737795414e+00
1.668779963752557993e-01
2.198863970955320379e+00
-3.602799499850181109e-01
5.812485459153053924e-01
-9.403517033626040966e-01
-1.380530874157634758e+00
4.449325954194155441e-01
-1.241491990607829887e+00
4.253543029613137127e-01
-1.053031014911284258e+00
2.087339704958609266e-01
1.018052370591372213e+00
-1.869390616027705176e+00
-1.125903186859640748e+00
-8.181653737694489781e-01
-4.425858894778357255e-01
-2.990629407275277596e-01
1.548293149388293877e+00
-1.487368679601136723e+00
-6.391419590649847216e-01
1.119592251470287181e+00
6.907740914572801927e-01
2.431907657376557175e-01
1.701682701618498994e+00
-3.666969085958078356e-01
1.106614658936305284e+00
-5.098416910700593885e-01
-3.839028465384324851e-01
1.555364033786723887e-01
-1.320288108288308448e+00
-1.154690117856501663e+00
1.356120145565341328e+00
5.535795286370417401e-01
-9.698197867234104042e-01
6.483511371672034951e-01
-1.076972276648970661e+00
-2.849044689128438779e-01
2.580421422042935564e-01
-4.825286677191520379e-01
1.285974730041103076e+00
-6.261455847290869903e-01
-5.999892087764348014e-01
-9.315296444284645316e-01
-7.680659975606168866e-01
1.802390896109128837e+00
6.132913020883992150e-01
9.787842287004182573e-01
3.755321716019663913e-01
1.051816071972756284e+00
-5.470933781597315804e-01
-6.208045472600490222e-02
-4.528519026276605075e-01
9.352283644230328097e-01
-2.025784292412297738e+00
5.536374922408090482e-01
-1.221939764752562274e+00
8.402156821603156134e-01
2.277454956102627770e-01
1.165013550170032886e-01
-1.347882116278068310e+00
1.247200364983363841e+00
-1.216585958116730648e+00
-9.373248661124538028e-01
-1.177293961846663128e+00
-3.670504733653970897e-01
2.868422555685056219e-01
-1.365642544093219835e+00
-1.229096163777040118e+00
-6.485037978991055052e-01
1.983941732247085366e-01
9.137377860571622712e-01
-1.638656758582468065e+00
3.300206935131366759e-01
-4.864180692583593424e-01
-6.644360810742846457e-01
3.128734035837208438e-01
1.379181014555690421e-01
-1.500186286731045593e-01
3.710172115384947622e-01
4.703735908839317692e-01
-2.020902635342615827e+00
1.460170942497359681e-01
9.056611156755746128e-01
-1.164987623869989886e+00
7.781781282584597781e-01
6.590689640560880580e-01
6.398644998083764523e-01
-2.180227631247022846e-01
1.073773316510914011e+00
-3.489526384632603562e-01
-1.496758619327831497e+00
5.080341435160528052e-01
9.893188839207122109e-01
-8.337073780758891273e-01
-1.580188278052032658e-01
-8.571906055011846437e-01
-1.838688111446500351e+00
3.804316429356032758e-01
1.257272965809081544e+00
-6.534514135167852622e-01
3.022615345753144056e-01
-1.615030772900869493e+00
4.775562868756065837e-01
1.306983140371417162e+00
8.654296157484192564e-02
4.141706619263720024e-02
-3.612376988610241924e-01
-1.040404597614047466e-02
1.015660674761103444e+00
1.786396570352264679e-01
1.997834334936017253e+00
-6.740673836023745036e-01
9.308896650797370276e-01
1.538626297196620696e+00
-1.296927162662677269e+00
1.626746453160803907e-01
5.469521528654572862e-01
7.827083698031314096e-01
-4.808535609161347368e-01
4.849303002704957732e-01
-7.537953347122317016e-01
-1.075106706533845990e-02
1.289559029961531822e+00
-7.411638464796279635e-01
-8.147684175707912146e-01
8.402666364338527982e-01
-6.431009527399601522e-01
-1.428340481528943107e+00
-2.876247947668502669e-01
4.884190090125425376e-01
9.597260999232986034e-01
9.317419080127484765e-01
1.916157489984214868e-01
3.889749339857612731e-01
1.042902700006680838e+00
-1.585318713457608553e-01
5.134676028561926397e-01
5.101768189737856396e-01
-2.860874514885109465e-01
8.736738977751691282e-01
2.681203546896870904e+00
-1.848017433871188553e-01
-7.071762527654554820e-01
-2.542094438678361712e-01
-1.574234945244190831e+00
8.514187911800994435e-01
-8.319454181542953464e-01
-9.250095444906913933e-01
-2.290528226672182699e-01
6.417133897516743568e-01
1.712117940709336761e-01
1.502771757678434073e+00
-5.387744940195169363e-01
1.905946350975197934e+00
7.554337072633795502e-01
-1.171346648006904578e-02
8.741869254874765627e-01
-1.454079880268033254e+00
3.371283747290500510e-01
1.123044724030526353e+00
2.023275955425565820e-01
1.027140922065088446e+00
-1.021660969360132842e+00
7.002798586959961824e-01
8.620589099516450249e-01
1.026148677468611492e+00
-5.573719674657592327e-01
-1.476255537624691083e+00
-3.968693295972457180e-02
-2.685905769250932495e-01
5.839366062357017606e-01
2.384506107158240185e-01
6.873464366107903123e-01
6.670364166698070640e-01
1.544388651366229048e+00
-8.128634228203552858e-01
3.730676707196320940e-01
-2.267767944260254409e-01
-2.144695638382531300e+00
1.581024842218107906e+00
2.585223643786409564e-01
-3.418644553717908874e-01
