-2.682839602502027354e+00
-1.988701761941890078e+00
-1.707141282003832861e-01
-8.226552923475489720e-01
1.738813634807273578e+00
-8.410286784774658742e-01
-4.061556786407718000e+00
5.945790383059760265e-01
1.167251763565611444e+00
1.373949048444840670e+00
2.649363242436227672e+00
1.763908296575606771e+00
3.370878860405352562e+00
6.760309426009827316e-01
2.458678870114768600e+00
1.542139105004421751e+00
2.386804149710772371e+00
-7.085928748417114065e-01
-2.338874961213835424e-01
-3.016980366102997912e+00
1.459867119068352093e+00
-1.729181588278263293e+00
-1.802580133493762560e+00
8.484640385725231715e-01
3.675721000397605742e+00
-1.168127093216008605e+00
-2.057791699835878507e+00
1.185245810652031828e+00
1.877898689928937159e+00
1.313579495737365210e+00
-2.724548965399449241e-01
-2.977083565746037053e-01
1.107808299127480911e+00
2.765877301891669138e+00
1.724497777199184012e-02
3.119462953626445323e+00
1.484976184148993239e+00
2.096910167895270849e+00
1.247500069105144993e+00
-3.075502705037857609e+00
1.728695059074199403e+00
-2.850026722894651310e-01
-7.464380905245033837e-01
-4.847660439068691929e+00
1.688176835459598291e+00
-1.992930652990116291e+00
2.469136797176844755e+00
-6.171689388728429648e-02
-1.726439885781075878e+00
-3.518992422171658419e+00
-1.105724497801126471e+00
3.383002018918063736e-01
3.486750723553089237e-02
-1.815913377372254889e+00
1.963367291804269943e-01
8.592696686540842732e-01
-3.686484605820387284e+00
-2.812558532034775460e+00
-4.039584149895556919e+00
-8.454226082185363200e-01
