3.046918919840780671e+00
-6.501200901500348017e-02
-3.122821408627463047e+00
-1.003050386537414962e+00
1.005890612728181477e+00
1.521711300191261884e-01
2.824779195283943167e+00
-1.392937961012163939e+00
-6.369782791623409324e+00
-3.949020784649417415e-01
2.207473990347016635e+00
1.494677927481914859e+00
8.822229487607168963e+00
1.144520297719741286e+00
1.720881861390718415e-01
-5.026867939987278433e-02
1.500335964930135768e+00
6.582425402194830300e-01
-4.338448110791811585e-01
-1.348155725718242159e+00
2.932771499813768834e+00
2.580251162269571186e+00
-2.860412778811216583e-03
4.905844842821860396e-01
1.073145638011999692e+00
-9.510725225331828625e-02
2.308383348755832287e+00
3.183768560842693329e+00
1.517555275076960530e+00
8.652100149712362853e-01
1.534269029851420552e+00
7.520602729614016546e-01
2.720629851323709048e+00
-1.785457973996542158e+00
-1.573961691721369904e+00
1.583120187220148356e-01
3.775922825961293139e-01
-1.199990554671722665e+00
-3.090354224699778385e+00
-2.965469229234355408e-01
-4.060728214797834745e+00
-1.594305533396039642e+00
9.548239264554505557e-01
1.881918318469470996e-01
-1.861500148168265589e+00
-1.697850534496264663e+00
-1.770963970564553236e+00
5.076535832234592149e+00
2.866981358106475586e+00
5.567809751637433635e+00
3.596849450179241181e+00
-2.689750434432412352e+00
-4.633350826577368409e+00
-3.015127533421912975e+00
3.054236359190568351e+00
5.833001570225166965e-01
-2.394972860035468720e+00
5.103074993350762423e-01
2.763030959745463644e+00
-1.666507006341525265e+00
-1.200366323982275940e+00
-1.190565779634762622e+00
-4.180560602086540456e+00
9.593730932710637926e-01
-4.186344479273616526e-01
2.124831620061742754e+00
-1.689658229832494918e+00
2.635152944599643110e+00
-2.790769625919661268e-01
2.309205245055075295e+00
-1.164693600489164593e+00
-2.996117632148957100e+00
-1.862688935594986273e+00
6.989710222756190250e-01
-6.736552078548000422e-01
1.802630644618146372e+00
-2.922443731630960384e-01
1.010829859645440809e+00
2.305801986464810049e+00
-1.948472932276025249e+00
5.127046956642722364e-01
5.119323758369308530e-01
9.761405529479133536e-01
1.087612901468847371e+00
-7.918779010890911740e-01
2.175760378492598221e-02
1.280574114761420024e+00
-1.878648324800451963e+00
-2.966054048351328465e+00
-5.653204129037892045e-02
4.429234780330917887e-01
2.242459972406981805e+00
-1.693949107613141658e+00
3.119990795711454545e+00
9.063941676572369044e-01
1.891611413306902856e+00
-4.590372880103930076e-01
5.640461724501921736e-01
-1.156196280222577588e+00
-3.510268004871841541e+00
-1.880503317204008651e+00
7.387759142544563229e-01
-2.912261697935369376e-01
2.122239773771944726e+00
-3.582974969985249558e+00
-7.962382730409768294e-01
-9.810292201305730320e-01
-1.296487028951786025e-01
-3.179284393288346777e+00
2.307309557837347924e+00
2.439491000196966297e+00
1.479216131630106901e+00
-1.312086715958074468e+00
2.525118622526183909e+00
1.741663453282903395e+00
-1.289431101378059719e+00
1.634416292079310606e+00
-1.880506038977491468e+00
2.666175798441383193e+00
-1.202156345701946627e+00
1.373218344023821480e+00
3.299958702522777898e+00
-9.534833005157727914e-01
-2.181288370503994933e+00
-1.934725117102299441e-01
-2.540544020978515061e+00
-1.220572010411326902e+00
1.788260689319812191e-01
-3.924772055989150132e+00
-2.379817460020892561e+00
2.324597397682052424e+00
2.543730936173229651e+00
4.015522726203220039e+00
-2.325006339243713693e+00
4.791493645604821827e-01
-5.995059933679903530e+00
1.163200957682523295e+00
-1.803285041309753423e-01
4.820856387425717315e+00
-5.024873693382149176e-01
-1.573896749052726252e+00
1.530378721826173516e+00
-1.819646930424895892e+00
-1.716501244320842279e+00
-3.010212758177422288e+00
-2.017558075861378697e+00
-9.358749416912648389e-01
6.756139391118016757e-01
-4.304897398469707537e-01
9.432084028909489826e-01
-3.203433516768354750e+00
1.959328542771187287e+00
-2.220266955789877095e+00
4.225394399624161856e+00
3.766098029254327795e+00
1.871853071102819399e+00
-3.397221699740760048e-02
-2.315678608791510662e+00
1.395378692763012962e+00
2.048629719566884333e+00
-4.442200953727973856e-01
1.998995855590525839e+00
-7.636072429786275872e-01
1.317456816762991201e+00
6.825158197284078021e-01
1.482475938149831141e+00
1.375923597779758145e+00
2.124808711600401079e+00
-1.917350126198032356e+00
1.904951101516644485e+00
6.356525100210117074e+00
-1.973687038767890201e+00
1.388542925761837132e+00
5.572773675446196506e+00
-2.085929938574207831e+00
-1.719400437976654761e+00
1.265888636572182424e+00
-1.115772377177049357e+00
7.062362106741799650e-01
-1.298353399654307738e+00
1.287109948577900953e+00
7.791881763930204041e-01
2.109440618712350002e+00
2.936898919816541387e+00
1.005207771922501880e+00
-4.650758396777618375e-01
3.270835604958841181e+00
1.760120077961377705e+00
-1.286925784228063474e+00
7.325877598923602463e-01
-6.726408859152063213e-01
-2.441046592927827330e+00
-6.545310243323239519e+00
-2.528347430692284625e+00
-1.633588248536854970e-01
-2.395895394730327421e+00
-1.744780809008554145e+00
1.698037841836321338e+00
2.222594897115989010e+00
2.604895141974477024e-01
-1.852340128457540036e+00
-1.978736410627739861e+00
2.915094022096515580e+00
9.732052704918625619e-01
3.394247707628311517e+00
-1.214898495922267729e+00
3.378389129748712527e+00
-1.506556160037966219e+00
-1.895521652501716448e+00
-8.429395842381537385e-01
-1.095423792092965032e+00
-4.535859464334360269e-01
6.860637262515798529e-01
3.203639641947011896e+00
-5.183757211231536655e-01
-1.094694109727235132e+00
4.803475652056166112e+00
6.137387555020037411e-01
6.869677535136869295e+00
-2.603354549759146597e+00
-3.455498500019721142e+00
-4.403190923373003329e+00
-9.074670291199893324e-01
-5.021768318941355336e-01
-4.453761147104211005e-01
-5.875825582721200258e-02
-3.002075446898327726e+00
1.971190639086831675e+00
9.144488330112043872e-01
1.180037938657207741e+00
-6.589444046057677085e+00
-7.357274584693127562e-01
-2.150778119212976680e+00
-1.934791961328147902e+00
-2.872084513109774306e+00
-2.402679183659056417e+00
1.017044733312166827e-02
6.212550653322778116e-01
2.866460580855339835e+00
4.951998924138651503e+00
-1.171471899812894513e-01
-4.367140765690388449e+00
-1.326301917870678526e+00
4.551401378860800762e+00
-2.871079157043543439e-02
-2.758633834648944294e+00
1.672693695377532874e+00
6.117511336444362291e-01
4.807511842076734876e-01
1.557713398973277430e+00
-6.361715461228982349e+00
-6.360860041607794280e-01
3.422122455705518096e+00
1.864176171278192795e+00
-3.297453131021782280e+00
1.222422559336982850e+00
-2.423594594351337506e+00
6.199649120206152109e-02
-3.581959238812110868e+00
-5.267627485788715092e-01
3.471013776668827155e+00
-3.244810065010924838e+00
3.109440537363414858e+00
-3.044261772307935043e+00
-4.893494914464779910e-01
