-5.683572491903765567e-02
7.421882629793548070e-01
1.166911954901566073e-01
2.726615526500447695e-01
-1.780399982940910064e-01
3.428634417871027074e-01
-9.277763587512593002e-01
-6.290696824635295670e-01
1.323811604373348327e-01
-5.290977888437495835e-01
-1.898629186250122558e-01
-2.713361756032892647e-01
2.233746255452917495e-02
-7.084544819761564582e-01
1.573872667482238974e-01
9.576735009940073873e-02
-3.874764832745178911e-01
7.366521786525226378e-01
-3.151761724506760842e-01
3.049457139093567637e-01
-2.360232792170346983e-02
-7.417033788822176010e-01
3.942338206185791449e-02
7.836325952277112261e-01
-2.008663147599090149e-01
5.457063082713302649e-01
8.266279730293373262e-01
9.154384165679196883e-02
3.915054502568758865e-01
-3.326284648771462571e-01
3.993715783248297235e-01
-5.488052426705334330e-01
-9.092932001164497624e-01
9.946526531308825803e-01
5.792935014099538371e-01
-3.729532734155613927e-01
-1.496148165637289917e-01
6.951913212765468142e-01
-3.282165149311615515e-01
-1.850903109153276827e-01
-5.422384134096489561e-01
-3.523448487506803950e-01
-1.935475627911196206e-01
8.171145667458066253e-01
-4.641187587549870930e-01
-1.775099671894819764e-02
1.123316036929855599e-02
-5.772017015803077022e-01
1.487523710309786029e-01
5.320746015951405283e-01
3.503034256228865218e-02
-8.685463284907746218e-01
-3.844940261835594342e-01
-8.644882498319275133e-01
2.880773092506025979e-01
8.850570993094732941e-01
-6.533739219345013893e-02
-8.686613222918615485e-02
-8.660184060065483358e-01
-1.906845917545956226e-01
5.881388292275380181e-01
1.955248856321258333e-01
-7.422464497679766016e-01
8.080094920335327835e-01
-6.577885609711588977e-01
-9.154311233238798806e-02
9.818916085212288092e-01
-1.213268625590069316e-01
-7.572766734375082631e-01
-8.405046914799230162e-01
2.601583831726754781e-01
-1.295632942987552161e+00
-4.851067123180974328e-02
3.987912896539587138e-01
-1.247315731619701662e+00
-4.574620255854762174e-01
-1.876898968192655115e+00
7.780944439883779040e-01
-9.175782309246653945e-01
1.794364837822960412e-01
8.946947448567870165e-01
9.554044560408119224e-01
-5.372775704984713574e-01
-8.420233242268875262e-01
9.196908166279909036e-01
-4.667260682343352673e-01
-9.355363301545740473e-01
-5.748848991234074557e-01
-6.479502430335930541e-01
-1.546701181501103584e+00
1.938302898753083259e+00
5.232417979124324159e-01
-5.792803442136849057e-01
9.182597925011792839e-02
7.940786446126921749e-01
-1.010749743468567718e+00
5.054542309075464868e-01
-1.477914465417680123e-01
-7.807268507316860173e-01
4.197936347547042146e-01
1.124968882585062335e-01
1.082896244526072804e+00
-3.377658367077041035e-01
1.826991712772536580e-01
1.175008279332669048e+00
2.066959049228933587e-01
-6.090758894949988012e-01
-1.893958812902827304e-01
2.277302805043639466e-01
3.044019219254947561e-01
-3.310440556787763722e-01
4.689721141583684805e-01
-4.403401570274010357e-01
-1.103784099806645491e+00
3.181762866252357824e-02
-6.662149432476172084e-01
-1.294406866078865459e-01
2.664062355524920989e-02
-2.186154573815771496e+00
-1.265256249750354556e+00
-1.030558936467605324e+00
6.513588094658797623e-01
5.256358665582530065e-01
-2.469710632463923972e-01
4.899137058848057613e-02
9.645423710232534642e-01
4.662630561583620548e-01
1.555953857920853167e-01
-7.151192658147944581e-01
-1.009018619178208009e-01
-8.550503020082074190e-01
3.438970604030588962e-01
-8.554907383508072449e-01
7.895595083618441867e-01
-2.147146857263359632e+00
-1.145271345417981479e+00
3.797927276323664336e-01
-1.590292649628657073e-01
8.647389825836488964e-01
-3.843498603903761079e-01
4.698464167308072370e-01
-3.853508183364435791e-01
5.693128506478278839e-01
5.610486755048935681e-01
2.355890530814679362e-01
4.346389896828952715e-01
-3.453896583696716149e-01
-5.257693781641978870e-01
-2.324467738644722115e-01
4.438118934505679292e-01
3.448188827449656380e-01
-1.603819706724286087e+00
1.307297857103306704e-02
-6.558311868836284031e-01
3.183605733797907344e-01
-1.083147857149536541e+00
3.332028633985175681e-01
5.152779218551506446e-03
6.121044788937268777e-03
1.480253015294763497e-01
8.120267182106362114e-01
6.672562314778751613e-03
3.199414774481812440e-01
-6.375199043404131682e-01
-6.099200927036061426e-01
-3.433888123973785067e-01
3.709560137747256459e-01
-7.732917127819589620e-01
-8.264839345492220879e-01
3.924910171766564648e-01
1.821320277751262928e+00
-8.186342701737268079e-01
7.678976914389301633e-01
1.194793673407278378e+00
-8.476218785583757853e-01
1.529150874852259756e+00
3.943693215549763931e-01
-9.900283379413419294e-01
-5.138281062233671648e-01
-2.716611390470737852e-01
4.649101358485490110e-01
-9.987178128535636468e-01
6.084864977934667518e-01
-8.923237870853844012e-01
-8.672941899585702163e-01
-1.162208177114769647e-01
1.497351642174866271e+00
-4.530955562002205728e-01
-4.191945955329777762e-01
-2.253376002211754159e+00
-5.143154088164967330e-01
-1.361473513235404997e-01
-1.503275828319559526e+00
-4.474754721606084562e-01
-5.411134620349049573e-01
6.035257800932503081e-03
5.996581015361654998e-01
-9.101614968123890037e-01
-1.521240765999263722e+00
-8.572542930898519042e-01
-4.399558379717884993e-01
-7.803954613240990934e-01
8.338276029529714251e-01
-4.465824027476763547e-01
3.495615829902212202e-01
8.012396977166091894e-02
7.162762664588036010e-01
-5.115213070948447793e-01
-3.673000166641982034e-02
-5.620105075998873545e-01
-2.423990811854799254e+00
4.892821233423316762e-01
3.510025671273431236e-01
3.696774344803575030e-01
3.639727308525733118e-01
5.092660584660266831e-01
-3.293423743816975557e-01
-7.202862378417251854e-01
6.691021111582703407e-01
-2.195352005930999439e-01
6.293226572114241080e-02
8.888252302159787011e-01
7.140113608828146941e-01
-6.742827091051490918e-01
-9.227024753250230305e-01
3.507537566569443044e-01
-6.280898916387240849e-01
-4.201299713726853735e-01
2.612653182713176037e-02
-4.929198671917733865e-01
-5.252586870019220200e-01
-2.445069036372098381e-01
-1.027776633879226686e+00
-3.534674415604519560e-01
2.129279444356255713e-01
-1.420260213159347806e-01
-6.046513542150733223e-01
1.208935546804283945e+00
4.086187470026803048e-01
1.532915302958761661e-01
-5.906682109473511133e-01
-2.916848257493429575e-01
-3.798958353116008713e-01
2.094085608603013515e-01
-3.512408133961619772e+00
-1.619422822718120658e-01
1.572258495724201399e+00
-1.208057434966587351e-01
-6.868641655149934078e-01
-6.341854969103375428e-01
4.938563980809185239e-01
-2.476499548299084807e-01
-2.902896685307265745e-01
-6.120617187771970613e-01
-8.091055625479732782e-01
-2.349869845238563570e-01
-4.546087788722201761e-01
-1.981683200804654765e-01
3.868199842452104686e-01
-3.299950976972548800e-01
-6.853511659511890564e-01
-1.060248190167450755e+00
-2.475656018144385406e-01
5.330675427533131394e-01
2.809622985079796020e-01
