8.428624886675429861e-01
-1.478836266703619895e+00
-1.070239719780388954e-01
-9.406410793804820258e-01
-3.370195628525245457e-01
-1.864128220685308257e-01
7.070744854232018373e-01
-6.256529331562774576e-01
9.335263046645628782e-01
1.199734599649717737e+00
7.431563962205529894e-02
1.770327613930594568e+00
-9.982110293203996440e-03
-7.563610482049382133e-01
-3.314592845070590821e-01
-1.605958849457621573e+00
3.007248297759628763e-01
4.659437044107571091e-01
2.842579943804330322e-01
2.757257076051605749e-02
1.070728112761786255e+00
-9.958310881308448659e-01
-3.243307663828007281e-01
-1.917888500215070291e+00
8.959363803567179652e-01
2.963802898719202439e+00
4.135837685104446493e-01
1.729716125510700087e+00
2.267152386521555790e-02
1.029311959018947842e-01
7.638602483807757082e-01
1.018497885064201247e+00
-3.048086655502696418e-01
5.069583049535750924e-02
9.749177909604017644e-01
2.779953226865823912e-01
1.814974420639983710e-01
9.398654017290228868e-01
-1.110794638968224168e+00
2.982604338110222963e-01
4.595305238111196955e-01
6.094078820876955849e-01
-8.721529074340096388e-01
-5.608748757612382896e-01
-1.651656785559842688e-01
1.219674735415093414e+00
1.955491882672744375e-01
1.184556881197249556e+00
2.628249562662063332e-01
1.863117903999484071e+00
-5.374608312778104136e-01
-3.879540771333280236e-01
-1.279770635105224041e+00
5.354595464151939987e-01
5.809963625920996355e-01
-9.565191102609427176e-01
-1.979736376020057864e-01
-1.955063084284040520e-01
5.828366814126313411e-01
1.164310103198193724e+00
4.714502808239995346e-01
2.600998181493727746e-01
1.102777301675164967e+00
-1.064395531752118096e+00
8.717713990387551126e-01
4.150615765113012112e-01
1.523080686676320794e-01
-1.984740451612930778e+00
1.128822554302094217e+00
-1.594248771702155452e-03
-8.587304175839857168e-01
9.255254519723009610e-01
-2.736787168071776577e+00
-1.737072532709778017e-01
-9.402193194429645517e-01
9.803670990047007594e-01
-1.016512282725676508e+00
-7.363488295451809940e-01
-5.388516634418764883e-02
-1.232083866579865239e+00
1.351506831548035414e+00
-6.341236379711077120e-01
-8.423502844066791395e-01
6.362353696456328755e-01
4.510923059829619053e-01
2.449843367632034141e+00
7.599233120398564134e-01
9.169780015750512644e-03
1.301842186044534222e-01
-2.531441384050813204e-01
1.538998608682398794e+00
-1.180506854233524638e+00
-1.105118391685538104e-01
1.562147709737583323e+00
4.532924459928881766e-02
1.272004346154783416e+00
1.628167469846553361e+00
-1.634858870451828539e-01
2.108033436985499998e-01
5.549318123813962167e-01
-1.217515236828666580e+00
1.175546939655529144e+00
-1.227843372127871202e+00
1.095935241287387507e+00
-2.071045211995095947e+00
2.841752114547196340e-01
-1.078820252824256032e-01
8.148393666352129472e-01
4.650391197304681173e-02
-1.424187083017095734e+00
-1.695621502191703600e+00
1.060208157408966345e+00
1.313400116622449598e+00
-1.204096709254819791e-02
1.866911632881732119e+00
-4.775354282362928027e-01
2.359109915856363038e-01
4.661164175006511368e-01
3.850837776120148020e-02
-2.258205654872122436e-01
1.053878852690270651e-01
2.656161283877458978e-01
5.141643621008733511e-01
-7.726259952183869295e-01
1.251503131583827866e+00
7.352310766118131946e-01
-1.262210888311415147e+00
-1.369831180816124816e-01
3.679147660509617945e-01
-1.788492444371592941e-03
8.778567110335508961e-01
-6.260329797494336157e-01
6.056810396279772579e-01
-1.790447417704239097e+00
-7.071690692181209492e-01
-1.591060474454647267e+00
-6.660426595754751489e-01
9.716392521155857720e-01
3.547739203674070141e-01
4.314209946938289339e-03
-7.887740970096721593e-01
-1.966183508863431767e-02
4.943953520989219919e-01
9.462641984373459936e-01
-1.732000747742441227e-01
-5.504460583781328742e-01
-2.778561261724638687e+00
-8.438200512217705063e-01
5.306945244719211141e-01
-3.667542474203448477e-01
-7.164420371015381983e-01
1.556797037038238907e+00
3.473148123834886025e-01
9.777175057519446044e-01
-5.199002043318110555e-01
-1.539488988988749196e-01
5.189196941855559464e-01
4.894843527148752815e-01
1.456486495065745013e+00
1.835298582054375016e+00
-5.555630809802518666e-01
5.598299613495354432e-01
1.490022854074347647e-01
-6.845052072596555792e-01
2.716128614154439402e-01
-6.780945874297067411e-01
-4.450493896263863491e-01
-2.301447267633203453e-01
1.339411958595711494e-01
-1.535479966663011453e-01
-7.457081798910881743e-01
-5.612370427104081821e-02
9.226379990949735987e-02
1.196541260505256332e+00
-3.809536832451776989e-01
6.298968526275035007e-01
-1.979781201696970694e-01
1.355243134978368680e+00
1.775553106227025224e-01
-3.921174678123428015e-01
-2.244427944415159804e+00
1.017741406019865735e+00
-1.429825707788826526e-02
-1.179194525592647674e-01
2.097708677698962632e+00
8.358895521329278155e-01
-5.080200742571044925e-01
9.484018765765599435e-01
-2.471715405246865505e+00
3.224731101306905767e-01
-6.946891297071774440e-01
1.123106225783520040e+00
-1.804735118812448524e+00
-1.186883644955331496e+00
2.870429584505919673e-01
1.074520434966246052e+00
4.719968549210859510e-01
3.469259806729860229e-01
-3.293961523166180627e-01
-2.049597157224106958e+00
-1.681770144842522408e+00
-6.753075998978282923e-01
2.331131807093466346e+00
4.339637146428427239e-01
4.740269836578974716e-01
-1.376800540383885441e+00
-9.752659511290926453e-01
-7.241109110589091236e-01
-2.854244094136124121e-01
7.582198712086499759e-01
-5.062822808667670760e-01
-3.924278839720954370e-01
-4.681781219335178629e-02
1.158519900946522352e+00
-1.198748984920122496e+00
1.381282286473935195e-01
-4.489534335102756124e-01
1.185231292144482751e+00
8.394457328316814460e-01
2.845761397098844347e-01
7.383226840307278716e-01
1.530067882041575567e-01
-1.358683814803987588e-02
6.106815643880484368e-01
-7.994064303957966189e-01
5.957170311503666715e-01
-8.712602857727617944e-02
8.921307285339182824e-01
1.695142755396158885e+00
-3.676501609527982328e-01
1.221192959541263223e-01
-4.959426521991300851e-01
-2.041408998245737849e-01
-1.852496110902791260e-01
-3.417124082442161148e-01
-1.080858864271445841e+00
-1.512931049636915937e+00
-1.460874285214650015e-01
-5.837789937237150006e-01
-1.266747128871041073e-01
-3.643570404221488923e-01
8.170987053652132293e-01
-1.255592226687783697e+00
5.325106665758493341e-01
-1.980560838167596316e+00
1.847240268058210066e-01
-1.247698742467864275e+00
5.386500499350350690e-01
1.411060837584023453e+00
2.144473100712010361e+00
