4.245730080500130788e-01
1.448477905283606537e+00
-3.885502660423150179e-01
1.133380229300111175e+00
1.352410467453403431e+00
9.233526917782988175e-01
8.372358212291401980e-01
7.817293369141840031e-01
-8.535445875820089068e-01
4.456490794222291996e-01
4.580573901932578629e-01
-4.401986041888288348e-01
4.958548514646587968e-02
5.147699309335804774e-01
-4.026723028097964896e-01
-4.300878215795737591e-01
3.588302686879529801e-01
-8.651152972342599501e-01
6.554993185393569455e-01
1.439645616953456386e+00
5.135978866409676158e-01
-7.330334915354763670e-01
-5.354013013986858027e-03
-1.384945000200503706e-01
-2.721345401032215783e-01
1.619094594447436641e-01
2.596686051958188579e-01
-6.927437815290886647e-01
-9.797794314155781059e-01
1.719938792956607010e+00
-9.707089247880473781e-01
6.922361210156227074e-01
-1.066795496210891203e+00
-1.217463316725361455e+00
-8.288389690094308815e-01
9.041964775041737568e-01
5.934910061117422142e-01
-2.461745534958552639e-01
9.772057462454555310e-01
5.974092934178765191e-01
-1.468231307394090024e-01
-8.448126533569122465e-01
-1.122509444112922861e+00
4.455208150416745116e-01
-3.182385833608640802e-01
7.840352200130861204e-01
4.314840886246342766e-01
-5.548864471799661580e-01
2.323573239520115852e-01
4.588916616975049489e-01
3.560519866622791074e-01
9.318420546561705375e-01
-2.409041171162271677e-01
-6.060091246932752806e-01
-7.730357071872249186e-01
-5.090082887201252682e-01
-5.471878199619228944e-01
-7.553745643927811670e-01
5.293731424423211429e-01
7.321290347234001850e-01
3.020448716172356995e-01
-5.170588962230648900e-01
8.120844700664580085e-01
-5.940090464591614161e-01
5.294615691339168428e-01
6.354123057405145492e-01
-8.588829122362966473e-01
5.132427167183097882e-01
-8.763077976558473203e-01
-4.530277554600863343e-01
8.806635585422328827e-01
7.036580629566198120e-01
7.351403700973819788e-01
-3.550586884481568006e-01
-4.231418240552780041e-01
-2.004153102044337054e-01
-6.434802467075917409e-01
1.929921717898512856e-01
2.193443162234793853e-01
3.620377832247938521e-01
4.349498259562611935e-01
2.584624016304444272e+00
-7.216273532794466039e-01
2.883557186880381096e-02
9.409557972222559741e-01
-1.463761081101331296e-01
5.413343242568859903e-01
-5.655880994978560450e-01
-1.948999469977363841e-01
1.354903429407366966e-02
-9.669877683644889643e-02
-7.499012390468378086e-01
-4.907752686016957355e-01
-8.891214811234893212e-01
-7.786206829382926742e-01
-3.535843673151284339e-01
6.776766760250629851e-01
-1.071421497044369842e+00
5.775521858712757695e-01
-2.483435745125570637e-01
9.456656741226616703e-01
-7.471385733978490595e-01
-1.690312908500508859e+00
3.139974998578325405e-01
-6.568965719235864142e-01
-8.174078002372073826e-01
-6.463105073142281221e-01
7.491745232054591863e-01
-6.206885859593940236e-01
-1.044687977744094720e+00
-8.906719320703633258e-01
-8.812204682164626046e-01
-6.359165726334194968e-01
-1.236099823553213628e-01
9.237565079210041663e-01
6.310483326086866462e-01
-5.968571600889116535e-01
3.554411576615188473e-01
-8.233489418474009280e-01
7.109729269514895034e-01
-8.100275696938674663e-02
-1.076674312489354746e+00
9.366938463020642036e-01
3.300965706851930470e-01
-6.627709533539738462e-01
-1.117852583571021796e+00
-4.880653225631139680e-01
8.835297215324662279e-01
-9.676173102754102029e-01
8.753799625290819009e-01
-8.077154824976653380e-01
3.332459666772805140e-02
1.389517758408304493e+00
7.538745099348764800e-01
4.950706598955691984e-01
1.471793286657430144e-02
-2.327404244596829042e-01
-8.219652967586379422e-01
-9.680207665037343645e-02
2.910046066660081365e-01
-4.963087162890467141e-01
-3.400980864999045838e-01
1.557254758734096800e-01
6.570933336762336818e-01
9.914237333949318387e-01
8.997773557222343843e-01
-2.858859380538387729e-01
5.820371851753491921e-01
1.171172655907284366e-01
-3.833587658955146527e-01
-8.635612458426045190e-01
-9.874926763933602469e-01
7.839991442158531498e-01
-5.449398488275931651e-01
-2.387040419284569559e-01
-4.891114093151593956e-01
-1.886705462604381989e+00
7.171541578643645387e-01
-5.777452770665023607e-01
-2.931641676028142740e-01
-2.915923213780154954e-01
9.236555456885704452e-01
-9.381602052409991899e-01
3.173780889894584067e-01
8.178884188519286447e-01
5.741903485957047248e-01
3.394994289218042915e-01
8.624048345572454810e-01
8.871494556619006211e-01
1.096258355018673303e-01
-7.990292584527338704e-01
-4.790557040247998000e-01
8.923617892013238073e-01
-7.218576302174772863e-01
1.118002975558458623e+00
-8.987167152838879680e-01
5.723531563420194423e-01
2.205399433260524233e-02
-1.627892684334661944e-01
-8.447458143101911343e-01
9.328069609993614453e-01
-9.406785534035169150e-01
-1.759470265700009417e-01
9.043134168384383553e-01
2.280252102056891328e+00
2.711836271430434486e-01
6.888042494730850507e-02
-6.467438289675375707e-01
-6.615165661203219472e-01
-7.671141102839993398e-01
-1.229111041828914619e+00
1.688203478949055203e-01
3.344838499742976978e-01
9.913400490644213026e-01
3.341338455632199000e-01
7.863337073643605901e-01
-7.249876990612339478e-01
3.441497981838264053e-01
7.724032933094056030e-01
8.617870152678812623e-01
5.871313178799404398e-01
8.922357808258412071e-01
-6.540699517275494479e-02
-9.722762968143845441e-01
-2.699941237541654271e-01
1.196294303453804275e-02
4.615141485262549415e-01
-6.300928571208226359e-01
6.137927893481458508e-01
1.648469936675260872e-01
2.833811051592125541e-01
-4.111702467522876381e-01
2.860498672406870391e-01
-5.616101875614065708e-01
3.180276899451872641e-01
-2.952639772166492094e-01
-9.080690673103302135e-01
-5.182695803820509539e-01
-5.913059525876578348e-01
6.689218728650518919e-01
-3.597422703438619696e-01
-3.593250423751883638e-01
7.314188560128884742e-01
-2.456786271578057512e-01
-1.501587629958511805e-01
-1.980167743527792013e-01
-9.971786254189853871e-01
7.739670454268683386e-01
4.510449233155586768e-01
2.484111298808007184e-01
-1.347947171375371678e+00
1.591902631193398143e-02
7.944866229737648222e-01
6.368565041155476170e-01
-6.674765925261585409e-01
-9.116333344445408660e-01
1.673390090009621023e-01
-9.985735757744544916e-01
7.688880752407747377e-01
-3.475282033407547932e-01
-1.121729407417411117e-01
7.553186645925342724e-01
2.636432223610871706e-01
8.533279717744692849e-01
-6.832808265299927797e-02
-1.576940979876247262e+00
2.201692167581017490e-01
6.086207724666177210e-01
3.483115375436507399e-02
-2.302603372727748399e-01
7.754347489264268312e-02
-8.517620387737179222e-02
-9.412128983056038400e-01
5.408442841521361455e-01
-2.329193853266722236e-01
-3.388606561933817929e-01
-8.368952458984613152e-01
-8.544772727585019378e-01
-5.620406474085011261e-01
1.654806836291045080e-02
2.774781842976472568e-01
9.372536179037536108e-01
9.673175206605093557e-01
-8.082491132606373085e-02
7.014856167742510307e-01
