-1.264220999323337091e+00
-1.210110201060536905e+00
-6.469116179958158686e-01
-4.020745916157792976e-01
1.903948884275452613e-01
-1.639011568287505050e+00
-8.596995812928394098e-01
9.797703859032071971e-01
3.675355521954832838e-01
3.683974768707460878e-01
-4.558206648706510933e-01
-7.235847168104818650e-01
-9.840635782869915360e-01
-4.060705585887778302e-01
6.971522646840717652e-01
-1.619633410514228267e+00
-7.588895917793521129e-01
-1.165194535295031031e-01
-7.735063913540889402e-01
9.949924066324973282e-01
-3.866863121605315090e-01
8.970284177214806753e-01
-8.814114839821030056e-01
-9.144704103597625089e-01
-3.190254132704847256e-01
7.798629067874724985e-01
7.393343325561716473e-01
8.654092465923349797e-01
-9.112158237509648817e-01
-3.591391799598109835e-01
1.089701855301037137e+00
3.910467967665376410e-01
-5.572624477954897237e-01
-1.452432159546879209e-01
-4.683045090288970869e-01
-2.410731681134627991e-01
1.987469450974934659e-01
8.939698732156051708e-01
-4.629560342260903294e-01
2.058601889785622863e-01
1.925476795500777882e-01
3.185830031660377148e-01
-2.312879459119295822e-01
8.025514013126975321e-01
-3.296065785892512423e+00
-8.542881054283710807e-01
3.825910275676065453e-01
7.545569399844986869e-01
6.347029221373421404e-01
9.020300250225381511e-01
1.526210870779042938e+00
2.089702166271067973e-02
-4.391989807354159669e-01
-9.822350025125625717e-01
4.210666651319394660e-02
4.116719752525810350e-02
-2.335205954369529380e+00
-9.397373541999876068e-03
-1.130826848897004355e+00
2.933969991310294567e-01
3.333585919032278078e-01
-3.854441116515778809e-01
-1.483602162374904720e+00
-6.599426908714745021e-01
-6.681539708608503769e-01
-3.281186238084303763e-01
9.902545370596232965e-01
-5.745185477706362676e-01
8.340132196936917985e-01
-7.729174972799655041e-01
-5.357721645613966466e-01
-6.440073517203666054e-01
-5.634711046266338563e-01
2.149417753998150715e-01
-1.422631577702646588e-01
8.415427426266484101e-01
-7.145637420242370030e-01
3.912957711114091186e-01
8.357629052673400949e-01
4.412143776874843937e-01
5.949110540671911362e-01
-8.901718354276833001e-01
-2.415445488512113936e+00
-9.561571402860584712e-01
-1.862667722449222740e-01
8.920752650853374099e-01
1.816699350435089233e-01
7.560505829190764526e-01
8.861584638310553430e-01
9.866341028021325954e-01
-9.081940908296697312e-01
7.336582753320859407e-01
-7.051028555652800733e-01
4.821574833733199839e-02
1.335634163461076884e+00
-1.725247612278345777e+00
-9.960558001849877385e-01
-1.226116424932044424e-01
4.838902082581266750e-01
-7.998717023449277708e-01
6.218837908531740233e-01
1.648043297235322058e-01
2.337139993701955021e+00
-4.517139082977461584e-02
8.980465523272020967e-01
7.212320878708871064e-01
-2.372480462288042435e-01
-7.671187738191591610e-01
-5.969820038692816855e-01
-6.081707929678055180e-01
5.379407865711403058e-01
-1.168263126561952525e-02
-7.253337324012601450e-02
-8.556302427701643065e-01
5.553452225391706243e-01
-1.015728790860028985e+00
-6.704481429433546413e-01
-7.625870820766472713e-01
-2.857258543968645981e-01
5.405713133517500157e-01
-2.508502532932654905e-01
9.057770001174003660e-02
9.865054533834506367e-01
5.671277730357799918e-01
-4.431057170030023862e-01
4.585234747949014089e-01
-1.739741885350247763e-01
-5.531090833952378993e-01
6.209909924094636491e-01
9.916123543228156922e-01
-1.607955958510505212e-01
6.374623689168608109e-01
1.760658198956626563e+00
8.142700109543441478e-01
-9.562242216345060442e-01
2.405234555969859578e-01
7.411613266171102055e-01
-5.024022340958967936e-01
-7.420105927504885290e-01
-2.928519850107211830e-01
-8.472638174706927927e-01
9.762426358568423446e-01
-8.064752487801328806e-01
-2.762868949980355482e-01
-2.091744233062189373e-01
8.660414436915788716e-01
-7.607184015018668699e-01
-3.829465706289327809e-01
6.702713300671919727e-01
-9.725448550757056498e-01
7.983810386750200827e-02
-9.807889558693869692e-01
-5.462555832325932670e-02
-2.488340430244844192e-01
-9.497774006984414097e-01
-8.624431740234292931e-01
-5.208373552259412120e-01
-9.996817485712670148e-01
9.783669564387502682e-01
-6.226262253457583995e-01
2.810772879188316864e-02
-9.604811503333747780e-01
3.507493140150511057e-01
5.700948233398732690e-01
7.524976520795787494e-01
7.475869100350764906e-01
-2.745684987697800672e-01
-2.419332143177879146e-01
-8.826482183138448789e-01
-3.930585606141878685e-02
2.544635280318339188e-01
-1.997315910268557815e-01
-6.876349644578498843e-01
6.581926639407882362e-01
-4.880914607676831718e-01
4.092858740938700723e-01
1.414159347007022394e-01
4.705738133627321851e-01
1.026783862863851482e-01
-6.567093178645702078e-01
3.221804209679966502e-01
-4.253918700500691763e-01
-7.346256990980759571e-01
-1.456592515979834856e-03
3.612848598204945194e-01
-7.701530286789592950e-02
-9.006629257129177279e-01
8.391653938774581434e-01
-8.149664663230569150e-01
4.152934882911747394e-01
7.240112822861008990e-01
7.506210327851103870e-02
-3.547373911852824691e-02
8.520657932645225863e-01
3.089575245279658766e-01
7.477131203281039973e-02
7.531913737159234845e-01
6.020356823641637156e-02
9.055211308229647038e-01
2.036296287296943675e-01
5.737822396987888318e-01
3.319676302284315650e-01
1.364031515547772022e+00
8.119167406727012537e-01
3.335915817843622122e-01
-8.020007047182902138e-01
-6.554750029180507198e-01
-7.571512115658562969e-01
-2.921131467383184521e-01
-4.057685791946128440e-01
2.749125861432575313e-01
4.559739732038975424e-01
-5.277364520142713289e-03
-2.002567005202138262e-01
-1.624460503888340179e+00
-3.631730499671621537e-01
-7.384628990912582847e-01
1.363574885573126672e-02
-4.260733851837721353e-01
-8.185458196177817225e-01
1.061802808598406589e-01
-2.898698249465558874e-02
-2.114586181556221689e-02
-9.501101735747274901e-01
-2.966693723157218798e-01
7.523376849827272395e-01
-4.178980306814537027e-01
6.367213331015719735e-01
-3.324010974968198973e-01
-3.826373012153649888e-01
9.321274000776760271e-01
-5.732908089428405685e-01
-6.196149003605249117e-01
9.949929170244773413e-01
-8.922713672003586005e-01
4.950037136662885917e-01
-6.486149382661954288e-01
-9.639225144557461711e-02
-1.840195266655970663e-01
8.137138690214273939e-01
-9.009123657388689033e-01
3.346708955276809228e-01
2.806452585691729951e-01
-2.301245833505005667e-01
9.226972501185004560e-02
-1.075913233127490098e-01
-3.182947173190506795e-01
-7.354799417130046812e-01
1.467592996167679242e-01
-4.387071296786300145e-01
-2.195855525619623272e-01
7.899355008746842266e-01
2.508499615752084466e-01
2.806283405175786783e-01
-7.571845148482190258e-01
-5.804002415043256757e-01
-9.331263484455987189e-02
-9.830777685686498124e-02
8.933269272566610741e-01
-9.190318814935105607e-02
-1.736609192770871557e+00
-1.065713876795786330e-01
7.740897208816659436e-01
-8.080752432240609906e-01
-9.135516557374738777e-01
