2.372830372295648971e-01
1.759186375547735492e+00
1.138951095119230317e+00
7.813676381766834211e-01
6.907021298828822653e-01
-1.453832057926045085e+00
5.673396976177969009e-02
-8.190435277901290112e-01
2.084441689362291683e+00
-8.269806893201545606e-01
7.842426625001837071e-01
2.610233385999400468e+00
-4.230088579549631689e+00
-1.795144891855062763e-01
-5.741795736880704881e-01
3.689564214907170570e-01
8.816673237939230967e-01
3.642200120083569637e-01
9.581846222691402515e-01
2.547418625453516938e-01
1.170844008507382572e+00
1.834515431623637394e+00
-2.882622703016844312e+00
2.761111956718225180e+00
2.972480128030731805e+00
-3.661076875258885144e-01
9.296396046368016197e-01
9.283511945358897677e-01
-8.562363879160420632e-01
-2.048236071172933936e+00
-1.489740078232991038e+00
-6.538572606239232421e-01
-4.024431622711487355e-01
4.288560251251460897e-01
6.152955286539378843e-01
-2.526503678918440299e-01
-2.612463425120262750e-01
2.134547290026638677e+00
7.314021956769698463e-01
-3.804630447679071548e-01
2.721775084255990684e-01
-4.638135301582934078e-01
2.913383043138371598e+00
-2.330173748587083260e-01
-2.288843146233156212e+00
1.048290749838197700e-01
-2.255961704308139804e-01
1.255774118877342360e+00
-1.278361478378389426e+00
3.127879298573217337e-01
-3.513515431609897988e+00
-1.334370846004139688e+00
-2.242564221788536205e+00
-2.510222084260697706e+00
4.307841876831544070e+00
-1.145688660505561618e+00
-7.283994025076691026e-01
-1.301215059245174999e+00
1.669867145183045576e+00
5.351061896857152167e-01
9.669434345796470431e-01
-2.316861936782249831e+00
-5.413983230287362503e-01
-1.444549597822282760e-01
7.410201533834261944e-01
1.230488633749926342e+00
2.531979915077328336e+00
2.976912492712559644e+00
4.083235713083455121e-01
3.717873742176424079e-01
-2.520614405685144721e+00
-2.057027488059504527e+00
3.898926503341117566e+00
-2.288178676172524018e+00
2.360300961587513235e+00
1.473459872770030543e+00
4.225161143444388756e+00
7.075525038224310670e-01
4.487939056829328699e-01
-2.130160364571208831e+00
5.998169865558000691e-02
1.792460105239525037e-01
-7.677766719615923829e-01
-1.483631150445829494e+00
1.329610264625525451e+00
-3.826971598680380282e+00
-3.450309867858776802e-01
5.657064602007841891e-01
-6.855188053859457842e-01
-1.709859449530420905e+00
-1.282833601223061226e+00
-1.477262988037620461e+00
2.124499784511257872e+00
3.181733655230860602e-01
-2.359879766498917508e+00
-1.249311731216265597e+00
-1.243564686917782769e+00
-4.076786065817597504e-01
1.103033860233649133e+00
-1.174321497455959484e+00
3.134281411328219136e-01
-1.438613699856214678e+00
4.537339725078203823e-01
-1.045302428098922487e+00
3.506203065584203582e+00
4.974881928473527393e-01
-7.343129711680593807e-01
1.583136787218104358e+00
-1.402704630963934607e-01
3.237704486809005466e-01
6.352895841944306010e-02
8.165836516272122481e-01
9.501996405382514554e-01
-3.075259162529461854e+00
1.417435599892053366e+00
9.689878035385360855e-01
1.187987974846493877e-02
2.508759228481467041e+00
1.328001023102086675e+00
-1.858624130825508480e+00
1.314913258151202191e+00
-3.450013303900655304e-01
-2.804276600869800795e+00
-2.688942244901886269e-01
-1.847932599976464862e+00
-1.445894580657551609e+00
9.184026331213678285e-01
1.713606370772143617e+00
-1.491273152865895346e+00
1.264982439859753338e+00
-9.461068372728120845e-01
-1.236960100142187935e+00
-3.469819461826978646e+00
3.693000182992478120e+00
-7.668010343267264162e-01
-1.443661698498803547e+00
3.624488596785191419e-01
-1.775917473707379290e+00
-7.269356688030281788e-01
-1.009470715874659419e+00
-9.001109443798397391e-01
-3.194529887658112521e+00
-1.480809043574406125e+00
-2.003752326949378437e-01
-1.344085522195770599e+00
-2.119475680655190430e+00
1.111931166569634755e+00
1.913818826377795546e+00
-9.553833746717586006e-01
-1.085274171592528480e+00
-1.283983397502870050e+00
1.157460330789883196e+00
-3.008286722737063990e+00
1.869532330903816097e+00
-8.508895022459973534e-01
-2.363244525293819009e+00
-3.046058785678166014e+00
-2.601827371496449048e-01
-1.276794887028362968e+00
-8.142861847808261500e-01
9.834743785024384621e-01
2.745421419519171735e+00
2.273535153854921553e+00
-9.583663828568022014e-01
6.644111268294217165e-02
1.973135615206113691e+00
3.409051337069907150e-01
-1.282245457849893189e+00
1.580010529438190092e+00
2.886519607993491832e+00
-4.206508022290312843e-01
-4.245189638691458933e-01
1.562339504296520687e+00
-2.884624788505926407e+00
1.123062008091947339e+00
-2.276145299437216662e-01
-1.903671202131680840e+00
2.700593356969318570e+00
-1.103924755730346874e+00
-3.278750265724864610e-01
7.050530542055083449e-01
-1.228066617502846514e-01
-7.563445356183255974e-01
1.602995488322892736e+00
9.727867053900479677e-01
6.411526862576357733e-01
1.326249158192420285e+00
6.424889324093008280e-01
2.292908406310083080e+00
1.482543591136336714e+00
1.590884677758577226e+00
-9.699651297393160343e-01
-1.490825441778607763e+00
-1.078095002155823323e-01
-1.646538183660459342e+00
5.784287899561104673e-01
1.113259349348625360e+00
-1.329250834553628913e+00
-3.682435558684986177e+00
1.868462283899222920e-01
8.933778743527951427e-01
-6.872899978304662927e-01
-1.730040641575466553e+00
3.070351910047850463e-01
7.525319801633919559e-01
-2.699174696830613396e+00
-1.267998688542030461e+00
4.845626377902214621e-01
1.699743358055659570e+00
3.082049380554616747e-01
-1.980666521956446324e+00
3.289058692217047941e+00
2.657039234231727054e+00
1.961135693374393085e+00
-1.456819381475421782e+00
7.309736400202997419e-01
1.617246914050670115e-01
-2.206371047560492737e+00
2.001421332005807407e+00
1.262722229650177885e+00
-1.990213211692586359e-01
9.883335692091541613e-01
1.263793708602454213e-01
-2.584806544032271169e+00
2.134284733569578041e-01
-1.374286293107449319e+00
-3.907918381389457796e+00
1.599294925054868921e+00
-5.602603286118419401e-01
-1.080615511358553604e+00
-1.165308686744450206e+00
1.246240544489711555e+00
1.192020171066451306e+00
1.487171514133317274e+00
3.316000477069882102e+00
-3.119601167817029452e+00
-1.488905768413483766e-01
-1.558270630476122909e+00
1.013101281039838764e+00
8.669100316026275843e-01
-1.473680190849696814e+00
-2.526700877818230939e+00
-5.029908001338756485e-01
-1.826565390984186799e+00
-1.401411596513439495e+00
-1.045051303731969083e+00
-4.299857255032295988e+00
2.754601851723739614e+00
3.329480752088347373e-01
1.941668488606962395e-02
-3.711533601649405156e+00
-9.071272091627582412e-01
8.657036629881144085e-01
-6.995309015579611600e-01
6.254793053390217406e-01
-2.322867992592181352e-03
-9.395492707502973717e-01
1.598031255904708292e+00
5.225412240883806625e-01
-8.207530207933393385e-01
1.424879530806250516e+00
3.271254920011969158e+00
2.096007576787245696e+00
-1.136137884268414222e+00
1.178282837659792692e+00
