-2.596491743431948773e+00
2.650185162828972429e-01
3.938555113377099071e-01
1.341386894609558400e+00
-9.354628921652335949e-01
6.695087187501229664e-01
-1.518437440408725081e+00
1.664078922169087260e+00
1.337278257859313646e+00
-1.550154627700693344e-01
1.022749923777884984e+00
1.465882708819094216e+00
-1.865811735440899566e-01
1.503473586550509555e+00
-1.404713160045937936e+00
1.532592261280755430e+00
-1.956060324380864746e+00
-5.822680830927809414e-02
8.795710421284990144e-01
2.264859717449284049e-01
-8.661116927492188422e-01
-2.125669074298873751e-01
-2.056902245034160082e-01
-4.583451328139253045e-01
-8.046838729192917761e-01
-1.501745115511619599e-01
-1.222973446299746803e+00
6.828998943771261709e-01
-4.785043150252976663e-02
5.529291662879609603e-01
4.420813114593170057e-01
-6.787502198604250525e-01
-1.052388730296804908e+00
-5.588934774172042985e-01
7.290739834353415771e-01
-1.610273855584242408e+00
-6.513174196001406679e-01
-3.409713898126719434e-01
-3.356624995668331390e-01
-1.400029536412693121e+00
-6.106292953348264607e-01
4.191368761798812681e-01
-9.637328213344690253e-01
-3.697594899247556577e-01
-6.119766312838430256e-02
8.321666074170665228e-02
-1.274985672250910307e+00
8.598220903444975249e-01
1.670455345079638332e-01
6.329606239955326563e-01
9.812392323282882467e-01
6.483478857981614940e-01
-1.407693214840093909e-01
-3.530789762113296648e-01
1.259256852800014093e+00
5.972746137706090863e-01
-1.056396247619675099e+00
2.090985293439381998e+00
-1.073444132761553593e+00
-6.040280068088180743e-01
-7.518953376762115282e-01
2.222753197556319726e-01
-7.404922050068855066e-01
2.329081440723677954e+00
2.361593997653745058e-01
-6.009509587246792961e-01
-9.255233919992240654e-01
2.706103760564699257e-01
1.077235575084788399e+00
-3.366716016134292944e-01
8.113749243162591274e-01
-8.445849451216519421e-01
5.182653576473608137e-01
1.702540576141338691e-01
2.145507898109408451e+00
4.623488513749730577e-01
-6.491512050437144854e-01
-4.224174638143583516e-01
1.103567491263445888e+00
1.872063657997840025e-01
7.029619700837308471e-02
-6.844602607171622610e-01
-8.620860036631845524e-01
-1.356286423837610666e+00
5.735336998004482156e-01
-1.913026030591902238e+00
1.471549329080436896e+00
9.654588611664861528e-03
1.115045361205210916e+00
1.183514991315976372e+00
6.044794294516099287e-01
-3.623700807675649394e-01
-1.094156887240640280e-01
-1.202262834129281144e+00
3.767131695850473583e-01
-6.407031235092809363e-01
4.156154872353123308e-01
-5.282529856994104822e-01
-1.958127344352916133e+00
-8.527695403172855793e-01
-5.476080908705791700e-02
-5.927915333631822437e-01
4.719510087282892119e-01
-1.799055661646588034e-01
-2.613468027465027932e-01
-6.046294147843871425e-01
-1.447060190225930160e-02
-6.538823383665708609e-03
-1.270469124244353099e+00
-5.533859997654186902e-01
5.547287309403698546e-02
-7.838690565929872234e-01
-8.075013308682126301e-01
2.601201907430930604e-01
-7.416713986913195389e-03
-3.462806910699434693e-01
1.476991243858836178e+00
-1.272959982325356565e+00
-9.235175533592332453e-02
2.075630538843165063e+00
-1.512466935109501476e+00
-1.160482337196155456e+00
-1.170927097663537579e-02
1.350998045396796909e+00
-1.126510736486960429e+00
5.608675413175731039e-01
8.394386394593110756e-01
-2.152852310176052164e-01
-2.842483886386705794e-01
4.388554629127993101e-01
-4.179578695705157276e-01
8.178843467274453660e-01
2.868864196343233752e-01
2.746579664791297670e-01
-2.560710792924051904e-01
-2.698242655043624483e-01
-4.191139086125775792e-01
-8.691855831077248684e-01
7.938653345248062321e-01
-7.552274067373224709e-01
2.894941678572411914e-01
-3.081565229413654183e-01
7.797825645643460257e-01
1.374368909866180877e+00
1.411317801956999185e+00
1.772822244511596257e-01
7.907771736640288873e-01
1.236009532340863526e+00
1.579399778803942445e+00
-2.761965924888946261e-04
4.985316257839618737e-01
-3.231548828945608465e-01
-1.942865973315332395e+00
2.025848250783860438e-01
-1.638419957111172248e-02
5.320995896959437171e-02
8.006951557941135444e-01
8.949454342879721302e-01
8.587367939595009769e-01
-5.866748279792853848e-01
-2.218231864210296889e-01
8.731136231143684645e-01
-7.310175041187583211e-01
9.336763856977968734e-01
5.638848817223343635e-02
1.027938673060108110e+00
1.518062024492093931e+00
-5.092911495732846960e-01
2.356860416958728166e+00
3.378792653835848564e-02
-1.050051889949801254e+00
2.029824521923395686e-01
-3.450322707498043040e-01
-4.443971336283143031e-02
-4.476439667195205030e-01
-1.504777649281940022e+00
-7.105298441388773201e-01
-3.917541743291518830e-01
-6.981008563147145241e-01
-9.156147340053057970e-01
-2.130706174454670421e-01
4.047826530475501228e-01
6.814940960355482247e-01
1.381670573997558216e-01
-1.195952414313751766e-01
6.467726973012271063e-01
1.676998811848087190e-01
-1.125946701250738258e+00
7.349978007092285992e-01
4.926157222613744002e-01
1.034602147271971750e+00
4.972246540663471381e-01
1.470085680627448432e-01
-9.077903295652406390e-01
-6.100742834620420663e-01
1.666151480793174322e+00
-9.193592870622727675e-01
-7.903638855876515823e-02
5.633406236761573371e-01
9.136114223688949210e-01
-4.736239097544838739e-01
-7.194326998883353586e-01
9.871706091885696921e-01
-5.083635021575519941e-01
-1.694503845304386580e+00
-2.566147253352542013e+00
-8.138993503451316669e-02
-4.069182642129071104e-01
-8.569947394368039317e-01
1.521710506140497632e+00
2.252004916513335342e+00
1.566733073553415179e-01
-8.665361484960998339e-01
-8.222322918550787341e-01
5.983625066240707557e-01
-2.425009926823790130e-01
-1.209178561361587301e+00
-5.595389587065798809e-01
-3.428493901802106558e-01
-6.131793572268421366e-01
1.471242349668754779e+00
-4.185102065712252295e-01
-6.313291758310134449e-01
-3.192703495533420754e-02
1.092100943909851463e+00
-1.882680376781006082e+00
-1.811756861234870897e+00
-5.790398918737955647e-01
-1.831794424618627737e+00
-6.074809784640838872e-01
-1.006605160685819733e+00
-3.964417447764753133e-01
-6.438672429655485363e-01
-3.895388084163599607e-01
5.150328509010423383e-01
-8.069163090957682805e-01
1.559164982407929556e-01
7.445932636125964788e-01
-1.680435957715665563e+00
6.961887713411653023e-01
1.282060555874925678e-01
1.186835784105730651e+00
1.975182957863218958e+00
-4.445460588572488492e-01
-8.534125793372413504e-01
7.355838080080054908e-01
-1.201152682664213822e+00
-1.922011923336907513e+00
9.487211108368894807e-01
1.038678760954131697e+00
1.961303584713909087e+00
-4.425667614856629295e-01
2.111330388520865908e-01
1.790399745842458090e+00
-1.844566736552312458e-01
6.851791249997750688e-01
-5.948165708303659871e-01
-1.813613568181711821e+00
2.750178859480719579e-02
-1.186920905353903155e+00
1.743203424172632687e-01
3.550849665114093057e-01
1.499723814305265468e-01
9.714837810269865148e-01
-2.684571654043050870e-01
-4.353612097350886279e-01
-2.424103160571098758e+00
7.671580035006256848e-01
-4.666335754993271023e-01
5.222459847882595652e-01
-1.630447287045092564e-01
-2.108753548502038999e+00
-5.021883573691483527e-01
-1.482355421962190611e+00
7.711091253896988906e-01
4.318310154266984946e-01
-2.130643581098542683e+00
-4.024627145244809023e-01
3.998463702682320542e-01
-2.020840383316055075e-02
1.255690783198762261e+00
1.802072745856267422e-01
8.707349686919588772e-01
1.229111392012500192e-01
9.651496521660493308e-03
1.236090257732463948e+00
7.931661136180222504e-01
5.991101742169154670e-03
7.170827708847758997e-01
3.600327687821274214e-01
-6.213266999809357038e-01
5.723464235807642631e-01
2.423374433348464974e-01
1.043386969016119048e-01
2.939512412110314998e-01
6.824811939605865962e-01
-3.286324709385034515e-01
1.862050475067368538e+00
-1.001146441874308790e-01
4.878522587471424421e-01
2.001993400703556691e+00
1.783042202331423409e+00
1.188513989826875950e+00
-5.369596377232907156e-03
9.086983832708144249e-01
-6.922732007026075607e-01
2.038622577706219463e+00
-8.845275414436718497e-01
3.593068679862501114e-01
5.926890482722222409e-01
6.077158380336200594e-01
1.293052099262850474e+00
-7.244020623146172344e-01
1.091940461755902092e+00
-1.779443128369144977e+00
-2.983411208236850243e-01
5.589688524454936580e-01
8.932918682982412539e-01
7.227489010866979813e-01
-5.482705463047693462e-01
1.013786965879166280e+00
-1.549941323245820901e-01
-7.277691720254484409e-01
-5.631167594654348241e-01
-1.195419630503959496e+00
5.209324043898059253e-01
-5.989930523407959173e-01
2.296889808642688657e-01
5.228021375972511514e-02
1.002370490397564984e-01
-1.372002038363656418e+00
9.398584682187776096e-01
1.594677101731218016e+00
3.311929940843151288e-01
1.837716775577435124e-01
8.140203434111768777e-02
-1.164129741219779746e+00
1.445698254554119044e+00
4.114121219424910492e-01
-8.781913904831700757e-01
2.281407488994962485e+00
-6.082936810168140251e-01
1.418137935924195459e+00
9.209011199389505187e-01
5.646051809861088455e-02
-2.008240735883429107e+00
-1.276841328382821050e+00
-5.650906785340548133e-02
-8.004580259794489283e-01
9.949303081975716112e-02
-3.851412233264262519e-01
-2.113938857582307929e+00
1.882591649548242263e-01
-1.111991101205682453e+00
-1.880049026919758670e-01
-1.683230036478466474e+00
-5.349946933949714101e-01
8.496434321493014086e-02
-3.289969218640451110e-01
-5.897358858218378908e-01
1.861268943023542122e-01
1.228567043359472644e+00
-7.738496875010929532e-01
1.119492801650773250e+00
5.893135672387475044e-01
7.841236251057166484e-01
5.546900875321557622e-01
1.385733784079639375e-01
-4.486571508952585385e-01
3.064878423936452934e-01
-9.726741601155927119e-01
6.731322116034844649e-01
-4.299335124075734371e-01
-2.346432288527691423e-01
-1.314181941253296237e-01
4.391716567941331695e-01
-4.386637224705989269e-01
-1.058294284156175546e+00
-1.822760155139919735e+00
-8.242446746636846733e-01
4.572726331857550064e-01
-1.149673379897676151e+00
-2.782560087355629985e-01
-1.147511744040190518e+00
-2.187941986127991123e-01
-6.105504781332692366e-01
1.032462704515916818e-01
5.594965357714737353e-01
6.916724132270102299e-01
1.480304966197967698e+00
-2.439105217761232236e+00
8.637897301076256085e-01
1.228055909230209908e+00
7.684564067104885376e-01
9.799309106495020238e-02
-2.828549292638470880e-01
-1.390326637467275694e-01
-1.251001847074862672e-01
1.057388145836251070e+00
9.072195646807885705e-01
-5.036271445646385292e-01
2.796780604667484793e-01
-5.979055413168201660e-01
1.316927622216614302e-01
9.463584172756170920e-01
-4.794249420609523193e-01
7.066518633087819357e-01
7.039486989769873082e-01
1.132116445808199590e+00
-5.275394603453630316e-01
-1.650099248017767029e-01
6.353615222293323983e-01
2.134918314677283657e+00
6.031495143214933297e-01
-5.197940318244084201e-01
-8.105501435684505651e-01
6.510615940332324936e-01
2.509595969442389496e+00
1.720954870048311713e+00
-9.232572323518817292e-01
6.200282598465430839e-01
-5.128865945551307481e-01
-6.532321062422410396e-01
2.289664359433027485e+00
8.920126640185346290e-01
-1.703509157946126784e+00
7.338672125945689961e-01
5.137531265770965971e-01
-4.439802358203126520e-01
-1.148592124927108493e+00
3.680673338248321436e-01
1.885282350995038381e-01
1.205654965313847360e-01
1.028799837201153089e+00
-1.391920379040604949e+00
1.464889514941936921e-01
7.139371038246742351e-01
-7.226674656909730654e-01
-6.460829834238469571e-01
9.667114435241825898e-01
-4.604317854834125701e-01
4.522177730726828493e-01
-1.105364608550376548e+00
1.377250807754764494e+00
-3.623764021979069411e-02
-9.428087472654788082e-01
1.200418079945281713e+00
1.039552346864944354e+00
-1.434768974603550351e+00
-1.064468574237229070e+00
1.579830616036939750e+00
-4.017886545493506295e-02
5.335500376620107982e-02
-1.474414637238125395e-02
-6.621114284887865686e-01
1.290008936126831651e+00
6.458504566064521280e-01
-1.258726223953389622e+00
3.203871227479819228e-01
1.918562605863668002e+00
1.207327858607958992e+00
-9.057654464951465645e-01
1.383097369215865236e+00
-4.361626903011677214e-01
-2.414337381386260084e+00
6.711231492076802363e-01
-1.384623365536111983e+00
9.489129364832291635e-01
4.332234648214994821e-01
-1.338272507237074471e+00
-9.717283163346075447e-01
1.043802154560180773e+00
1.107593809324107781e+00
5.223781507163080540e-02
-1.627354950629619212e+00
-1.029646682339460106e+00
1.818087423963403448e-01
-6.109331293293893822e-02
-8.214533800600963831e-01
-7.480133633059340426e-01
-1.404046823368720665e+00
1.132239024842421893e+00
2.510775764184614456e+00
-1.966011713310027165e-02
1.486515827276218005e+00
7.141545343062611906e-01
-6.048634048720326062e-01
-5.378543605176964171e-01
-3.094458434261638802e-01
1.061682353947810825e-01
-2.640381456913472660e-02
8.008662504985958330e-01
7.439830340035358258e-01
1.727350905341214382e+00
9.600728275733779737e-01
-1.604100035271707636e+00
-9.653845048322572397e-01
-7.777985116883566752e-01
-1.920496610969295581e-01
3.990118623293519851e-01
-4.408861109614403140e-01
-2.089471409325335038e+00
4.974479937448472722e-01
6.399065497824096838e-01
-2.310408346781350541e+00
-8.431645739082962443e-01
-2.036789685862006927e+00
1.676662886938335706e-01
-1.795393473470458315e-02
-6.440720639737774755e-01
5.228328698564824739e-01
1.753328137591058322e+00
2.006388288295561911e-03
-9.721328868208899410e-01
-1.687336960793985430e+00
-3.605458802501476101e-01
1.628977699332104123e+00
8.554488444887307086e-01
-5.370198495563516250e-01
-6.830209863210619237e-02
8.632782832505693227e-01
-1.114799386687913341e+00
-2.004499806620826940e-01
-2.179305465479662307e-01
-1.016340143930449580e+00
-1.620484196804966581e-01
-9.331756680218303845e-01
1.587074751095708391e+00
-5.663140851349701688e-01
4.429461161076970743e-01
-2.353902436042014656e+00
-6.451474678656751172e-01
-1.864055137092629710e+00
2.702247038471451424e-01
1.163260693887118169e+00
9.026785726040706948e-01
-1.897058622813596163e+00
6.257179119107508791e-01
-6.863420559134599808e-01
-1.021818496686739852e+00
7.134534506888269290e-01
1.187228043850291570e+00
-8.537207250951470705e-01
2.111885986156661066e-01
-2.763944515368048083e-01
8.975837217070176122e-01
-9.851455840535694453e-01
2.119041685428073862e-01
1.564145633699786542e+00
-1.011483209261320848e+00
1.035408301083152516e+00
2.523680101138162102e-01
1.910040270207385538e+00
-4.377263225850855366e-01
8.382552826169006321e-01
2.061146543142857723e+00
-3.651179461540335347e-01
4.496026178933195672e-01
1.115000958320828683e+00
-2.961925957106431029e-01
7.021796047429287313e-01
-1.035709939457661877e+00
-4.040386362291480959e-01
-6.302018924620625961e-01
3.297678582001808412e-01
1.083976350927531085e+00
-2.737548479530041434e-01
1.433897771629365714e+00
1.547417362727735168e-01
-2.080534765447433987e+00
1.065677408660756109e+00
-2.011061200122709891e-01
-2.029233498907944133e-01
3.609323825275361775e-01
-9.272057065663340536e-01
-9.746257628984456023e-01
-1.143082857579114098e+00
-1.316368333122562018e-01
-1.058108705016272522e+00
-5.477790104185654291e-02
1.583228649107546460e+00
-2.525064324365724477e-01
-7.980160666809299475e-01
-1.181842276950201942e+00
-8.923707715764285231e-01
-1.222070987856158919e-01
-9.512468111876772880e-01
-8.956109681482276041e-01
1.135299126898681399e+00
-1.117737311621076701e+00
-1.818998256509429590e+00
9.814191774111814537e-01
9.320919552540060105e-01
2.165417097535652924e-01
-7.851354253049860343e-01
-8.829650893531068023e-01
-1.417994140404698900e-01
1.017473114686875624e+00
-1.308704109079498856e+00
-9.394256750257509170e-01
2.385261693591844978e-01
-8.434808634270338779e-01
1.003322090810307321e+00
-1.646891725252612293e+00
-1.710071717628990767e-02
-1.007762220116332763e+00
5.142074169293721075e-01
2.442553116745575237e-01
2.997055375480109918e-01
-4.891192095471010304e-01
-8.177497968744235068e-01
-1.414128295785706202e+00
-1.135316940788972939e+00
-6.034564414430633184e-01
7.433440691125246802e-02
7.361137578958459882e-01
2.927177608659651820e-01
-1.599393950264348607e+00
-7.069140100367271584e-02
-9.573024376339187569e-01
7.755796009277444725e-01
1.775612866760636788e+00
6.931971308476835292e-01
6.989478847757747415e-01
-2.901871394303090046e+00
-1.446582307280745550e+00
-5.767574668175204922e-01
3.145992538077216905e-01
-1.105579210891457276e+00
2.227239616604555494e-01
9.869538151296944894e-01
-1.891599014269258916e+00
-1.612712967875940262e-01
8.959957042319971476e-01
-7.222084498830418919e-01
-2.042516651373223469e-01
3.593407570825810082e-01
-1.393704258711532473e+00
-4.595518586320079257e-01
1.186825767558901346e+00
2.083662067382331173e+00
1.042717556278990543e+00
-2.511538961785769186e-01
-3.298977607125708894e-02
-6.283869414056585390e-01
4.209606373219513809e-01
1.705183743542824981e+00
-6.752404361144259681e-02
1.354527493515977898e+00
-8.769165479692219156e-01
1.690034191735693581e+00
1.333839313910707203e+00
-2.891690619826425487e-02
9.069858192726498736e-01
1.899539846734390192e-01
-3.909872147531484599e-01
-9.462131858201011658e-01
-3.043324942926127208e-01
2.090621108429954467e-01
-4.289318563086655378e-01
2.728039509747257618e-01
-2.073696037541264414e-01
-1.618438389835614277e+00
2.177524553033416410e+00
6.221265836109706772e-03
-6.700300308870376087e-01
6.021266886925640271e-01
-1.245406043933456747e-01
1.727210088283373801e-01
-2.371897063379991177e+00
2.334789489904015025e-01
-6.049690297962979635e-01
5.263854549726429966e-01
1.857036982783200341e-01
2.794149834276198896e-01
1.318142090894381058e+00
3.232324442233450168e-01
-7.580816405674143388e-01
-8.810143726326196134e-01
1.573964138897187004e-01
2.343897071274203825e-01
2.185570303990815588e-01
1.196592469470571185e+00
4.413145528355769120e-01
-4.366636939095342451e-01
4.024429350812619988e-01
-6.998996086436656272e-01
-4.954804779682748239e-01
3.774054144588258608e-01
1.856722839835672989e+00
1.691855887932254943e+00
1.638167192796609606e-01
1.513999137585831933e-01
4.453298134255665591e-02
-1.085979020062257216e+00
9.303143716729331825e-01
6.967509576207665811e-02
2.452716327401453233e-01
5.553687474843103100e-01
-4.284653767473833863e-01
-1.290831262663640677e+00
