-5.104150764982491317e+00
2.423027542783107613e+00
7.757212495873833102e-01
2.128036800698123621e+00
-5.657169295915974061e+00
1.744113591264883301e+00
2.294627266388751252e+00
-4.403855853554389910e+00
-4.196488943908113001e+00
-1.171392433202665950e+00
2.738143582456744607e+00
1.175695643098708221e+00
1.013440953218762264e+00
1.459002657483844390e+00
3.438454503206766599e+00
2.664266986493857736e+00
-1.112458418435131158e+00
-2.170542141934844960e+00
-2.294372859998400349e-01
4.228504876460408290e-01
-1.258470124602657281e+00
-2.307189723277980331e-02
-3.305974793388374966e+00
-1.267799498857309137e+00
-1.313262299832646862e+00
3.729769809290210958e-01
-2.261267262452753002e+00
-4.993821092920662785e+00
-5.938669550705102385e-01
1.510344002426989851e+00
3.596654811234933469e+00
-2.540253605505228052e+00
1.057781890621790621e-01
-1.038146594531802913e+00
-2.332973439732964227e+00
-1.063067642633068743e+00
2.185753499929619093e+00
1.550541902863489252e+00
1.792651869682367671e+00
-1.623919660569612011e+00
-1.694715872884612340e+00
-1.892352225129381449e-01
3.092389420825502722e+00
1.709998113273835774e+00
9.906088600925568866e-01
-1.250859193640128986e+00
1.821339232891218352e+00
3.795772868537677258e+00
-2.640047759973700447e-01
-6.646985181695181932e-01
1.949683133251730371e+00
3.578489784045540301e+00
1.555036308360883801e+00
2.100666872951200137e+00
-7.406152366828917533e-01
-7.980197452085762144e-01
2.625960604381014640e+00
2.921000773194182276e+00
1.661295847522186619e+00
-1.728957618289378995e-01
8.914041902190968925e-01
-1.996888790260254565e+00
1.830334061662553191e+00
1.726110196856537549e+00
-3.271111094097830296e+00
-1.113533018110177464e+00
-3.662579856299247538e+00
-3.046366238969652862e+00
-1.130296818128416092e+00
-4.851588436986504771e-01
-3.523768380179901349e+00
-2.281545259177610419e+00
-1.485906080209884461e-01
8.508934054003658431e-01
8.996018746654513842e-01
3.364513213779780187e+00
-3.647020278291297768e-02
2.468711055671128030e+00
-2.725212492724266022e-01
-2.230773648833895617e+00
2.033586422036726127e-01
3.322959795691518892e+00
1.967930718191087003e+00
1.567888669232381016e+00
-1.469786959701365303e+00
-1.114783511136971716e+00
1.245709841181083188e+00
-1.318520565936125877e+00
-3.289819625941809988e-01
-3.043486479842906878e+00
-4.670749821087610276e-01
-2.064296837840389642e+00
-8.470232573608293958e-01
-3.469497073093486872e+00
2.451908815915754936e+00
-3.441841482584858447e+00
-8.204393585316502868e-01
2.364630959369673491e-03
-1.882753052955520312e-01
9.499149144336840322e-01
-3.662269069693241175e+00
1.549151574817901889e+00
5.468878939904123770e-01
1.261954787676063505e+00
3.096032319076045702e+00
3.468594197171697591e+00
-1.285835849535070352e+00
-1.580736028542597982e+00
1.230329823311038906e+00
1.572673197415543900e+00
3.114791868698775890e+00
1.014230958558455464e+00
-1.164623254586011764e-01
3.191487944746633776e+00
1.122206630010044170e+00
-2.135362284574623626e+00
8.574561934977887878e-01
3.392132498552233422e+00
-3.374432056836215832e+00
6.414269507705772089e-01
-2.147943000086535381e+00
4.116424781355728868e+00
-1.964516213058475902e-01
8.823102580238756376e-01
3.874393752989258588e-01
5.516858654691372266e-01
3.099176144141970735e-01
-4.800306423654634003e+00
1.501933238449685071e+00
1.113480710557379183e+00
-2.621259323226423188e+00
2.495436234447765855e+00
8.118725853024988393e-02
9.875071245288213895e-01
-4.441462387582083338e+00
-2.790709576641946299e+00
-2.579077230717514269e+00
2.352661413473279950e+00
1.498940290310908141e+00
-1.325468576956000399e+00
-4.404994630902224761e-01
4.487842750667480729e+00
-3.046154619884588577e+00
-6.140756408427290314e-01
1.920190506106402406e+00
-7.284612307897344596e-01
-5.030780463901779243e+00
-1.645577628173299001e+00
8.943466246325049163e-02
-3.552334835170913863e+00
3.496311437818716561e-01
-1.036180638578839908e+00
-1.713533583093821977e-01
-4.670499653336224188e-01
2.504180868623834932e+00
-9.958609578586911093e-01
3.286955852045663207e-01
7.019208391609159658e-01
2.167786568188663221e-01
2.289890907834192912e+00
2.686937787858335369e+00
4.583262664106327655e+00
-2.150657761171121507e+00
-1.742830871301093820e+00
-1.265672611946624393e+00
-1.211572857750847110e+00
-2.348994075720335584e+00
-2.163483709028994451e+00
-2.972426127354121927e+00
2.153623313391062943e+00
1.635720324015876415e+00
-4.159545500282205710e-01
-3.202737472414627362e+00
2.270655349550558366e+00
6.013610658690265787e+00
-2.918990970033548571e+00
1.812718725815894327e+00
2.146039470112095504e+00
1.802720614272248056e+00
-9.921623865621584937e-01
1.659291388841644954e-01
4.550599624718414393e-01
4.089786923587368506e+00
-1.002254458965380124e+00
8.778327732869599664e-01
2.810186448188692232e+00
-1.162073119281397338e+00
-1.688673247687008327e+00
-1.721732405796598253e-01
2.605166479105573529e+00
-1.641409813658072148e+00
6.279387141211583145e-01
9.685593178701766837e-01
9.177497486258650028e-01
3.403747005614391696e+00
-9.461173186160147797e-01
-1.082471226502578876e+00
2.437480400485444232e+00
1.960100756301543345e+00
-7.228519561904240831e-01
1.015272079476305933e+00
2.041367211797670667e+00
-1.208409571121703996e+00
-3.614555860170804991e-01
-5.054253806186720155e+00
-2.100585512773225805e+00
-2.726369654928356923e+00
-4.497883612811452991e-01
-2.054034909978464940e-01
-5.190388007013726046e+00
1.340478125406767695e+00
-1.564603146789290244e+00
4.379037514492575056e+00
3.564979458400920009e+00
-3.121018083195719939e+00
-2.563857024991751388e+00
-4.730991758297549588e+00
2.434279674182623088e-01
-2.361504032035587564e+00
-5.176869485614956634e-01
-2.801676409159449488e+00
-3.596834130772758265e+00
1.606268857927631633e+00
3.278492409969560928e+00
-2.622665216136024213e+00
-2.835174316602303346e+00
9.984955896119954710e-01
4.057582182212572941e-01
3.503308255376921254e-01
4.171621953713762210e-01
-9.472932051579905366e-01
1.351001712951393152e+00
9.331098326594267078e-02
7.732187506024715828e-01
1.605848498052227846e+00
-7.670235192326732565e-02
2.445465571967396778e-01
2.537821599142578322e+00
3.368653868190535139e+00
4.576689513857617797e+00
1.684418247939277746e+00
-9.058054374246028440e-01
-1.801473089294054031e+00
-1.244686016409763951e+00
-3.198972970359825752e+00
-1.584819951500682222e-01
-1.541764623748118401e+00
6.426445413618085745e+00
1.812630421998107533e+00
-3.269085369152335829e+00
-2.915564321548577809e+00
3.733325075932656389e-01
-8.130344263854515363e-01
8.142133330239846867e-01
6.406491539472112251e+00
-3.801473110573682757e+00
1.083560693647149797e-01
5.953227139575861804e-01
5.345852514068252681e+00
6.999976031493861051e+00
-1.261021397525110332e+00
-4.963591849837077907e-01
-1.316494087168126548e+00
3.173757569034371340e+00
-2.123498448416585305e+00
