-1.156325758564287876e+00
1.686016493259909987e+00
8.626415274987090376e-01
1.541270515332753943e+00
-3.925607923473754535e-01
-1.426914825802349407e+00
-2.067919685483609271e+00
-2.665453138814739997e+00
-1.062488030018458485e+00
2.604091207955373743e+00
-6.490047062066591765e-01
-1.347199452524184160e+00
1.714934470071505901e+00
1.506292115926959108e+00
6.768670208359846008e-01
2.234624183451125123e+00
-1.891572243039772783e+00
-7.444654987034651228e-01
6.410594167216279171e-01
2.610947889724678728e+00
1.220620385642778638e+00
-1.830534502146339282e+00
7.162527500399734626e-01
2.700219531845613474e-01
1.311640904543145414e+00
1.088975943082171272e+00
1.584280480333728702e+00
-9.239583271400456654e-01
4.195320500726817947e-01
1.030708649392790832e-01
5.083285028169524100e-01
4.031911200058586053e-01
-5.463171667964266121e-01
2.370523713850907654e+00
-8.237993605518590945e-01
-9.239925233584364017e-01
-1.721938849765870527e+00
1.822072053735432906e+00
-7.766709578446551188e-02
5.102428917796825170e-01
3.404160293209396393e+00
2.542186210411276459e+00
2.151756718569310944e+00
2.255427546432083652e+00
-5.665295652611752608e-01
1.778226065658233157e+00
9.502181067052134500e-01
1.465030330909597112e+00
-1.404449915502457014e+00
2.558929591871432763e+00
-1.395987132065723557e-02
-2.107849092991505024e+00
5.258610927892781728e-02
-1.703297091459545110e+00
1.768373225318458086e+00
-2.452676543721142188e+00
8.353844084031127881e-01
-7.421442791293964003e-01
1.748334201598472637e+00
-2.919148455634586359e+00
2.959847112585093587e+00
2.253008712996660723e+00
-2.952881118370053848e+00
7.639051147606434888e-02
5.327737586315031137e-01
-6.532597708607565945e-01
6.201276352950833015e-01
-7.844179571874467793e-01
2.356657816080458101e+00
-7.596663174707776189e-01
-1.208479334206793876e+00
-2.733644659745346761e-01
-1.054989524621581687e+00
-2.657732980233402209e+00
2.143190897264003247e+00
2.587548179053517750e+00
-1.846413852945701706e+00
1.665147007746968111e+00
4.412350243434052466e+00
6.285972782355802035e-01
-2.458929852062776256e+00
2.627285391846252427e+00
-1.067003715276598319e+00
-8.831129134805298930e-01
-3.285507472849781063e+00
-1.609254598481579368e+00
-2.710854331327326450e-01
1.385100971553780091e+00
-2.938980556401464383e+00
-1.901206357531267432e+00
-3.504107626612894322e+00
2.246953563615710969e+00
-1.102125359480034206e+00
5.938837118373492263e-01
3.032432822467268085e-02
-2.686507127299757602e-01
6.267534719784817465e-02
-7.717506873212585106e-01
2.231066024830268280e+00
-1.878937142082321765e+00
1.704001213281320926e+00
-5.952907775483891051e-01
-2.229707013288143580e-01
5.200703224101305144e-01
-2.712760237205128711e+00
-1.374457114744545849e-01
1.465867265570794498e+00
2.404555795156984921e+00
2.613036247671514545e+00
-2.236637110209453549e+00
1.439501676525512197e+00
-1.753679898335039677e+00
2.004000775530077938e+00
2.291295344242553211e-01
9.673482789587081188e-01
1.743356057148316651e+00
5.249713652188428004e-01
2.280313893134819025e+00
-1.419319224263184909e+00
-1.799898357180046204e+00
2.585550726871813643e-01
7.368779112727052993e-01
2.200988185436876243e+00
-2.229963603598928756e+00
-9.417661536043056003e-01
-1.526019965322013672e+00
5.017186630901973032e-01
1.081842440147859241e+00
-1.752640451231325613e+00
-7.929089277155020044e-02
-4.083321332117192171e+00
1.718720928764936318e-01
-1.388237046382177597e+00
3.531002961016077801e+00
-7.485531574102020080e-01
-7.621198708752494611e-01
-5.262520445179346140e-01
9.702034061231313844e-01
1.386662378341655621e+00
-7.198553274746410935e-02
1.261302236838910185e+00
-1.657617676122298822e-01
2.011132206753305951e+00
6.180523783401122850e-01
1.510770785491662327e+00
8.846732328354152131e-01
-1.940450272145533561e-01
1.426190522597296173e+00
-8.151516196812494952e-01
3.623960214958152903e-01
-7.906728846627644192e-01
-1.245885258626622694e+00
-1.744385259833471924e+00
-2.032494179751700436e-01
1.320053914059318156e+00
8.015576480780234325e-01
-5.293352382148270863e-01
1.325900398961153082e+00
1.283371659499951800e+00
-3.847707725267163759e-01
-3.109726850346069771e+00
-3.137593352656065648e-01
-5.016557222241829761e-01
1.706871233736455107e+00
-8.337178408309726674e-01
2.141841115754341551e+00
-2.217211419545459083e+00
2.541709727616484393e+00
1.244443302314921063e+00
2.146127993961456148e+00
-9.168075176627332734e-02
1.168919999344632199e+00
1.029372128866371972e+00
1.389241524192006860e+00
5.853060682778817858e-01
9.001612760683654901e-01
8.533535049152831675e-01
-3.981430164957176498e-01
1.045728620572485612e+00
-1.848493692966682200e+00
1.956049639526529660e+00
5.648284313642957244e-01
-1.433613365946460272e+00
3.418412253592137073e+00
2.408150419750323401e+00
-1.793287092180580800e+00
-1.725406622136546275e+00
1.164008662365545677e+00
-1.646848836599950738e+00
1.192210652654771108e+00
-2.245737900854973823e-01
-5.626026985210973441e-01
-7.500663947844662394e-01
1.868506846321475345e+00
3.777566264421742259e-01
-2.388389211455650418e-01
-2.643953754095538677e+00
3.381468860459928116e+00
-5.638561831733568397e-01
-5.735635279941526665e-01
-2.827951287549839154e-01
5.508880513866094564e-01
1.186859623935849539e+00
-1.618859135030070062e+00
-1.345788408258970836e+00
1.030357049070904196e+00
2.171063458220093612e+00
-8.183058065005686110e-01
-1.305463615723006843e+00
-1.599884421821065050e+00
-9.812549465371285251e-01
-3.351225585635069226e-01
-3.029140142620013076e+00
3.156778488974354424e+00
6.881192017931037075e-01
-1.128275055416564143e+00
1.496258090376831884e+00
1.360961046590755785e+00
-2.802678333008330469e+00
1.455684353195477510e+00
1.920000164697854395e+00
1.851451251535853049e-01
1.899463815369451636e+00
9.129487864001877284e-01
4.816039574005035462e-01
-3.926808510995147827e+00
6.333636001723074171e-01
1.868713731116775634e-01
3.535132407349206307e-01
8.521668394329209306e-01
-1.432258484360026785e+00
-4.340101776939679912e-01
-1.105652050292688315e+00
1.643236874546066817e+00
1.494026090173175225e+00
-2.342726292465719951e-01
-3.184606533254703109e+00
-9.066992034563224889e-01
1.171708518194100934e+00
2.046225315596926997e+00
-1.715918430482197277e+00
-9.106699864702427760e-02
2.844355329734971516e+00
-6.064149158382425853e-02
1.200377357721581939e+00
3.026402051863419373e+00
1.626794911438931290e-01
1.226144786093277261e-01
1.489026259695154231e+00
1.303368215345768411e+00
-1.664752004182969314e+00
1.050447749730858416e+00
1.245580599767988073e+00
7.699171451778741293e-01
-8.114181744530770679e-01
1.444101720533377931e+00
-8.530693365157651087e-01
-1.494902420958224565e-01
1.532632801138807066e+00
6.754967737266448502e-02
-4.162513280781829472e+00
2.143285347417434483e+00
2.627687768407801716e+00
1.660440019310150728e+00
7.951623729014537512e-01
