-1.623704321718211441e+00
3.410480816206122867e-01
-3.594543329168333190e-01
1.774079796151571742e+00
-1.280857155672615821e+00
1.194251951883823493e+00
-1.424035930491178714e+00
-4.077577784459864296e-01
2.752384995321137229e+00
-1.221796604805698516e+00
2.951543629257583623e-01
-1.383919644843119912e+00
-8.886874432477503971e-01
-1.848652723060451031e-02
1.466358538014335133e-01
-2.109514644988431664e-01
-2.576616697431615588e+00
-4.754818498421191642e-01
1.219851002512025495e+00
-2.217155570554650179e+00
2.214072977674995446e+00
2.002946760302447782e+00
-1.847421576933684584e+00
-1.908789729368099541e+00
-1.498144532791764627e+00
-4.367514762805210782e-01
4.292216183254798922e-01
-1.608065457771090667e-01
2.491462770349700540e-01
-1.001205741137158656e+00
1.511045249786814981e+00
3.114513675079139121e-01
2.382563647511529048e+00
4.995703126702618624e-01
-1.221879909780567264e+00
1.059630542615519921e+00
3.010397611554546105e-01
-4.002811148256049112e-01
-5.839184286030313364e-01
4.781672740961973034e-03
2.943538427122625922e+00
2.114121661706926503e+00
-3.347980962186336007e-01
-1.889169055682943021e+00
-1.044608132847403059e+00
2.398894259184587985e-01
-7.039125509624168942e-01
2.780833875220862339e+00
9.094819566941465538e-01
1.761072005353483405e-01
-3.217794245538428410e-01
1.028887277668089517e+00
-7.522967111311549271e-01
1.349085935312720252e+00
3.515824402477403243e-01
-2.785369974082643751e-01
1.943719015889508794e+00
3.826863189323703729e-02
-6.063292021572147528e-01
5.327032317021451746e-01
2.398828568865015498e+00
3.289288590154583858e+00
-1.137560405387318535e-01
1.185482779158232081e+00
4.232941775535364881e-01
1.613642844895008643e+00
1.562272788994597317e+00
1.472801743548592057e+00
-1.357433510459241210e+00
6.751137629011149111e-01
1.237456480321664776e-01
-9.842275251092881261e-01
-4.666724514188779760e-01
1.886727358059726578e+00
-4.904995016437530553e-01
-2.662350348259780120e+00
-1.197208120301879619e+00
-6.390240621656027020e-01
-2.233942124136129248e+00
-1.096740797361339226e+00
1.849217255580905661e+00
-1.775245356641526495e+00
-1.289797504543401141e+00
7.797873520150129245e-01
-1.053116960885051023e+00
5.821696625289909388e-01
3.793272556776296600e+00
4.489548726217365004e-01
8.151249756895173615e-01
1.040164574336391201e+00
-1.400857608436528068e+00
-1.790328665264460106e-01
-1.330532544696350739e+00
-2.092282867725609119e+00
3.377116184903739882e+00
2.914339729657831057e+00
-1.886497628250442204e+00
8.435465330335063516e-01
-6.231586993299068622e-01
5.544606994505768549e-01
-4.484030160796833586e-01
-1.985316866859536677e-01
3.332976592966607754e-03
2.820484653053698665e+00
3.893009620015996930e-01
-1.561660459733485329e+00
-2.471443027607199028e+00
8.858470816058934272e-01
1.915069481697448506e+00
2.444106651712583123e-01
-3.110352227982366990e+00
-2.500456422159964109e+00
1.511224355483277826e+00
-2.120774687439049622e+00
-7.223236510264243737e-01
6.599172724090722753e-01
6.862632426641711580e-01
-3.930919866974827426e-01
-6.012879258177301622e-01
-1.077478441307911927e+00
1.121382234363907271e+00
1.485948155769599488e+00
2.183095527336968988e-01
-2.360946141412215038e+00
-2.671378720028108500e+00
-6.727505968361117139e-01
-8.264300655798137996e-01
-2.384464063018389091e+00
-2.286142910208766477e+00
1.915522005608221390e+00
1.743353004295995490e+00
1.027020595680060433e+00
-6.846445422642619127e-02
8.448580242231984450e-01
-6.346511829557334172e-01
-2.859074236431161431e+00
-1.382379379903937444e+00
-1.204632308639530081e+00
1.163802613265489283e+00
2.416177798396502707e-01
7.748988930992288804e-01
-8.345075984937028180e-01
-5.628421219621717597e-01
1.714596922508250687e+00
9.155933827495996713e-01
-2.034352426059630403e+00
-5.424535392014745439e-01
-2.440338961238699866e+00
-2.537735641670489928e-01
2.233240686300671740e+00
-4.940889388988290998e-01
-6.268370092143269456e-01
-6.841951832272514800e-01
9.432192905462123689e-02
6.860073229630344605e-01
-1.597779016986095924e+00
-6.675759509607304132e-03
8.830562049865046115e-01
2.431151058423275835e+00
2.662927346649620053e-01
8.290329012495055716e-01
-1.475900664501904824e+00
8.614967711779386583e-02
-5.015728973672036739e-01
-1.517578639025772280e-01
3.100399386842782601e-01
-7.810357364108977407e-02
2.208504835387682164e+00
-2.679225661772733691e+00
-3.801670002561174933e+00
-1.303480054261378029e+00
-2.226556775874288352e+00
2.262494247711812623e+00
9.374612069480486864e-01
4.902467858249659471e-01
8.827491966507159393e-01
1.771727403846959703e+00
-6.439436869435208877e-01
-2.882293854889503848e+00
2.080486611295755406e+00
2.446445779250751018e-01
-1.833408832261654187e+00
-1.755002589760343845e+00
-2.246969211278890821e+00
-2.836696425093339080e+00
-3.827128409788355112e-01
1.552533686381629252e+00
5.626951344479080852e-01
9.397429991631971458e-01
-1.591895137736583976e+00
-3.431248505642883750e-01
-2.433983243351409254e+00
5.406278287524225457e-01
2.813378732584266295e+00
2.086092968774317047e+00
-1.549410228806338052e+00
-5.879376728352603276e-01
1.298712983758176565e+00
-6.011558192428898550e-01
1.274647477202941026e+00
4.247727278718412824e-01
1.204770136545972870e+00
-2.091223016049851502e+00
-2.001099108423138873e+00
-7.496874504548372009e-01
8.078350671191589782e-01
1.211444210766705387e+00
-1.979874750051249244e+00
2.525009149880037995e+00
-3.317210918302089251e-01
-2.742629294016879271e+00
3.582075274499250672e-01
1.733316202799839223e+00
2.485192782248645260e-01
2.056919780370066064e+00
1.102202101774883314e+00
-3.202997906955262764e-02
1.006197809233644547e+00
1.149538658874273755e+00
-8.745492768806087946e-01
-6.120937738178879872e-01
2.370657609891302808e+00
2.663847980873391696e-01
1.308800886141493480e-01
-5.847298695966297588e-01
-5.273135345248276540e-01
-8.362693426953090592e-01
1.729322812568587331e+00
2.203837850153369526e+00
1.272818494197186512e+00
-1.490668249509765619e-01
-4.171023276796568702e+00
1.798563159178676818e+00
1.459683637853971483e+00
-2.964515723880678522e-02
-1.958316319352757739e+00
-1.314243471315504230e+00
2.706619987511678538e+00
1.409352319695546196e+00
3.764072758338643965e+00
-1.732629474942795733e+00
-9.412029853851261452e-01
1.024268803766807068e+00
2.909011210370346490e+00
8.744804671477603986e-01
-1.513097100489463109e+00
-2.218575274693975530e+00
4.037161438174765582e-01
1.989800714830071815e+00
-2.594645954866596771e+00
-2.794962309617435636e+00
-7.379766862447583176e-01
7.575996428594762300e-01
-8.766527129649652750e-01
1.012067497089379042e+00
-2.511673796682575954e+00
2.611474061998263707e+00
1.302430688045295160e+00
1.320310127382515297e+00
8.059285127898199175e-01
3.362254755614653146e-01
-5.743987489446710226e-01
1.722043369075531238e+00
3.730380781810056501e-01
3.797294228965442109e-02
