-2.471480772372165013e+00
1.239662079490004842e-01
-1.640576335186147761e+00
-8.657442730032458567e-01
-5.615365396273523935e-01
-1.574920997828193614e-01
-2.762683170856770065e-01
-1.455866753073689956e+00
1.485670401718230949e+00
6.666539593867468749e-01
-4.783885962352830035e+00
-9.150723199538628450e-01
2.061940607337568121e+00
-8.351622006786303398e-01
-5.224007545941233843e-01
-2.046565392174187537e+00
1.438510804324912407e+00
-1.838661061879649505e-01
-5.985907122342206677e-01
2.139048444357296574e-01
1.175718508732553458e+00
8.779908412563914855e-01
-7.413386051949348854e-01
-2.174067532961532212e-01
6.798978532089414717e-01
-4.152096740090645000e+00
-2.034193799870418484e-01
-5.146753322919455087e-01
8.460288269306246445e-01
4.430360804077930759e-01
-1.645854791846815601e+00
-8.430127062867383003e-01
-7.050542179799184073e-01
4.614354875232762332e-01
-9.462652459712230790e-01
-7.358517125963213168e-01
8.308411174841328073e-01
6.150625113015544265e-01
8.836338985142744296e-01
-1.292525030685230947e-01
3.736375566963023864e-02
5.143520010763451555e-01
1.078516213034707905e+00
9.762942713447484433e-01
4.161615089699635117e-01
-4.408405993998272265e-01
2.019903599330003630e+00
1.112416318172900764e-01
-9.762426332802991435e-01
1.403058605545413950e+00
-9.654676691208295969e-01
-4.596306972110939526e-01
-9.327158118254277319e-01
6.676211270555501009e-01
4.321652701327427515e-01
2.677289357130627767e-01
-1.198353575550643590e-01
-6.282046940867676010e-01
-5.839603747388684152e-01
5.571602317098078849e-02
4.449542035969711318e-01
3.064488515958703196e-01
-8.973103793098085035e-01
-1.543438331858382195e-01
2.578928560462133923e+00
4.219613900498115910e-01
-5.845206275579828414e-02
-4.269751117656086503e-01
3.996089303652288205e-01
1.782415250126470063e-01
-1.680771041289086387e-01
-1.579877223590946400e-01
3.254501062673829104e-01
-8.590437514858728640e-02
-2.338313577912261021e-01
1.449283428117759120e+00
-1.145920529901292007e-01
6.736348233974867039e-01
-2.133773320655838468e+00
-2.265138883321248020e+00
4.054218047091080468e-01
-3.549429382332451866e-01
7.474092615906087200e-01
8.625876119191806524e-01
-1.903915040947814497e-01
-5.996024880986454697e-01
7.898136355816203213e-01
6.526372571249310361e-01
-9.637159107572315087e-01
7.685215108313363519e-01
-3.382263705199026749e-01
7.701373377396734110e-01
-9.882097708900312583e-01
8.683232062512075133e-02
-8.122033319666290829e-01
6.319843316312434567e-02
-8.255173079388686830e-01
-1.144930829654499327e+00
5.472929116650819825e-01
8.602351669664498601e-03
-2.984026595104314339e-01
3.540513547548400641e-01
6.265871618980443092e-01
-5.729931382346862279e-01
1.834837245200637845e-02
-5.146302062762089236e-01
-9.750444427797155811e-02
5.644743757560830577e-01
5.238285906818498372e-01
-6.874719689504775744e-01
-9.274900148410711864e-01
6.984081445308327751e-01
-1.349804376187202504e-01
-6.473710467315858530e-01
2.374585069735482001e-01
-7.135537273368246503e-01
5.578998905346204129e-01
5.120782341768944645e-01
-1.095057607975759240e+00
4.078667955884096585e-01
6.110251411054132831e-01
8.353595461327347760e-01
7.147821662071756066e-01
-4.726554611318802834e-01
6.881090114757222320e-01
3.573801148685982199e-01
9.617385311513384494e-01
-6.870583694972189903e-01
-4.748500063540950222e-02
7.421426521302392221e-01
-2.126963460479258661e-01
-9.604937830066484494e-01
-1.186115390199980135e+00
-1.217369762113089893e+00
-5.504597411849065924e-02
5.999303807388369769e-01
7.519794299250871783e-02
9.920878943289827001e-01
-8.579617404191228758e-01
-4.053791356629553810e+00
-5.268778148911480441e-01
-2.221532621430815091e-01
2.201939475875553054e+00
6.399767328076575446e-01
3.226930895425713097e-01
-1.715978325011857653e-01
8.532937662951218805e-01
5.274120830690351980e-01
3.096084989150149624e-01
-7.008362368219254179e-01
-6.918827207996941508e-02
-6.984421901416397738e-01
-1.682747559400303849e-01
4.930528687579955882e-01
-5.288500484668940960e-01
3.394010782967175732e+00
9.171464546159400211e-01
-4.086654791812958099e-01
-4.867742044195875195e-01
-3.342617753640678480e+00
1.075533320485160038e+00
9.160681974128803695e-02
2.696650815010562252e-01
-5.187385377572935052e-01
-8.812924056241178139e-01
5.323758876719331123e-01
-1.346287929306204223e+00
8.230083664395211329e-01
-8.987701393129114980e-01
-8.355515256264887114e-01
2.167059865382343076e-01
-2.335407423158766260e-01
-4.255743531928379841e-01
7.647691866711308073e-01
5.002510625523128862e-01
-3.369978380954956609e-01
3.795049614400642923e-01
-4.635958836141755857e-01
9.029949031209942856e-01
3.029278488306914596e-01
2.549148937607433885e-01
-5.469053162145001146e-01
-1.826342917085938433e+00
4.532970644471805421e-01
3.059698890229329837e-01
7.673800578163862962e-01
-7.323482029921444258e-01
-6.161987996772779752e-01
9.315145948621301741e-01
-3.008322493250392693e-01
7.244347042520278279e-01
-7.372529618464744861e-01
-1.699286805699636305e-01
-2.196195272699114298e+00
9.545966268130019472e-01
1.739539859752043283e+00
7.840612136050990610e-01
-9.150485936769205964e-01
-8.983035140272568331e-01
-6.063207792786018402e-03
5.561548211589051327e-01
-2.537282678549708237e-01
-1.719654761728305892e-01
-3.997459095403592677e-01
-8.793351706858858474e-01
3.757787613501104573e-01
-7.319790843008147085e-01
2.712379801875905994e-01
1.691435205360889205e+00
9.086655883979798398e-01
6.323071080701729851e-01
8.266483304533684962e-01
5.063976175526265777e-01
-1.946661224549499636e-01
8.025199502241469052e-01
-7.179541891383935948e-01
1.303057624710506346e+00
-3.314357060167063551e-01
-2.493283733464937146e-01
8.617118943312319645e-01
-4.934593124542652198e-01
2.486068543003303877e-01
-4.523007122586228945e-01
3.960524396165232552e-02
5.569562264707741406e-01
9.838838291878500009e-01
7.900334212803472589e-02
1.424296064767436309e-01
6.030542252845494389e-03
8.948396508285805240e-02
-7.131987668164383454e-01
-6.825951082819958771e-01
1.688778478030521946e+00
-1.459779368022038337e-01
-2.938324596482542184e+00
-2.222225708575880532e+00
7.012448124762893364e-01
9.171622935622241179e-01
9.661122678221305549e-01
8.666346358873662226e-01
1.760747832813869485e+00
-1.163606015093738622e+00
4.623763728732366296e-02
-4.888995786859180459e-01
7.843277265900741035e-01
-1.753857006939498309e+00
-8.275437573130333124e-01
7.718984882428285843e-01
7.122938201787898382e-01
-9.567195477879668619e-01
-3.540835538696512685e+00
6.110092434424938546e-01
2.861123861633805276e-01
4.218721546234749376e-01
2.588544785972057394e+00
1.263699859340452480e+00
1.301612677096529058e+00
3.747100889478205410e-02
-1.659968363257626756e-01
-8.129409010419494930e-01
2.501678353535537802e+00
-1.696653074516019100e-01
2.270534842409350773e-01
-6.246995837267044216e-02
-7.599054861870429001e-01
