-1.133479059216420781e+00
6.192476487881268810e-01
3.766296836726486519e-01
9.871044366039231077e-01
-3.201567233883030328e-01
1.020233773735904848e+00
5.495320861276232760e-01
1.147642780447639010e+00
-3.825137702697137265e-01
5.516893878003659157e-01
4.716369120440797591e-01
-2.194701216936153776e-01
-9.063992832131680111e-02
-2.449616013483133958e+00
-2.547732322223034696e-01
2.373472216137181290e-01
1.099936831473157683e+00
1.673947990696463828e-01
-6.351927982215666013e-01
-1.741232031687536930e+00
4.895970986598360830e-02
-5.620035286437510269e-01
-1.621994998974512381e+00
-7.478351631850665981e-01
1.025730123865741916e+00
1.636001357849437010e+00
-1.795236871393595335e+00
-5.394683681274130560e-01
6.322485211691746265e-01
6.211477430266049149e-01
-7.034949343706566882e-01
-1.045944778363249839e+00
-6.890620836543204231e-01
-1.017355700369407145e+00
1.462884017609842102e+00
5.101147809068079519e-01
-2.749983130386302044e-01
-6.366681713684103627e-01
1.083029002228331317e+00
-5.550639031197964757e-01
1.284239152161621877e+00
-1.725268168488473419e+00
1.170804829342008802e+00
-1.226341483933564902e+00
-1.220703893077865976e+00
-2.622860537502521572e-01
2.464884758965067757e+00
-1.298213059451286844e+00
1.501699281047246037e+00
-1.639390939698386063e-01
-4.300388332832854044e-01
-2.609352625898564426e-01
1.378785029816765428e+00
5.107236768453999876e-01
-3.934626962436620357e-01
-1.836085904929160295e-01
6.492873370317423509e-01
-1.272966249666020733e-01
2.314130595347072272e-01
8.580143259075402318e-01
-1.666787341825356483e+00
-7.437018080195008096e-01
6.272696190584078901e-02
5.829739087692761279e-01
-1.228307941662479807e+00
-7.097393379048551054e-01
-2.766545601833509879e-02
-5.569001828467089465e-01
1.565919424325381837e-01
-8.917788335282795797e-01
1.328303493442583305e-01
-8.039763626353134685e-01
-6.908455415284991963e-01
4.447847738491041425e-01
-1.835809426541620493e+00
4.957877310271985305e-01
2.294501177304323902e-01
-5.890012880897069758e-01
-5.193165563089956471e-01
7.968315634664790981e-01
9.725709759809451904e-02
-1.121817763237271892e+00
3.102071435577735126e-01
1.636801183270115478e+00
8.485135173064536213e-03
-5.465510717062329604e-01
-7.368157995485126177e-01
-1.996849665920700456e+00
1.710449447053287830e+00
1.308250155325515696e+00
9.985884011262466942e-01
5.624989790983322413e-01
-2.017713521056487824e+00
1.390300307387653048e-02
5.773490441896875769e-01
-1.059251372965115845e+00
1.014262683035616897e-01
-1.009397231018285268e+00
1.486672168473606448e-01
-2.807408350307226130e-01
2.121961949528425040e-01
-7.496283063459505680e-01
-4.626099525590280370e-01
4.387006931985424907e-01
-3.291951356853573540e-01
-6.937492333148701507e-01
-1.198445160813776389e-01
-1.367238255592890139e+00
3.857943881270600173e-01
-1.797143468549182443e-01
-4.103504509906066855e-01
6.917622433170507179e-01
-5.347008833803086336e-01
5.335238454076299819e-01
-2.542192253604493857e-01
-1.021918808844543974e-01
-7.167977140536831993e-01
1.465009844810040818e+00
1.289791055657906194e+00
-6.646258807617924647e-02
-8.671766854315171580e-02
-9.578875975264394826e-02
9.113973815955785929e-01
-2.661373377492058934e-01
1.234471060258448105e+00
2.741311177804679478e-01
-4.121373390564070371e-01
6.618037122279317730e-01
3.468802625116378380e-01
2.047968075079568795e+00
2.043588307904310453e-01
-4.940032673305482791e-01
2.412539078431891859e+00
4.312534990450970773e-01
2.436495706909097780e+00
1.296259043752587603e+00
5.407206000108640831e-01
-4.445859181667384252e-01
-1.501790682999593340e-01
1.031997339219290488e+00
-7.803697417524428914e-01
2.098287509482633428e+00
-3.090119762725495600e-01
-7.591011718705829026e-01
1.658445788726606196e+00
1.370226518770540081e-01
-3.142600239211521540e-01
1.088191476916983369e+00
-4.380432711042793748e-01
-5.314093483553086195e-01
-1.915085996462389195e+00
1.195195559476134761e+00
-1.125464035670015406e+00
-1.417197664319876926e+00
-1.909165050053255874e-01
8.283226693186958034e-01
6.190407716173906838e-01
-5.945678701744138150e-01
1.069643404346077409e+00
-2.133548607928996976e-01
1.623796331384891767e+00
-1.516464149887711832e+00
-2.557074550079317277e+00
7.987238816321911017e-01
1.982541174453347654e+00
-3.688807846682979896e-01
9.536546491415240911e-01
2.058255821708997679e+00
1.052699229504709955e+00
6.334506278164757642e-01
-1.053604974469385391e+00
-4.070468432005019399e-01
-2.771834165865239563e-01
9.191403355753964277e-01
1.180780138818979585e+00
-1.465852689275936038e+00
-4.050378835053558557e-01
1.841339995478985803e-01
-3.711390302447118650e+00
1.430503843350066751e+00
8.278664151992275455e-01
-4.184830164772487260e-01
4.625441009095876965e-01
-6.501576718538378818e-01
-1.346913371001802417e+00
9.605714605293826924e-01
-4.358745702667061739e-01
-7.877649830225003091e-01
2.206480620539356119e-01
1.489861156878973247e+00
9.138165745425740338e-01
1.276956178485781808e-02
2.049698197921128173e+00
2.728797566212305403e-01
7.670288852154277803e-01
-7.929610851951175432e-01
-6.968996097559885250e-01
1.258343672740346308e+00
5.484922642480078991e-01
3.782295594734834676e-01
-7.303328940050349827e-01
1.356464031686259952e+00
8.241469636127202181e-01
3.828804819878766641e-01
1.026496244400989105e-01
-1.401251317583220413e+00
3.089415502334169616e-01
-5.864793686967029185e-01
-1.089844362513237241e+00
-1.805800137965181351e+00
-8.178181051925722533e-01
-1.526191855560962818e+00
-2.027127537889546360e+00
2.098911568310184508e-02
5.409038716338997466e-01
-5.858767325349408805e-01
5.469931340857157875e-02
-9.923648684993410241e-01
-1.551599767254971285e+00
-2.686931142346871693e-01
-1.395659069199877977e-01
1.422969240110862232e+00
1.052673088842723537e-01
-8.829238244708030869e-01
1.373911825299227507e+00
8.031506194775356322e-01
-7.627837022626983154e-01
7.868590507787756039e-01
-1.440105590226698817e+00
6.457764577298079622e-01
-7.447704068649473319e-01
-2.259508903679392056e+00
-1.458258929645964264e+00
7.134474139435083018e-01
-1.757629790377160661e-01
-9.824501228136914843e-01
5.188408695315352981e-01
-6.853166716502480105e-01
-9.117742970517188628e-01
1.673530243069425993e-01
-4.089500438879784538e-01
3.966568384211494047e-01
5.678672713630636970e-01
-1.387448162451436540e+00
-1.926310411196692884e+00
5.109889856780510664e-01
5.648658787416462879e-01
1.181515723248840688e+00
1.371326154648884292e-02
7.547044729583352041e-02
-6.977712652667721338e-01
-3.829671549281458143e-01
-1.087968558133157043e-01
1.595062641551627525e-01
-2.809224426484921780e-02
-8.556734451883374337e-01
1.188998998551167724e-01
-9.127638733042746366e-02
7.307233409149967995e-01
-2.107901465669083763e+00
8.034437856681748702e-01
6.665846309603976616e-01
5.148547726626026000e-01
9.803839808115277776e-02
-3.639661889636554570e-01
1.197740488512053947e+00
1.789096474043395668e+00
1.187730898307356453e+00
-1.330362683977235894e-01
-4.047469542332633452e-01
-8.722289309415598435e-01
8.437109067405911267e-01
-1.434138300337187255e+00
-1.841388682111637420e+00
5.088533093196119239e-01
-2.841485863009583501e-01
-7.308786490001728531e-01
-8.421420469455185298e-01
1.151570042117850745e+00
-1.159926151930866095e-01
-6.033564830938963341e-01
1.950231837756740416e-01
7.676684752317899374e-01
1.996689583249301680e+00
-1.930390112068029129e+00
5.092274912985457203e-01
-1.142801224429784851e-01
-9.834749747444212487e-01
-3.942095127565782287e-01
1.682429914400748849e+00
-4.218132937731924326e-01
1.387383443706811104e+00
-2.491739559192758802e-01
1.049508046304122422e+00
-9.748447423912747212e-01
-2.558479265519627344e+00
7.057037967340058504e-01
-7.201887283086836344e-01
-4.484483845546632375e-01
1.316280851705430077e+00
-2.475578160685256268e+00
-3.102056966522780401e-01
-1.919026859868449009e+00
-4.020878448205962852e-01
1.587161966939828694e+00
-8.421515460467817737e-01
-5.771514916451659927e-01
1.263997805454448731e+00
-1.896601387172138775e+00
1.376644313610775772e+00
4.453356428185471505e-01
1.215531406248469004e+00
-1.032618020784531687e+00
-6.303322965397935018e-01
-5.058703191661797494e-01
8.750901559853467848e-01
-4.065609956447223672e-01
2.447144978276720728e-01
2.299844906354494289e-01
8.552689684213299337e-01
-1.370370518885596134e+00
-1.629370568841792544e+00
-3.597421929938919849e-01
-9.972380129647492319e-01
6.298075599493075938e-01
-4.545967033241583577e-01
-3.716287404247050064e-01
1.036579920598850402e+00
-6.000094989734447992e-01
-3.105139280277694480e-01
-1.463945404841341114e-01
9.690399115484499282e-01
-2.066006749997250369e-01
-4.524760312801472950e-01
1.017709356939689336e+00
-1.364657987591820998e+00
-4.308039699214422091e-01
-4.864756879868778472e-01
-1.081080326560048821e+00
2.867990404680826819e-02
5.547038969917293949e-01
6.530569469982187014e-01
-8.169573494591263474e-01
-2.583188430412351466e-01
-1.705769563360478580e+00
-7.798134599660357935e-01
-1.123750808600277040e-01
-6.339646699566962029e-01
-1.783753069659737289e-01
-2.646081136684242385e-01
-1.238778805579264231e-01
1.531438681710774741e-01
4.031737965352689135e-01
2.282375001409748805e+00
-1.060883517327368741e+00
-2.718447529449604660e-01
1.106399010560906948e+00
-1.469835322938459976e+00
-2.340513001613865884e-01
7.151915100655419355e-01
3.112623977288248717e-02
1.593493004295435944e-01
-2.942487878495894660e-01
1.694878865860570460e+00
5.045610649849291418e-02
-9.539015041626193181e-01
1.036782076066335323e+00
-8.160732910982450017e-01
1.128808626895417389e+00
4.587896185553443917e-01
-6.676986360138940091e-01
3.564798427616535093e-01
1.249793374473132435e+00
-9.371360550819352042e-01
-1.930686946565180806e+00
-1.819684817618241190e-01
-7.291718923185165346e-01
2.521729779220247547e-01
2.614994188129033059e+00
-1.100293968000631839e+00
6.430012328691713241e-01
1.014662028658732007e+00
2.297679190409015471e-01
-1.950139774064772347e+00
7.366594512139117423e-01
-2.033383930615600743e+00
-4.059825500886000138e-01
7.018580867655710431e-01
4.041550287848039852e-02
1.574348114637283746e+00
-2.469926604946591109e+00
6.600922015800848586e-01
1.377876950768250675e+00
8.698978420784564403e-01
1.025528324426777833e-02
5.936912373915002039e-01
-6.013289002368470415e-01
1.646537890180348684e+00
-5.365163545091090613e-01
1.647386845383894127e-01
1.850423394198624116e+00
1.263620737502872737e+00
2.591724015599914388e-01
1.742568960845164439e+00
1.308174607662890565e-01
6.352882490300382212e-01
-3.225598322710596794e-02
4.296763953637529054e-01
-1.625479606131347010e+00
7.236368608771419630e-01
-9.382817740913098614e-01
2.356498533499646886e+00
-2.625513348753433451e+00
-2.094735976819618040e-01
-6.691010781496099513e-01
-2.099590807175602425e+00
4.432576034389348885e-01
9.170354255578884173e-01
-4.873984106520879989e-01
2.992363642716194261e-01
2.783897168303212100e-01
5.767465314686149869e-01
6.182025576636233088e-01
4.032914683824797009e-01
-6.502369560939772475e-01
-9.819803416079936342e-01
8.393851322611932675e-01
8.434864007256668295e-01
-7.395554062125594408e-01
9.396207463409113059e-01
7.783854527809910273e-01
-1.009899034407866214e+00
8.011833478356183980e-02
2.841460465471249974e-01
2.480928787387205181e-01
-8.648336626083377165e-01
8.151741416707204424e-01
3.945046463513613433e-01
-1.284013768716440351e+00
7.453486733259667707e-02
-8.919259617181662936e-01
3.743748472431628893e-01
1.014043413403020066e+00
4.877830854585069043e-01
-9.051386459061139256e-01
-4.299332918566913242e-01
-2.405745799501827001e-02
-1.098796142480788829e+00
-1.826266537671163093e+00
-1.750442967406637518e+00
-1.196081137981862330e+00
-1.153942983845303250e+00
-6.647663825495602197e-01
-1.461076436057326289e+00
1.453383279439890208e+00
-1.359618693639652154e+00
-7.004708623423714364e-01
-6.273359603091528403e-01
2.899629606722767816e-01
9.880125386731786197e-01
-1.850736761348598991e+00
-1.579000027113120375e+00
1.641177619100143148e-01
-2.061730858543418421e+00
-1.312253741145899211e+00
2.366350961965050903e+00
5.895021071856263450e-01
1.708452499377749456e-01
2.871999316346811604e-01
3.165854154017671007e-01
1.514811010960860571e+00
-9.012922134311130984e-01
1.887689153315118995e+00
-1.327539247362498509e+00
1.076153033216797894e+00
1.137921027468922874e+00
1.594688799917316269e+00
-2.003373546698043572e+00
1.131220682676826961e+00
-2.345718915161896789e-01
3.450844501194935687e-01
-6.518077266822718263e-01
2.198369400893896153e-01
7.809607766698490883e-01
-6.224184688171332386e-02
1.075883217970804440e+00
-1.611458982375405524e+00
1.106482061164577813e+00
-1.251741561312929907e+00
3.029447622895590775e-01
8.311855539867951670e-01
-7.117948495513019003e-01
5.149013407290539135e-01
-1.312148051429289586e+00
-1.007709452083199064e+00
-1.262335646815925916e+00
-7.355593636123188839e-01
1.053681314060746638e-01
4.546057686608140358e-01
-9.511229793789205411e-01
-1.366648903863603826e+00
-9.814029472005039723e-02
2.267200419637079856e-01
1.255013991974729959e-01
-4.935697031030663595e-01
5.008812610754347361e-01
1.649060729165010564e+00
1.772998840256980291e+00
-7.119893769245157211e-02
-5.384619344656875750e-01
1.955851517684636942e-01
-4.718581396498399694e-01
-2.720111219856174989e-01
5.859929078010515102e-01
-9.308966789285751942e-01
-6.409158855965748636e-01
3.712879343617160322e-01
-3.284209988694592464e-01
2.185818317701216165e-02
-7.312228735253412104e-01
-1.026878849536416283e+00
4.259312415401033669e-01
-6.942864265920738465e-01
1.259397210704731096e+00
1.603564055312063086e-01
-4.505168031253833916e-01
-1.261342418043543745e+00
-1.185443984764749326e+00
2.203795273718637038e+00
-6.216083453105053502e-01
-4.957300797687989036e-01
3.773423335475485363e-01
2.696761995563330405e-01
-5.827323904103288710e-01
-5.844460877602845050e-01
6.276721622070303708e-01
-1.546744423511531075e+00
-4.615162931175308958e-01
1.443943715337028533e-01
3.832860102540182612e-01
5.719333438030929639e-02
-7.394338770495564872e-02
-9.170346423483084763e-02
1.326367626702760205e+00
-1.825208539778448324e+00
1.348736916984745404e+00
5.034173082449904246e-01
6.826771339227801771e-01
1.474514457237372289e+00
-4.308769599218095769e-01
9.948076277201550743e-01
2.318051064280991502e-01
1.001426885726579563e+00
2.558696775154622322e-02
-2.301876132844291156e+00
-1.196112846131154595e-01
8.573702877505141873e-02
-1.108047236393911561e+00
-1.013431747405903360e+00
1.446258693579477173e-01
1.447857018151298830e-02
6.811148321177662446e-01
-1.141957409688135749e+00
5.189289187209062959e-01
-1.935434094961450580e+00
3.677959814157690799e-01
-3.102372948796719432e-01
2.281965475867235416e+00
-2.105151790632611597e+00
-1.624164835852505151e+00
1.830292324984112540e+00
2.269942240484449925e-01
1.160038551314103827e+00
-1.126027021688249530e-01
-1.173861611389444004e+00
-1.302641085437108881e+00
-1.341781922240521174e+00
-5.835760191396405228e-01
1.113013094279453385e+00
-2.620803868111955953e-02
-1.088677915296986765e+00
-1.154611001128843517e+00
-6.568587287554056298e-01
-1.332220341655325546e+00
6.031179853116810929e-02
-9.677731670426471533e-01
-7.060703665635191528e-02
2.299179726926081635e+00
8.733945583168640781e-01
-3.903043245134467099e-01
1.145280650615408513e+00
9.060749088992727795e-01
-5.024632260097975367e-01
3.792455357034365537e-01
3.053011134640926993e+00
-8.858748779271554685e-01
5.641079486364666273e-01
1.727972085822174542e+00
-1.888230658331131684e+00
