-2.169082836936738534e+00
-1.784405530143213792e-01
-2.445783464298747933e+00
-1.802290203353835274e+00
-2.573391337014135916e-01
2.122622089828027470e+00
-1.599118141127425230e-01
-2.730428059977241695e+00
8.978821525267602910e-01
2.892177601071588278e+00
1.295224176229077484e+00
-3.488763146054121855e-01
2.698935628055544989e+00
9.816015535286162219e-01
-1.866537889507779990e+00
-9.575353094207086357e-01
-1.634359330734752369e+00
1.416950649631893988e+00
-9.602998616128027853e-01
-1.007345669127160281e+00
2.040125538652910908e+00
-7.027920526891033859e-01
-1.126207655260441198e+00
4.614595332124410421e-01
2.545734479498107383e-02
2.794531521872126056e+00
-5.293475024452840572e-01
2.114621131068465942e-01
1.376879516072948340e+00
3.218130544135522353e-01
-4.828995848058274531e-01
-3.227613002322097913e+00
1.340284589095133150e+00
1.748920838209845119e+00
4.316280618806982994e-01
2.136481147064123398e+00
-6.703205910364906650e-01
-7.305440329796936139e-01
4.289220954041210732e-01
1.389571626199965770e+00
1.658828731597606021e+00
9.374253618570301816e-01
1.209370416459082387e+00
1.102425850423965459e+00
-1.955520373869076511e+00
-5.384540456077183679e-01
1.172408526733037526e+00
-1.874617992878822581e-01
3.315566760073522801e+00
-2.553080683954864760e+00
-5.234104646895748614e-02
5.439313782333625724e-01
-4.008334463659622010e-02
4.268355801797182880e-01
-3.083172817214794303e+00
6.096338624798303130e-03
2.603904689785536242e+00
-1.831281272181868758e+00
4.767102633616421836e-01
-2.224930037120599113e+00
-2.181254555114273241e+00
4.596908801042202120e-01
7.804302924451094192e-01
1.528826034024421077e+00
-1.124286092231511214e+00
-1.786328024571524953e+00
3.039032062907018883e+00
-1.593985842354908034e-01
-4.510924172183694569e-01
-4.644068443845157379e-01
8.883528569841417921e-01
-5.018432874891335382e-01
1.422299013567431825e+00
4.817448234490953052e-01
-1.973465721965351749e+00
-7.269053022004726694e-01
-1.250217742122412101e+00
1.747092352509247437e-01
1.461193285793175090e+00
-3.191145948204195948e-01
3.901889253049888873e-01
1.476103303829106483e+00
-1.098598860792051379e+00
1.222366474286759264e+00
8.020061569107528321e-01
-2.384867463807243126e-01
-1.795987991294505814e+00
-6.055953469320997096e-01
-1.285322251850795627e-02
-1.237121869173786193e+00
2.696982953308329822e+00
-1.385113125410331048e+00
-2.089850440246801888e+00
1.473661903185833344e+00
3.048498281422656886e-01
-8.160989960508774343e-01
9.687477254754583988e-01
-1.649525438437419722e-01
2.198957661113729589e+00
8.067228450190371269e-01
-5.871900479718791255e-01
6.289680630634824077e-01
-2.454614395849492148e+00
1.996897517961568669e+00
-3.840254592815253720e-01
-2.213079746117317725e+00
3.396200898100749099e-01
2.950118221309378619e+00
3.562250697603082661e-01
1.623081080860297176e-01
6.575471572988853541e-01
3.921546610150311807e+00
9.996180392681537630e-02
-9.061604414006747543e-01
5.741442110859706904e-01
-1.648179922069882064e+00
-1.992817137620329415e+00
2.783832144763685457e-01
-4.725700814435064845e-01
-4.486768914510037565e-01
-3.024289770803816335e+00
8.622077153377005754e-01
2.323189431886993006e+00
-1.212916069070521186e+00
-3.018982525007653184e+00
5.455578981979045672e-01
7.762398707412613286e-01
-1.895329499301429133e+00
-7.087840830882627952e-01
-1.191615658938460331e+00
-2.534822694183373137e+00
-9.955430326777141570e-01
-7.237745815918894543e-01
2.500061154677510444e+00
2.602895158273821896e-01
8.301202301848894516e-01
-4.785760860059961597e-01
-1.022317867616270970e+00
1.854359895037250183e+00
1.451676877480246430e+00
-1.274818964273952693e+00
4.943528621061554773e-01
-5.050772075104078551e-01
1.508594210449477169e+00
-1.092893840090979896e-01
-5.404869055923307020e-01
2.434919008175942423e+00
1.836044109108573852e-01
-1.262016556986979676e+00
-2.523216572615821995e+00
6.348828801736643157e-02
3.769712965584080422e+00
9.921050755920075570e-01
-1.179745953527496644e-01
-8.631155896388557069e-01
2.369207262434875005e+00
5.555366310808158570e-01
1.770545342608267125e+00
1.256747372852002664e+00
8.006956963806707295e-01
-1.987481616866908940e+00
2.738948791578482478e+00
-9.515946952838827411e-01
-4.824592994971385607e-01
-3.959077501417731515e-01
4.747391892803973779e-01
2.423546175394470481e+00
2.368364985233937681e+00
-6.137448830285708867e-01
-1.789957918193335606e-01
-1.278227277678460894e+00
-3.722633059902216157e+00
3.018620825179547662e+00
-4.253101492024974561e+00
1.372750290701581166e+00
1.648408231527519197e-01
-5.810395680074215141e-01
-9.138097248760961300e-01
7.755858425851778204e-01
1.946181775560556604e+00
2.242469354755219690e+00
-2.922072598606850313e+00
-5.366322479207213947e-01
-4.591730303563090754e-01
1.857821417774424333e+00
-1.032442252930894644e-01
-7.798605527792901171e-02
-2.493162454103634129e+00
1.920354969062384454e-01
-8.922203005447385538e-01
-1.156887094601956267e+00
-1.512041828191061921e-01
8.879294081912629810e-01
-1.746169937041400999e+00
8.656364615819819308e-01
3.942297625946686868e-01
1.277753679110497309e+00
1.565763341362144789e+00
7.804071542045667442e-01
-3.314286276866934777e+00
-1.876413079349539048e+00
3.319483645091274027e-01
-5.555858462283307375e+00
-4.171152637445292299e+00
1.605133360337867021e-01
1.016138233995419249e+00
2.031376706507421748e-01
1.090015985870965265e+00
3.863589856732017047e-01
1.204804900386844402e+00
-7.334506042371472523e-01
-2.535126072689983356e+00
-2.973910526545169297e+00
-8.715629882929391836e-02
-2.762133568278602347e+00
-1.912377169549683842e-02
6.170396705241331103e-01
7.125903275336341602e-01
-1.410051899972423861e+00
7.285574680009725412e-01
1.612113904450889201e+00
3.238815582896270584e-02
-2.086969724708020557e+00
1.286370349774301758e+00
-9.695025919002577819e-01
-3.205023046341882065e+00
2.233312798341858807e-01
3.795519552641277161e-01
-1.481478497549208129e+00
-7.800499599000177975e-01
-6.018994386122553664e-01
-6.138341342010552593e-01
2.577378550835546012e+00
8.438252790275542203e-01
4.041262887426700368e-01
2.228711110044195642e+00
9.436486784801135785e-01
2.508357291324931904e-01
8.307786858980203970e-03
2.859298436076604943e+00
-2.321846670346230379e+00
-3.918165136575315177e+00
-6.662731640212227191e-01
5.250460007546701169e-01
6.171526435999854510e-01
2.864110639277729575e+00
-1.884528656475261021e+00
-9.080521847982019334e-01
-3.926481346271797346e-01
-1.792005137818510230e+00
-1.592489840985214511e-01
-7.119226787105201737e-01
-1.231497837334915246e+00
1.718795139408501926e+00
4.526137561382729824e-01
8.950098704561124663e-01
3.646128049410680694e-01
-4.673339657086961751e-01
4.929849136552819089e-01
9.459491730262307163e-01
-7.312251666558799990e-01
-1.136361781313267816e+00
4.132764948254130655e-01
1.468278871334589786e+00
-4.544155537343418927e-01
1.044763930548302300e+00
3.893231669157561359e-01
1.289911139154231057e+00
1.685539549236558132e+00
-3.827640538413027427e-01
3.538705163547634314e+00
1.073253664397924911e+00
1.457574546528624948e+00
2.272576649744380006e+00
-8.899919600874952597e-01
6.104668030711498661e-01
4.014978455647197908e-01
-1.069498872311744009e+00
-1.504270126947452324e-01
-2.438638734974359901e-01
1.138895637497560287e+00
-3.573488008545868122e-01
2.113678577526444169e+00
-1.004971417805373690e+00
-6.221427119105908954e-01
-6.205607975812794663e-01
7.274730033314251720e-01
-4.968806919879583117e-01
-1.469165774225412946e+00
-7.070716762467141869e-01
1.797156566191849159e+00
1.978441601633011082e+00
-1.957677284026496878e+00
2.080209351892774450e-01
-5.715820627536198906e-01
-2.768267247136462217e+00
-9.653041877326997700e-01
1.324841601172516814e+00
-2.305771000917073543e+00
1.373953026069340666e+00
-1.038532344177914180e+00
1.726468182762500136e+00
1.609544656713453037e+00
1.500158314431166318e+00
2.545414250397452172e+00
1.309543574555795287e+00
1.548662153734554625e-01
1.240980241370367221e+00
-1.078613619173419469e+00
-3.082674453755931965e-01
-1.645464388114886933e+00
3.156979184153950513e+00
4.255621302225058300e-01
-2.133764580421877888e+00
-7.485488742368071602e-01
2.060796515309359478e+00
-9.214272787023564115e-01
7.004818352507289347e-01
1.094055579875337525e+00
-3.108037485109949594e-01
-9.068646123534180870e-01
-2.182914362085554005e-01
-2.520432123758196141e-01
4.466766667052038953e-01
-5.825529879756616847e-01
5.627190933374738302e-01
1.337503598429222285e+00
-8.420772855165208348e-01
-1.813801123202581023e+00
1.988434908315541039e+00
-6.219727040846225741e-01
-6.652623406418788354e-01
-3.525213766002072702e-01
2.497019883061635692e+00
-1.214373218517165842e+00
4.281841969177822005e-01
-3.374034991882972068e-01
-1.424478902899206867e+00
-2.052571793396671396e-01
1.854504777056074916e-01
-5.954333500442474669e-01
2.693449544124824069e+00
3.123944468113405426e-01
1.387086546415919441e+00
-2.548781716782251294e+00
-1.425686339140299908e-01
6.829425147723494627e-02
1.099465211475164406e+00
1.272775553614343247e+00
-3.478163278031448646e-01
3.153474270710898253e+00
-2.611444241457386628e+00
-6.698316916433861845e-01
2.532596942347964397e-02
1.458852637041081479e+00
-1.242795510600975817e-01
-2.768699622932876414e-01
-2.540765969094849752e-01
9.504002970699034769e-01
-2.733669312804376972e+00
1.343899741871036113e+00
-1.006590771232622528e+00
-8.728540304774923264e-01
-1.349989692298811383e-01
-2.284626886520312539e+00
5.904379724562569542e-01
4.818161862537490014e-02
5.803738233953505965e-01
-1.274444816197054520e+00
3.717900447011500686e-01
2.451141369353075916e+00
8.815279065218397658e-01
9.989224476285180065e-01
2.567148034962556391e+00
3.899637300577459831e-01
8.619137874131546084e-01
-1.323800959892103002e-01
2.809545479241106203e-01
1.592691095885826247e+00
1.589834185537928324e+00
-4.921926669435377488e-01
3.874667080955402909e-01
-7.176802335264312882e-01
2.413360008947293411e-02
9.402539852918194718e-01
-2.392220928654491985e+00
-1.701816768858182893e+00
8.836410695764113088e-01
1.383386007827553721e+00
1.724773774748763477e-01
3.808493715000608182e-01
-1.180738968040016545e-01
-5.547141929815941896e-01
-9.833889653112253271e-01
-5.981736923112575266e-02
1.774738724478438223e-01
-1.374678858181295649e+00
-6.182352368674941534e-01
1.079280269471818876e+00
-1.167431170962723863e+00
-8.501148223179727514e-01
1.226698303153773928e+00
8.377799901036331320e-01
1.822812037288573384e-01
1.137046128820094593e+00
-3.687249542268355995e-01
1.189645056990969785e+00
-3.702549720948576928e-01
-1.093274300962752688e-01
1.521985993778236512e+00
1.436119581516300370e+00
5.380902708910884069e-01
-4.759725473328339507e-01
-1.845716570790804367e-01
5.319166898216547423e-01
-4.862905126762577801e-01
-2.097891633901334540e-01
2.103416991884372589e+00
9.572646829608519869e-01
1.174347848915709092e+00
-1.080755278173858525e+00
-9.007101445808225471e-01
1.382776292922749395e+00
5.413941485726541103e-01
2.530434650000292329e+00
1.297499478386777927e+00
1.147484336094034774e+00
-2.374018436789212316e+00
-2.599195238024487598e-02
7.404541857892471546e-01
1.386389682614078467e+00
-1.231184265139618539e+00
-4.325104125623007167e-01
4.073249274708355294e+00
1.048254422905274597e+00
-1.105530960961103704e+00
-7.856254906416839656e-01
-1.276158387055679744e-01
-1.663880356682071904e+00
-1.885505373261180617e+00
3.357329174658608029e+00
4.180118002157983126e-01
2.257361903222745436e+00
-2.348186414056531168e-01
1.985787481964108037e-01
5.657968514476948707e-01
-1.382769456187290746e+00
-3.405131074416576364e+00
-8.414251982261793383e-01
-2.905708316643121236e+00
-1.411999981949532357e+00
-1.975000263249430121e+00
-1.224033655693907985e+00
1.625827086729252358e+00
4.981727022969485996e-01
-2.208355328942273932e+00
5.830955692097121723e-01
8.091722746907562547e-01
-1.300127485657074367e+00
2.663610615821855543e+00
-1.987095350997995391e+00
-1.323600249086733349e+00
1.187893525067876377e+00
1.736791765783692654e+00
1.694124627983787934e-01
-1.151832363629257783e+00
-4.238682021162991642e-01
-1.044239802497271441e+00
-8.953094813557472831e-01
8.202039491696790918e-01
2.656185013686773733e+00
4.602515654727689087e-01
-9.553051401866993197e-01
-1.713080407728247989e+00
7.992803432247125306e-02
-8.740958501882667431e-02
-1.113227184224922173e+00
-6.959721520498568514e-01
1.491582703582041480e+00
1.770004556967020859e+00
9.165763525183745486e-02
3.110699643909279333e-01
-5.661340655465434135e-02
9.643806789665161361e-01
3.242853265654112027e-01
8.374352372665561095e-02
-5.712122992237766983e-02
1.312509183584000150e+00
2.043183900624421234e+00
-1.067587931850894956e+00
2.253820350575570508e-01
-6.683079909578398814e-01
-8.698405851018711221e-01
-9.028868220003573031e-01
1.888218137325201607e-01
-1.333688529235337317e+00
2.981471217194343382e+00
-1.987185127054515332e+00
-7.664142450081914970e-02
-1.990106787947358180e+00
-1.202678590802402026e+00
-2.423506308813317300e+00
3.997679709100248058e+00
-1.526599377884392261e+00
3.952867901629646408e-01
6.635489100986744493e-01
3.059527968283668020e+00
1.823614843186569967e+00
-1.087339236174513779e+00
2.185400165853801813e+00
-1.758945237820331409e+00
-2.243926349215922822e-01
-1.251924281064864086e+00
-1.810637893865318038e+00
1.360104514739719939e+00
-1.775730723673863976e-01
-1.116190196686529967e+00
-7.445822536089830024e-03
-6.742396832506519777e-01
1.431767665219830565e+00
-3.330099477926441676e+00
2.891919963345406797e-01
2.696817650440465064e-01
1.260070590106599608e+00
-3.859295972007998010e+00
6.990030537244241726e-01
1.346537244689262613e-01
5.547976485520494938e-01
1.913970168642959102e+00
-8.895563668533386092e-01
-1.852927770154474407e+00
-5.005662245151198952e-01
-9.734043046655322939e-01
2.669194422390127386e+00
-1.970122567337960984e+00
-7.361602735517689400e-01
-9.924896096888051744e-01
2.579852862336513564e-01
1.461213036956462652e+00
2.669317426527309856e+00
-4.640443713955239247e+00
-2.137974008956767591e+00
-1.740316754779135167e+00
-1.593439770677967937e+00
-7.368152749395746604e-01
-5.360149212899633087e-01
4.790676328048698585e-01
-5.058797050598812239e-01
-2.823850042054062204e+00
-2.065265658630146550e+00
2.810013051607505918e+00
-9.008811874881800241e-02
1.122802124321939932e-01
-8.801262751947569463e-01
-1.154841503886652632e+00
-7.069120508978574691e-01
1.036125203603503575e+00
-6.622721647588126759e-01
-3.630020991740864345e-01
3.128494929476491326e-01
-1.656148277249202438e+00
1.067233297971169170e+00
-2.237773508757618490e+00
9.150954987451268008e-02
2.004008581221835339e+00
-1.377717912077893181e-01
4.090423470389218941e-01
-2.067774779713409672e-01
-1.357316478124439563e+00
1.554955195390114397e+00
-2.620277417284281318e-01
-2.623202267668205412e+00
6.368667014228464041e-01
2.260013659800951924e+00
-1.193564163539954093e-01
4.593109724088834667e-01
-1.597971362584134525e+00
-1.314167967110475288e-01
-1.694456235405958466e+00
-6.844507048520798165e-01
-3.396281379072676465e-01
-4.099610711828257648e-01
1.239408670183243633e+00
-5.484198743100568985e-01
-9.807740634778912003e-01
1.890039094021844779e-01
1.271883218716097552e+00
-4.139820822287543223e-02
2.041098848500275675e+00
2.051476178852414289e+00
1.277326016517492446e+00
-7.184962967881007856e-01
-1.442782499542571983e+00
-9.508660441514715789e-01
4.180668180615859653e-02
4.854360431140881116e-01
-2.142445114666211570e+00
-2.574607604946615780e+00
-1.096473858841023441e+00
4.453321417789405379e-01
-2.990440474419091110e+00
2.012904069709886112e+00
-1.275587762999327968e+00
-8.510466280225754687e-01
-1.200643778276055285e+00
-4.162720049850220372e-01
1.895733719669477679e+00
-4.564843950536198181e-01
2.481490818454979763e+00
2.571752133453898193e+00
-2.009838665086653986e+00
-9.264583365696920092e-01
-2.438612744457567594e+00
-5.193832563767806221e-01
-9.776235131329245043e-01
-3.210397497592963889e-01
-1.772575593161855867e-01
1.318381194756933272e+00
-1.281353324709237906e-01
-1.139879946073742989e+00
-4.688531380048643449e+00
6.978032947475085179e-02
-5.519830707051376351e-02
1.924448743120661387e+00
1.399911200207830220e+00
-3.378039040492245793e+00
-8.667161858731282642e-01
1.396089387822915806e-01
9.695339306623700359e-01
-7.975709856205875914e-02
7.861286113304211121e-01
-7.428739888485951237e-01
1.086426928407495218e+00
1.139354229094895032e+00
-2.387553625266849000e+00
-2.109199204426126961e+00
-1.247801023558969824e-01
9.849379717415890356e-02
3.814017537297479610e+00
2.482959647354425314e+00
1.056017033156719798e+00
-8.841577790168237971e-01
-1.768386686084138626e+00
-2.582311499651376296e-01
2.269725429807897044e+00
2.687222411907599362e+00
-2.184538014897558611e+00
5.673155814321684254e-01
-1.831600808178209361e+00
-1.575899077349603772e+00
8.558628716109764056e-01
-4.528363470913497890e-01
-4.518444335270328516e-01
-2.144019574590879440e+00
7.112451231848185840e-01
2.986555824305003437e+00
2.911564090646167280e+00
-1.764089842207464454e+00
-2.574037009487405214e+00
-2.312598886328355974e+00
3.032300203191147236e-01
-1.897937689645915693e+00
1.402353522713407852e+00
1.523676069711457304e+00
1.141127166527980824e-01
8.879914245774883641e-02
-1.191930573815627170e-01
6.672827021085153687e-02
-1.658106483741065063e+00
-5.078056304767124551e-01
-1.681062408242172790e+00
-1.177629624255541074e+00
8.920016361269225147e-01
-6.084187029727692320e-01
-1.520089419416532861e+00
-8.674325719373002785e-01
-1.341417400565549922e+00
-2.391364700408353805e+00
-1.200805191004070682e+00
-2.596914808595179203e+00
2.005336748918094436e+00
-1.605362727635843534e+00
1.704658033498336112e+00
-1.426846559724312513e+00
-1.319235897267844404e+00
1.370159295489783435e+00
-2.459414341430255391e+00
-1.395531639774874710e+00
-3.497293357529270175e+00
-1.452620686773911540e+00
3.001783066978888748e+00
-1.361970859700736058e+00
-2.054974236307869906e-01
3.406908351731694484e-01
-1.811136354988658326e-01
-4.981095133411192477e-01
2.111087243521183598e+00
6.850201938530214862e-01
-2.700466364843732148e-01
2.373293540887325470e+00
-1.450103333975491182e+00
1.418655472731921829e+00
-2.987897767732177634e+00
