-1.436511582980517510e-01
2.880160821446902109e-01
7.894848438674029190e-02
-3.286540151030141743e-01
3.699357368921931677e-01
2.130407022098594894e-01
-4.318418273669142327e-01
-4.966594412647984402e-01
-9.041749214974657001e-01
-7.042688591654029384e-01
1.496125786966133742e-01
9.501996861510042525e-01
1.262590413906683473e-01
1.580026528651292672e-01
1.194862525183726376e-02
-5.376999916998517204e-01
-8.337419438306428177e-01
-1.248661785068572172e-01
-6.491953789709030698e-01
2.088523720240371695e-01
-6.712425386741778244e-01
-3.574542397104591984e-01
2.164098638512612638e-02
-4.156672613487133461e-02
7.395722735498684308e-01
5.353299302975738083e-01
-1.565994980759166655e-01
1.203095402669898117e-01
-2.139767625349369151e-01
3.375589818874542569e-01
1.389825164432312299e-02
6.841158566100233873e-01
5.962231480060571354e-01
-7.722468625877870751e-01
9.889440694927511544e-01
-6.527493084616775576e-02
1.900991842821531108e-01
6.377756486702201855e-02
-1.582618290578423625e-01
2.959950853125106196e-01
-7.786722837824113785e-01
-2.481754170936085746e-01
-8.177373150769404742e-01
-1.118074212075879093e-01
7.631643669364296390e-01
6.722078797144110940e-01
2.245177703426368687e-01
-5.677781894476621183e-01
-3.208884903548603340e-02
5.491613017458041313e-01
-8.263406645488939883e-01
3.405786426259216348e-01
2.391782791523608953e-01
-8.100164845045698669e-01
-2.927040053150733456e-01
-7.899187982970334865e-02
-6.938530587821813977e-01
-6.613857211175655504e-01
-9.620922604231976205e-01
6.107073409049301738e-01
9.754189134384685378e-01
7.227207187439295133e-01
-2.068597131385054855e-01
9.572970014420270068e-01
2.694590810215256038e-01
7.413047064349906901e-01
3.104565300741102263e-01
7.645657556198810489e-01
7.781232546059835276e-01
3.297925590550450092e-01
7.764494909319725746e-01
-5.892207977944918795e-02
9.986752891026955403e-01
-7.798902701106187330e-01
9.028112822769420731e-01
6.178635951308391050e-01
6.266321616079539858e-01
-1.035761571684978843e-01
-2.138241428152378720e-01
-7.645386297507699158e-01
-3.706141900909221132e-01
1.350953093611508837e-01
8.394267719829322516e-01
4.585398651068033349e-01
-8.266961921156674720e-01
9.006708135615972832e-01
-8.728988879736145901e-01
3.497638715938542475e-01
-7.219441966295674362e-01
-5.452330052553429063e-01
-8.721305318650296456e-01
-3.329989125640238079e-01
-9.348751741432137496e-01
-8.676831175518109340e-01
-9.785242173094117479e-01
-7.831972437396583775e-01
-4.852927081000131260e-01
5.497816690724297573e-01
-2.806949280391344281e-01
-2.596144655973358084e-01
3.318554996707598903e-01
7.906219871418276313e-01
-2.847722153837395354e-01
-2.238481798587728111e-01
-7.577395712080505774e-01
7.140184594219176617e-01
4.072222988613074524e-01
7.151225586133782564e-01
-4.088156924891683808e-02
5.213748599896896874e-01
3.524507626451076625e-01
-7.260897899293814461e-01
-7.372458412049216481e-01
4.216864509172111308e-01
-4.114211175718507363e-02
-2.540059537743839524e-01
1.172507664214246237e-01
1.496437213810390965e-01
8.478551339543094478e-02
2.232434059273016302e-01
-8.714767897746849012e-01
-4.966336498479246853e-01
-7.276328759514185673e-01
4.956081026478782459e-01
-1.330541170375338922e-01
-8.599643875375595492e-01
4.026054636371945161e-01
7.725649948966686331e-01
6.377547860753141062e-01
3.717531739824049275e-01
1.741892739236008403e-01
-2.604016868124694462e-01
5.405203651809948884e-01
8.575355790270844381e-02
-6.417023111433082239e-01
-5.081781553145416908e-01
-7.987603925586430620e-01
3.290116883143767712e-01
-1.345402331770517712e-02
-4.949309007627034074e-01
9.635896724188386386e-01
-7.252636097842950491e-01
-4.520419897835263878e-01
2.066902876139791179e-01
4.001782743728985459e-01
-5.089523338001074038e-01
5.934579804071733466e-01
7.413428276194451438e-01
-7.981763112128046345e-01
4.034655962097617454e-01
1.771950122161713992e-02
-2.498610274216896965e-01
-5.801009413948563509e-01
6.856260441745658518e-01
8.611437665284937815e-02
-1.111867556842802696e-01
-2.846891626164140821e-01
-2.079556792546211064e-02
6.292891282909127693e-01
-8.517086075525648337e-01
3.681722079147713433e-01
6.465872968232253548e-01
2.194108744534080113e-01
5.432667252092509003e-01
1.622772134390055854e-01
2.413363349275106096e-01
-9.290502137949947503e-01
-5.896185108506826200e-01
6.682074393852099892e-01
-2.113210967294667508e-01
4.529375828208601629e-01
7.085334575894222109e-01
-8.202473464009616411e-01
-2.654352369967851732e-01
-4.425306155495802862e-01
-9.165101252460006176e-01
-6.460284773543718551e-01
7.287374535766686368e-01
-3.908991188086203827e-01
8.642577202815067139e-01
3.657116980025207909e-01
-3.865913694659273148e-01
-7.606934030523713197e-01
8.582307618895668178e-01
4.880882399352395318e-01
8.571683596234698221e-01
-8.575176146214891215e-01
-4.836787745615851453e-01
3.115322001281171094e-01
5.789345720040928178e-02
4.382904255199757682e-01
-5.959605683257798159e-01
6.526303181495276551e-01
7.905318861842047795e-02
-5.476650421397200041e-02
-1.432395168579003730e-02
-9.237077378681102235e-01
-9.454408265090714636e-01
6.601847902956865521e-01
-5.607296163226145325e-01
-2.902003536136810169e-01
-8.345993134164775284e-02
5.770508710309321110e-01
-9.436378923950774489e-01
1.893896676695461245e-02
-1.590238226693490020e-01
8.439155757230967225e-01
1.643141567691972504e-01
-2.653075763414625143e-02
2.056088185391957701e-02
1.891086400892172392e-01
2.354986459577470548e-01
-9.159747847786769981e-02
-2.874195961646199837e-01
2.559884556244740317e-02
-1.785940555165599353e-01
-2.763566873003200364e-01
7.969963542171323301e-01
1.535711461858768612e-01
4.269303806461708373e-01
9.364504283670389562e-01
-2.334123791814528559e-01
-8.507918298126537771e-02
8.713784301523854747e-01
-9.686118276342536859e-01
7.451300521932688881e-01
-2.044424499206956014e-01
3.056576094440306424e-01
5.077669366209796031e-01
7.876216525237698107e-01
-4.848682653910740825e-02
-4.630403810843244372e-01
7.770648617100530675e-01
8.280992752208387042e-01
-2.296004459545875065e-01
-3.093240996611363869e-01
-6.006420844610607102e-01
7.277146552048785466e-02
-1.256537154567665127e-01
2.386651244623896329e-01
2.790281704438934973e-01
9.545807364942977546e-01
-5.642462093933395817e-01
2.890537468442353486e-01
5.618460805657030654e-01
-2.753821440444714774e-02
-6.996443413931863198e-02
-6.252923351501178395e-01
7.324194636689331794e-01
1.745196234880590502e-01
-9.389526061801878321e-01
-1.903879028368484772e-01
9.001678784742039863e-01
-7.381632511297708810e-02
-2.017115704604386384e-01
-7.969485113669358967e-01
1.552793118472295397e-02
5.629615628141615424e-01
1.814679001818133575e-01
4.340664556726150369e-01
-5.750518018963870492e-01
6.208099485210971658e-01
1.063321345855867683e-01
9.644188028242928201e-01
-8.000829159160314230e-01
