-3.978692808807156034e-01
-7.907861228909851548e-01
9.286841932727791793e-01
4.988640482266617493e-01
7.980090207043530892e-01
-6.898855623439292817e-01
-2.535078929851264373e-01
-2.824712128419726298e-03
-4.741345317925595992e-01
-9.901489361852620075e-01
4.534595438044521920e-01
-6.324691936892437027e-01
8.819572759709086718e-01
-8.038513194216205804e-01
3.074356808187905798e-02
-9.366845768827523067e-01
-2.501268521489604657e-01
2.909046280094071957e-01
-3.023243789725830410e+00
2.686362350405718580e+00
9.303201826582341294e-01
7.122397621477960517e-01
-1.107124521936784678e+00
5.726543181187149223e-02
8.388700698657864940e-01
-5.490435146757992602e-01
5.999089724691988312e-01
6.158836144985213590e-01
-1.375741067450134691e-01
-1.011719968414157567e-01
-4.327324192304691231e-01
-5.838279241589425794e-01
9.724985303331630249e-01
-2.540218173359316545e-01
-9.010627871653578147e-01
-9.745142629602643325e-02
3.132936345090748254e-01
1.480681590432710859e-01
2.077461936672704290e-01
-2.556225721842153575e-02
5.038365040526116001e-01
6.187407827294753027e-01
1.424703737513403734e+00
-4.816267635382986967e-02
5.907511166913106404e-01
-1.061300555396782475e-01
-8.334951144708169224e-02
4.037002461116805385e-01
-3.645286167642860509e-01
-6.954396557619000330e-01
1.024959114461510001e-01
-8.433539128581912792e-01
8.392102905263001400e-01
1.368709316685337241e+00
-9.162958922886506041e-01
7.215062164691024016e-01
-5.353263627920856749e-01
-1.489932724192414848e-01
-1.123901212631423174e+00
9.191574730660396764e-01
4.698165946321282149e-01
-1.640290181347057397e+00
-5.592302136190963058e-01
4.229671562840024990e-01
-2.403460308318545735e-01
1.560728131438903432e+00
4.919183533335609315e-01
6.982183801191557126e-01
-2.886457952301755281e-01
-1.055918078393840220e+00
4.550155926498321568e-01
2.131602948886563986e-01
-3.047742307909303006e-01
-3.238377987683920267e-01
-8.046698399960092729e-01
8.631949259056663770e-01
1.543345345052418160e-01
3.972218725791314409e-01
9.605948960510048984e-01
7.645619807937420465e-02
-1.675849525391814865e-02
-3.122503505210072472e-01
-6.155145970944797540e-02
-4.002393842556162262e-01
-4.631561228573208844e-01
1.482391445142539066e-02
7.102217096289396014e-01
-4.689653568388647553e-01
3.746089827144416518e-03
-3.786339382003534038e-01
9.996345097730461315e-01
2.266007251270905076e-01
1.400991012439005923e+00
6.958633790213397674e-02
-4.309643107997114253e-01
-3.326404592317677711e-02
-1.638836288395033591e-01
6.522996136392800182e-01
5.776579821411869098e-01
6.678069988316662764e-01
5.385177834389451856e-01
2.073984361384770825e-01
-6.442768334011228504e-02
-1.887620529988651263e+00
5.019506568886595854e-01
3.036076516568040340e-01
2.595175308137246173e+00
2.812249706575788988e-01
-5.822260211772167793e-01
5.274580762200253847e-01
5.694282759820425976e-01
3.618021608716079918e-01
9.827981056419419215e-01
-5.019667155994582686e-01
-2.684582696411199620e-01
3.933801382906731980e-01
-5.147975529558583840e-01
2.169498133523279915e-01
-4.469387757321257038e-01
3.031927244086649598e-01
-9.158161469995262927e-01
7.470327449490381522e-01
-3.226182322665789859e-01
-2.234741094617456181e-01
6.496632722492481360e-01
-6.901583424671771105e-01
1.863394840722287782e-03
2.668942064576844686e-01
-1.019109484842050550e+00
2.431178929956356871e-01
-8.233600995397205580e-02
-5.102495746078601346e-01
1.805552573217382717e+00
1.914973860021729202e-01
7.655199789063658056e-01
5.347552034868290338e-01
9.829692965818186412e-01
-9.489392527179110193e-01
-1.426919545377974829e+00
-3.209131073166970882e-02
-3.636957518840404635e-01
8.037792011291136074e-01
-7.161224516862054745e-01
-4.759187126924866451e-01
-4.076712813766452115e-01
1.804957595763907463e-01
9.033355472584048140e-01
-8.917076409114021995e-01
-7.458072072432757604e-01
8.425961156178043421e-01
2.014045162611570738e-01
-9.187435520319400251e-01
-1.814353452404342537e-01
3.441610049654522108e-01
5.482089002444878734e-01
-8.456646717341094188e-01
8.582775518488732214e-01
-9.698906462843188692e-01
1.910566641943081123e-01
-2.314036986734913093e-02
4.600661269251222762e-01
7.022570776339678300e-01
5.913141658653937593e-01
-2.944878929912404519e-01
-2.325172967016728709e-01
3.295276349335023447e-01
-3.819939330186674642e-01
9.675097545902575646e-01
-2.527162951026498128e-01
-3.676662643073014269e-01
3.716021558448698858e-01
-2.090737020202662055e-01
-4.931303573594592038e-01
-3.619875907389609182e-01
-9.253244822292225891e-01
7.873726007896111323e-01
6.128927636274268398e-01
-4.608550438465641719e-02
9.898788796691659897e-02
9.199857024669748640e-01
-1.529946954727026132e-01
4.961342081152235739e-01
2.124552817121256876e-01
-1.409110197324559000e-01
-9.508297180435956175e-01
-9.236791618977464591e-01
-4.185268061155233976e-01
7.685318674924723759e-02
1.292367157468823358e-01
-1.169250637531460413e-02
1.137076541755608350e-01
-9.442317606622459003e-01
-9.821262709534825941e-01
6.821839643806111297e-01
5.039861614649709942e-01
1.673826906531237224e-01
-7.578914504190856771e-01
-9.873544552183699530e-02
-4.712438844526496418e-01
-3.496502114137398642e-01
4.356123260665190067e-01
4.891512352106994754e-01
6.030538836258059199e-01
-9.824513982628195752e-01
8.316666951344315883e-01
-9.978801514434514353e-01
6.763546012753971493e-01
-8.443502246642415887e-01
2.582036974629509096e-01
-4.057544192235358338e-01
-4.444250229669870489e-01
1.767610400494030731e-01
-1.383647984035243361e-01
4.853433038644712205e-01
6.092818857909469976e-01
1.705400237903842431e-01
3.195599041948391505e-01
-6.613575838255993933e-01
-4.288408905335769905e-01
-7.928362020476982241e-01
-6.261214060327793263e-01
-5.593525617660688454e-01
-2.013984647758320090e-01
1.109870356521502899e-01
-8.301263733446195836e-02
2.972091181232878743e-01
-8.521986915965078513e-01
7.318458452618390453e-01
2.711669525950719528e-01
4.466610346532839948e-02
1.637738683909715220e-01
-5.063155525447877725e-01
1.115286820857808170e-01
-4.303759260209334414e-01
-4.642376581720022433e-01
1.513592102367047332e-01
6.293664354052654897e-01
6.146602553940172520e-02
-6.664005827572201390e-01
-4.769441662187172692e-01
-1.768453576758591828e+00
1.377032270334310748e-01
6.690034212081703568e-01
1.713160012343708294e+00
-1.648112334829572756e+00
-7.660169556462361751e-01
-2.356387898433420780e-01
-1.111560014760173409e-01
-9.873511251091529051e-01
1.887771064089427409e-01
5.222894391567667327e-01
-5.012811180078721174e-01
3.922522383610234087e-01
-2.285147514962218906e+00
-4.295034898953979940e-01
-5.108691661420627916e-02
-1.144734879232613967e-01
1.211136729269866041e-01
5.229523082759857111e-01
-3.906590344373528367e-01
7.827034749775114708e-01
7.636850875487577461e-02
7.003150745170683145e-01
2.258475663389122090e+00
-3.014659790666640582e-02
