-4.081430559802687319e-01
-5.815532010156772014e-01
3.330812331029811002e-01
1.083957105005325161e+00
-2.607146646562699122e-01
7.814864081057399936e-01
6.330627298765552080e-01
1.820954297865351901e+00
4.386202317180281085e-01
5.733623130321952033e-01
-3.366811202460473496e-01
-5.178129541862426244e-01
4.953030053088025575e-01
5.054671746320127390e-01
8.874133357305900027e-01
-6.256977954650411178e-02
3.111186438712809643e-01
-8.408002568750458927e-01
1.168273643144798868e+00
-5.710000242646784407e-01
1.812666224273408178e+00
2.587431702417108959e-01
3.466713722789047658e-01
1.109289250224028134e-01
-7.959084521580832572e-01
2.293750197472128605e-01
6.024840490312608487e-01
7.959764349512494785e-01
4.970177132460193992e-01
-5.042999307630069428e-01
-1.778467225343616231e-01
-3.957449322550623538e-01
2.946276153473343928e-01
2.109648126011141045e-01
-6.640349830115996888e-01
-6.747743837225559371e-01
3.553442194762435058e-01
5.740271419148310628e-01
9.387250300069505116e-01
9.521115839176514939e-01
2.543043162719935246e+00
6.913881916639712522e-01
-1.512314240573882973e+00
-9.791404256065239231e-01
2.638304310599273172e-01
-4.431250196881972858e-01
1.005712517819807417e+00
-2.829619023270593114e-01
9.341545475935686405e-01
9.207312972682668573e-01
-5.229233823991916719e-01
-9.388052248697023039e-01
8.197592442776866495e-01
-7.307693843169544845e-01
-2.797777120813293994e-01
-4.874849217780095056e-01
5.164469029286367086e-01
8.342912464079030865e-01
-8.627138013886737067e-01
-9.935172476774192241e-01
-1.940647815330160952e-01
6.422397287948238276e-01
8.414630491408101598e-01
8.992308524523997537e-01
-4.951629757556358369e-01
1.802824446834656591e-01
1.692500256079038090e+00
2.958713361805365150e-01
9.170389048778746499e-01
1.026573238877530603e-01
-3.128542107618836887e-02
-3.995173300934922178e-01
6.191715394465018285e-01
5.025440833350554026e-01
-8.021842409869552881e-01
1.771687570722830785e-01
-8.559436627199976666e-01
-1.094671997925369400e-01
-1.158846348128777848e+00
9.879565788671880178e-01
-4.218540948633957566e-01
-8.665243971186302741e-01
8.814419754382685213e-01
1.031787483660928650e-02
-4.821621138195837375e-01
-1.059498247483920963e-01
-6.356740396020854611e-01
-1.473156705594644844e-01
3.497174738899895274e-01
1.900127314947528401e-01
4.827348904407393615e-01
-3.244121297976791940e-01
3.638147417325421351e-02
6.076711846517304227e-01
-1.340971433296034299e-01
1.153420314593963658e+00
-7.693910064787610192e-01
4.542236284885841080e-01
-9.807526333577405442e-01
-3.439356207966846046e-01
1.275755062314414490e+00
-1.239104170776763381e+00
-6.523627590081224614e-01
1.230942071074707655e-01
-9.071624058335649998e-01
-9.559525892790681212e-01
-2.615488534804074616e-01
5.716448169453403061e-02
3.275975224346256987e-01
3.397181054761695407e-01
-5.618534775703946105e-01
-5.829274757543227992e-01
1.558557745511457426e-01
-5.347702949765698044e-01
7.626194065368872010e-01
9.180431876850529971e-01
7.059514201820789037e-01
1.741623515916112419e+00
2.994852752644692195e-01
-6.623837978373308122e-01
4.836954957208594585e-01
1.336297318785901744e+00
-2.556526325264519284e-01
-3.677962105336785026e-01
-9.128910789892972222e-01
-8.543972917479734086e-01
3.984447547489136099e-01
-6.130391131681376393e-01
-8.505098324089759299e-01
-1.026248843596588856e-01
7.631597349150665011e-01
-4.153908589832948639e-01
3.390491742341019243e+00
9.116876679033203423e-02
-1.480738497782636554e-01
2.958778752361395092e-01
6.650526260150706470e-01
3.361744771940984311e-01
-3.438327614171448054e-01
5.463011448296370975e-01
1.486841684700417332e+00
3.388304290712202960e-01
9.717837454990396751e-02
-4.292691357332876212e-01
3.610006497201780906e-01
3.124308231613477371e-01
-9.538823072102118328e-01
-7.920652997662953609e-01
9.066244803127538887e-01
1.779306646153764326e-01
-1.058625364039520456e-01
8.242400065744286408e-01
-8.934684757295225932e-01
-3.855266746409227174e-01
5.750247114635469448e-01
8.138918331606241896e-01
8.114307367312838526e-01
-1.990220385890870691e-01
1.912800641029734461e+00
1.681722438531146224e+00
-4.969763594598057832e-01
4.378120146241404331e-01
-2.513607920183027478e-01
-2.932181534994364736e-01
-9.500009334115071535e-01
-6.487589352309903745e-01
4.747504482154265570e-01
-6.342079694510860399e-02
1.823723546250696437e+00
2.212119257754228130e-01
-5.561307482505233324e-01
2.343603076440059052e+00
-4.648047974592033338e-01
6.028250641624397499e-01
5.195403940339795579e-01
2.398780354675977833e-01
9.927149250299847072e-01
4.461157829909638828e-01
6.210515709622441705e-01
-5.413872372226253837e-01
3.303850179917635632e-01
9.916187510992598986e-01
-5.966014633565226433e-01
2.111732977950135925e-01
3.564824225018674575e-01
-1.394159748873655236e+00
-4.384103115428197306e-01
-3.584954414982590709e-01
8.345272454246186467e-01
-4.602056983810114410e-01
1.704059072570396349e-01
-7.479730274911164933e-01
1.552464274893754492e-01
-9.338117159393051203e-01
-7.709410096161881665e-01
-1.581107706158219717e+00
3.942059850612091854e-01
-1.064971912543446253e+00
8.043457783023399976e-02
-2.295857463024368883e-01
-7.788481457375209249e-01
-1.199531990597728637e-01
6.099401366413235159e-01
-9.984386462480503432e-01
7.104533414461706720e-01
-2.719843101162828791e-01
3.506112693431810978e-01
-5.148123874000156697e-01
-4.441754736007557103e-01
-4.955196105568338005e-01
1.229907836175874181e-01
5.963188365679705782e-01
3.077290310658027384e-01
-3.657025913818401364e-01
-6.742236361437721204e-01
-6.338385167327038605e-01
8.237538585256700685e-01
8.244388343118522755e-01
-3.725141664726017154e-01
-2.577819700339620823e-01
-9.834080037996573154e-01
-4.848870346040461410e-01
7.579289245758320526e-01
2.486845328252935694e-01
7.667280310293251855e-01
-4.783583112047722352e-01
2.858423948043082863e-01
-1.590780345170519583e+00
2.525266445596239251e-01
-9.442183758754723044e-01
-7.636342656518863015e-01
7.582944649676630622e-01
-5.617153699057004790e-01
2.031891165301769053e-01
5.619491447189557398e-01
4.693264770612564085e-01
1.099910853210734896e-01
1.375638275984569781e-02
1.208990470116953375e+00
3.321978071697917478e-01
5.404266391517013046e-01
7.073644277995028151e-01
-1.501117367303877792e+00
-9.159048722973550660e-02
-1.542730990167415772e+00
3.180559947567878076e-01
-2.234311691593268701e-01
2.540867217182123383e-01
-4.747267261217136269e-01
-2.850188311797008378e-01
9.824702860246641301e-01
-4.423109052381331008e-01
7.165563710028022282e-01
5.383383639200434168e-01
-7.755596050879818293e-01
-9.060248162919459780e-02
-9.342618318604711813e-01
5.190941383630522932e-01
-2.251608708579144746e-02
-5.208121184492160438e-01
5.396521199293116133e-01
4.173577135417527728e-01
-1.398772093250117976e-01
4.108477381623296676e-01
1.007289826481596373e+00
