-1.241307324388930988e+00
1.684169048945500791e+00
5.571806730800891172e-01
-5.926843212445456199e-01
7.702851308250713291e-02
-1.129693545153957590e+00
-8.290129502010357143e-03
1.790415163808876109e-01
3.696364042004604000e-01
1.734459614376842262e+00
-1.861592676306602190e+00
8.922456230989836978e-01
1.335904668574397158e+00
1.190880194549340576e+00
-7.244633448349984128e-01
1.660241716993222205e+00
2.583626140162815221e-01
-6.084340487886101823e-01
-3.408982281400049219e-01
8.234584508699339667e-01
-7.091960623244207840e-01
1.822632870448517739e+00
1.034322107405191371e+00
-4.007071016739868208e-01
2.150510834265058069e+00
-8.998869528134995077e-02
-3.638349937596627726e-01
-8.072785631905907699e-01
8.948849986474241014e-01
1.352268425225040094e+00
-1.612682526101189007e+00
1.132594420536809698e+00
-4.576337847093160938e-01
1.584314042276922185e+00
1.514491622766387380e+00
-2.527240036505797871e-01
2.134787466322679017e-01
9.172684678357075905e-01
-2.264510643487485986e+00
-3.159037937066353496e-01
-1.383005084139238283e-02
1.529562417849487321e+00
2.462467497603884059e-01
-2.080731347654116714e+00
6.748909108743900154e-02
3.737987073897927615e-01
2.578251873472598987e-01
-1.675533970927381711e-01
8.431143623847114910e-01
-1.978005803753876135e-01
-1.336280761341178680e+00
-6.881901749383529943e-01
-2.263811355083194865e+00
2.790320509928699289e-01
8.952121018808784081e-02
6.464149216851726720e-01
1.554890222737461025e+00
-1.077164875211419570e+00
-3.245251592895484483e-01
-1.798984284988630167e+00
5.147529169995115339e-01
-1.318176361155151355e+00
-1.730820347917492619e+00
3.560380704214219927e-01
6.459516105061902103e-01
1.658335917243204616e+00
1.836778924146388103e+00
-9.183634319346363206e-01
2.232169986347386725e+00
-3.025967938576429317e-02
1.608848286600387478e+00
3.869695750217775343e-01
5.312269249990001496e-01
9.597795977234896414e-01
-1.589693304510775285e-01
-9.671039021300112948e-01
2.848966122161686321e-01
-1.845114115953743639e+00
-8.365816336807819775e-01
-6.211540064267473404e-01
-4.893763508741727497e-02
2.849396463119576728e-01
-1.498615136945939952e-01
-1.649566135342261486e+00
-3.695361358870237756e-01
3.829112619543335594e-01
1.759610774733777916e+00
7.685088148651908480e-01
-2.709717025562002335e-01
6.157421846111115205e-01
-7.477794748415406145e-01
-1.088276452632090496e+00
-2.468111763874887288e-01
7.026415150446740920e-01
-1.327115482905336874e+00
7.843667067924859904e-01
3.018489095364206010e-02
2.018056480634123684e+00
-9.658990349405039977e-01
1.138946809768390356e+00
2.907194955518213608e-01
-1.141838337143209481e+00
-4.247745771444135232e-01
-1.175202535219859179e+00
-4.073213305260614536e-01
-1.285704484533670255e+00
-1.015396062218645978e+00
3.622528614649134227e-01
2.071530609569715242e+00
4.856245691575580836e-02
-3.677575940352463824e-01
-1.199898964815187874e+00
2.995934545910692304e-01
-3.227853425205565174e-01
-1.533001887167794397e+00
5.251194603973722286e-01
2.060082611279669962e+00
2.568397483211783516e+00
-1.366362270807023327e+00
-3.225766314959469527e-01
-5.820566806083240508e-01
9.038367756417413634e-01
-2.009432879740519207e-01
4.197139365647065690e-01
-1.051380265054919771e+00
-6.768880955873441962e-01
-2.034240249532110467e-01
2.805202403907175457e-02
1.111341338936248979e+00
3.467146680964735772e+00
2.403616045211250274e+00
-8.457245403626684199e-01
-1.335766873825245504e+00
7.789827556618518223e-01
-1.182017728603361517e+00
1.735211692821926999e+00
-5.550848206358919290e-01
-1.650026248859804978e-01
-7.725929123291569445e-01
1.242093834168546129e+00
2.367259704636341056e+00
-2.883147044870184028e-01
-2.349219673848187195e+00
2.669810708194969018e-01
-1.188798945719561351e-01
-1.346954886881289726e+00
1.336046313555572018e+00
-4.092979889283698824e-03
7.096699649281115185e-01
-4.773433830194541150e-01
-1.615931349108621351e+00
1.886662357151181801e+00
1.536043176819312128e+00
3.534209843802180728e-01
5.832828096398272599e-01
7.869557801104231087e-01
7.327402823178252866e-01
1.577524722113303968e+00
1.177879849077454910e+00
4.570643943714834956e-01
3.367465235179197824e-01
1.129774248585139640e+00
-1.238781690623460108e+00
-9.645290265532906471e-01
-4.158981667366559165e+00
5.193581648072850276e-01
-1.620526679709166196e+00
9.201215770716334452e-01
7.549056516714292009e-01
2.039429916947940846e+00
-7.117775555831015732e-02
3.080961795100319311e-01
1.237251625395659138e+00
5.867142059331497544e-02
-1.307777329479656192e+00
1.207338187681820801e-01
-1.257813867333018809e+00
4.309726081452465163e-01
-8.856253335495977153e-01
1.975208974111526405e+00
-5.839227484346480868e-01
7.489024416027829645e-01
7.819474203830857340e-01
-1.359099070750421911e-01
-1.605168861882292353e-01
-1.582812559943203468e+00
-3.440228569135511671e-01
-1.223484922595923230e-01
7.137239721565803441e-01
6.166609148190067557e-01
2.221286713395607681e-01
-1.615852327427707458e+00
3.854776144113100100e-01
1.944520010655241271e-01
1.595807665712717593e+00
-1.886405840471367945e+00
-1.999833235608141635e+00
-1.518489407601028685e+00
-5.587064589541891335e-01
-8.470314744236189242e-01
-2.246836617342305331e+00
-9.452086062614181161e-01
2.754861197651558569e-01
-9.748221150095590648e-01
-1.153612800991509202e+00
-6.980653674427338418e-01
4.209198703719949086e-01
-1.091804774659971500e+00
-6.859356606296561631e-01
-4.500476700748587411e-02
2.147226701117936898e-01
1.193311600435004394e+00
4.185792177202109499e-01
-2.484637937745131531e+00
9.676062944353210904e-01
1.822366623294796373e+00
-7.646463522284040470e-01
-1.919308982875068403e-01
-1.204800817374553024e+00
5.020908882781786042e-01
-2.498379506466996691e+00
9.348229673445253018e-01
9.072029563671846208e-01
1.950668838282546780e+00
1.100278242436294907e+00
-3.684926486177390048e-01
-1.683440028300704494e+00
