-5.674708759365583166e-01
7.773340082695281428e-01
-1.803984184568359073e-01
-2.386500214247075924e+00
-5.462734778002509284e-01
-9.586520110236977921e-01
3.246686742499214073e-01
9.867700898078943794e-01
1.154688027067427569e-01
-2.944244364593160412e-01
-8.624439628906028776e-01
1.033539858871446171e-02
-6.074314240088691808e-01
1.125694513838555455e-01
2.210328508946342030e-01
6.620571079480535026e-01
5.158348717466887390e-01
2.934290528271659149e-01
8.612931045783720485e-01
-5.030942708970636001e-01
-2.793900767912993466e-02
-6.291566927760523509e-01
5.192127329119036183e-01
1.598942582032981674e+00
8.888138603566861917e-01
8.652593329759326046e-01
-2.070510926457731493e-01
-4.896051675867498787e-01
-3.229762051825775249e-01
-7.711717910614535043e-04
-8.084471680946786476e-01
4.149139170002136279e-01
8.343609783168137728e-01
8.599897603065851381e-01
9.451308376909934861e-01
-7.224732449273678636e-01
-5.876533653561555326e-04
8.939784684804674697e-01
7.382409066739938908e-01
7.611823465700002789e-01
9.415632676928722411e-01
-2.303697031678224594e-01
-9.221243373673877475e-01
-2.671332801342976015e-01
-5.957280341820876401e-01
9.218389314416031155e-01
-8.414454150864574267e-01
5.292650618226057979e-02
-5.453540738385871389e-01
9.926033237051350433e-01
-1.279982252598759196e+00
3.772662482405995110e-01
4.925781730772782474e-01
-7.010076724132350279e-01
-1.368508017355931417e+00
6.093751062842640565e-01
2.758175654120045284e-01
-2.155206468032757616e-01
2.532716432845331656e-01
1.283928514529666387e-01
4.529937257854310673e-01
1.004028115988306880e-01
-7.457959508650822134e-01
2.570353858796701196e-01
2.777551842543468652e-03
9.472246065740235199e-01
-6.410747725454468693e-03
3.423691170391753857e-01
3.566621809817394073e-01
1.508866752699180580e+00
-9.568565777764943547e-01
-7.803850440958615131e-01
-7.208538358648817201e-01
9.717714391672278573e-01
-9.816793425978365129e-01
-6.483869543655713663e-01
-9.177918492003569462e-01
-8.375351870148721733e-01
7.187790808029128620e-01
3.891006815367099581e-01
-7.477269055869601999e-01
-6.457147006484871277e-01
-3.302453697390050902e-01
-7.298237347454563650e-01
-1.257910875773107229e-01
-2.226466556445759748e-01
-1.105727863288685775e-01
-4.432995819833465134e-01
-3.419755200927747651e-01
2.543091322157244871e-01
2.058489901758673302e-01
-4.079612947644815080e-01
-2.369890488058892242e-01
7.094504391670464205e-01
-5.656285681397881238e-01
-1.082260675810804429e-01
-3.861651126431222547e-01
8.009668270427019454e-01
4.385058367901757403e-01
8.428752924946372183e-01
5.441972561505514783e-02
-6.923377885134858190e-01
-4.868946472938102676e-01
-2.850373192811264111e-01
1.504044008467678051e+00
-7.974302066441516512e-01
1.557363418201251903e-02
-9.085396957167106713e-01
6.650976283857803484e-01
7.322300236857901545e-01
-2.031578265896203384e-01
7.501663459600975692e-01
2.082999595297143625e-01
-9.743254159052390229e-01
-5.971736666995977050e-01
-3.092151029883669633e-01
-6.612660033341912769e-01
-6.265789242888215593e-01
1.931141726305474204e-01
-3.575954325504959730e-01
1.470221827771949652e+00
5.932314441794135362e-01
1.988562778881417525e-01
1.111933445901577722e+00
-6.192268949528394462e-01
5.228223394284390313e-01
-5.892899112794363070e-01
4.575984542440718617e-01
-6.337805818396846647e-02
-6.502331958308273929e-01
1.009846203755339067e-01
4.833344486865023271e-01
-3.337058429534921489e-01
2.689068286911444616e-01
3.698257632660979510e-01
-9.101565130682732763e-01
-1.560014552134649790e-01
-2.754537309558400260e-01
8.839210078636616785e-02
-9.611247885229468046e-02
-6.762559557985969860e-01
-1.219248673726092136e-01
-2.689303097430615352e-01
3.614052158291727324e-01
1.800350753978292584e-01
-5.831388214915933510e-01
3.382876332122131124e-01
4.259612228909714915e-02
-5.069715968672492412e-01
-2.465783086184663020e-01
-7.868803863122812992e-01
3.500094702162601656e-01
9.169325868993773998e-01
1.441566337217335403e-01
4.360229300438225319e-01
6.478705699581799315e-01
-8.532059908972864370e-01
-3.477351256747860386e-01
4.066135311206713343e-01
-8.570120968515959614e-01
-8.067691653641944072e-01
4.940530064929042897e-01
9.468638464648402309e-01
-7.397899595092247704e-01
4.228939703991501098e-01
5.914547395508078509e-01
-4.272344620620891487e-01
-7.544214895529544052e-02
-6.802111270197186421e-01
1.032303977382629245e-01
2.922348285237326149e-01
7.912335350201440409e-01
-8.227435153102093945e-01
3.064147295661648340e-01
6.399640482006627717e-01
-9.204366402017849502e-01
-4.930908317521729978e-01
-9.706062325163680171e-01
3.310111127200299208e-01
-6.772797423080003654e-01
-8.167321461572139008e-01
2.384020408142317748e-02
-8.693089850823816356e-01
2.418073250820169662e-01
-6.772446847287449945e-01
-1.566504800668413466e-01
2.915718435480003645e-01
3.812836751439230287e-01
7.577331455315188258e-01
7.556384546635985799e-03
2.929403309051210602e-01
1.158012053284396270e-01
8.185184499039361850e-01
6.235463067646473956e-01
3.298297023120362326e-01
1.683332746328054519e-01
-9.887426692612863999e-01
1.341617638457839323e-01
-1.472237024219980039e-01
5.096410479153241635e-01
3.253845694190808935e-01
-1.192373084678797657e+00
-8.124389499113826574e-01
-3.338809625388015068e-01
-7.072379757709972292e-01
9.904300076665042418e-01
9.971965113500491640e-01
2.405020964668238559e-01
6.729683685045080299e-01
-6.424148383577552579e-01
2.568393701626869863e-01
-2.857516786258784691e-02
9.883167369957273074e-01
2.790331568430337583e-02
-5.373782647794334011e-01
1.216073952535485780e-01
8.446904379991038159e-02
8.742551616305043183e-01
-5.403260886886307457e-01
-4.349542574380271809e-02
-8.751374143222230284e-01
-1.171123356829881779e-01
1.722587614834077963e-01
5.634142065094751572e-01
4.318373627041416363e-01
-3.599189620908944676e-01
-7.956399507356255452e-01
1.661362392055565351e-01
5.361102465116922566e-01
5.255857924537712389e-01
-6.544765945059247692e-01
-8.251316815008080674e-01
2.477287899323585840e-01
2.064139250200376918e-01
-4.863163239501340218e-01
-2.321507531182094297e-01
6.015250429521366016e-01
5.160185869712756723e-01
-7.313738643337694967e-01
-7.435189358780351920e-01
-7.712130776907353269e-01
-4.601158250108110526e-01
9.445816073423531911e-01
5.337544243511334052e-01
-6.739594143299874052e-01
7.975873786459461989e-01
-8.380516715764732005e-01
-3.236985748194949331e-01
-2.420951712063004191e-01
-6.779197488976638208e-01
8.588642528211711813e-01
6.839290591412150455e-01
2.427406744826319240e-01
-2.816627165832499280e-01
3.821795680150583685e-01
6.363224316929585456e-01
9.227484245640289462e-01
4.814968952853826423e-01
2.106945795151535794e-01
5.264741258939176216e-01
-9.737778134606849267e-01
3.004693589246043572e-03
4.329966518263650421e-02
-5.850706016362248185e-01
5.561483445892767552e-01
