8.919446526340120140e-01
-9.318793161508607259e-01
7.578613737904356107e-01
-3.310441374104017953e+00
-1.682459905323647087e+00
-1.500669766077562528e+00
2.736230914293686034e+00
4.219587870143283403e+00
-5.988143984126834685e-01
8.840618552359587046e-01
3.362306954690998051e+00
-1.733954795879738775e+00
-1.597682653499824745e+00
2.721889969159559941e-01
2.745369254865975273e-01
2.702097504820099694e+00
1.572997369672950674e+00
4.267032446636459531e-01
-5.887385668689730789e-01
9.096612678246018824e-01
-8.734102270667274404e-01
1.085145825369019379e+00
4.807252495876002119e-02
-3.460223009063933208e+00
1.406917011275038432e-01
-1.628284385588529837e+00
-3.877862869871303020e-01
-2.285103799829078852e+00
2.496271191789868116e+00
-6.596535175796349737e-01
2.162803184819266811e+00
-2.917660102588852666e+00
7.364387839269039837e-01
6.785165339963203923e-01
-1.508391213510790863e+00
-1.826078350818375551e+00
-1.173933941569105466e+00
-3.313930514635146540e+00
6.141027997157625373e-01
9.612783483020794773e-01
1.714007702156750135e-02
2.368178568887766566e-01
1.282022425887500816e+00
-2.617339883630731112e+00
-5.902935161850084711e-01
-2.072803575181115576e+00
-6.521361122604762972e-01
5.749333413689461381e-01
3.482237118209974280e+00
-7.671476750835174441e-01
2.870224264158750760e+00
-3.805325026858655812e-01
-2.368664615613590207e+00
-2.011509901434195280e-01
2.517001736003575685e-01
-1.236476110160841912e+00
3.264363100222864134e+00
1.618131789815534294e+00
3.745809120641566459e+00
-1.842539452392162769e+00
1.380676970726565367e-01
-2.805027115098963186e+00
-2.776865229733468610e+00
1.616713567862194112e-01
1.683369569409489674e+00
2.089336449660685435e+00
-2.316014852871000507e+00
-2.945159449216702363e+00
2.702313395787025563e+00
-1.022923168086221635e+00
4.366946776765844307e-01
6.431792406854549560e-01
2.070420048816452585e+00
-1.087273221307546445e-01
-8.675887682015761548e-01
2.807179803806226559e+00
-1.646398189943637513e+00
-1.447865651472122206e+00
1.834609297754413060e+00
-2.093674380798572265e+00
-1.463478011767387565e+00
1.313620381591386277e+00
1.003679239784493138e+00
2.231052648881116873e+00
-2.417247864018450265e-01
-1.435513240020618753e+00
-9.532894428175819890e-01
2.773820932028536301e+00
-5.775284080579012880e-02
2.801668215330469280e+00
-4.432603341383378748e-01
2.792972694544098022e+00
-8.425603502482805762e-01
-2.038342052097902979e+00
2.568185972524883454e+00
-5.214402251705846147e+00
-2.472120661291023591e+00
-1.406249187456822813e+00
-2.729519699298440516e-01
-1.175495136671422802e-03
3.952669110244857453e+00
4.233843760164660575e-01
1.035878534008389362e+00
-3.033037338442614583e+00
1.326139189557921760e+00
3.733106380094540988e+00
-8.205049479887027708e-01
-6.343040647129365439e-01
8.167445492341167679e-01
-3.877791144753347297e+00
1.008750103212321836e+00
-1.886470072551956756e+00
-1.191204546056190416e+00
-1.350681026491840520e+00
1.266688209066344939e+00
-2.332085400041135514e+00
4.594187991448885899e-01
1.012752962880595131e+00
3.643128360386799880e+00
-2.319437594421000171e+00
5.535748576351269268e-01
-1.745794245900673447e+00
1.665313846866049774e+00
-6.539914390910565034e-01
1.045428297593499423e+00
-4.300991381912081302e+00
-2.094833435203198313e+00
-2.032148101117568384e+00
8.690107712098393833e-02
-1.611118934060478347e+00
4.715801371624382954e-01
7.349843652652086057e-01
1.195641167310012243e+00
1.387977680430040994e+00
-3.689701098801331791e-01
1.812376358039211599e+00
-2.666813225197945503e+00
-9.962928554490053656e-01
2.067119303381810269e+00
2.913128689776605551e+00
1.083324074878695864e+00
-9.605749167654872300e-01
2.581512541869493971e-01
1.613837007384832933e+00
-8.020743740665693400e-01
-2.039262467403644141e+00
9.390390534585684179e-01
1.771289624517353278e+00
3.213603299204863539e+00
4.458011108930202138e-01
-1.785902763884006095e-01
