-2.929302788593306506e-01
-9.920162493102938628e-01
-4.957167190114204480e-01
-2.747647905837190541e-01
8.266213500407872949e-01
-2.136568943540670951e-01
-2.484437922060269976e-01
-3.122264338229742364e+00
-1.468923139115743126e+00
1.504219294880265734e+00
2.355402835200437917e+00
2.620717326624120158e+00
4.007073719722285821e-02
-9.959503210928497552e-01
-1.196840175231415948e+00
1.973112349738098903e+00
2.672312527112589375e+00
-1.382137103430980396e-01
-4.501152951245167566e-01
-1.112066075707175417e+00
2.192818233235974690e-01
2.429274756328204665e-01
6.525865776702763910e-01
-1.444873018069264381e+00
-1.329044657851065514e+00
2.410813696477713819e-01
-8.177352597717805205e-01
2.757810615661280274e-01
-1.418716725710562621e+00
-4.145508668337893332e-01
3.704761729065109144e-02
-1.736980566660059067e+00
-1.662034489687263861e+00
-2.548910637910597909e+00
-5.431951668585150994e-01
1.027308814457974062e+00
1.099476764986095700e+00
-3.148556105568760088e+00
2.079577028221238688e+00
-1.315593545930784369e+00
-1.738929851829541240e-01
-1.125308365818448175e+00
2.134076194856152853e+00
-2.224234483433279452e-01
2.173011371627704413e-01
-2.286850994072754606e+00
1.658228610776982581e+00
2.790097589433991665e+00
2.161568078690946360e-01
-1.139549791243649413e+00
-1.424636779956343080e-01
-1.373322026476392788e+00
7.532240101782770036e-01
-2.716637966288640849e-01
-4.537461789009512025e-01
2.693333772814622940e+00
-4.653163142457314994e-01
5.369088182495846961e-01
1.374147391480302849e+00
6.832299689445624491e-01
3.220714884593007254e-01
-7.816079892826468534e-01
2.458747793693432548e+00
2.282442174948903890e+00
-3.228700513568221742e-01
4.357325000984152430e-01
-1.435293612053085976e-02
2.137141104790667434e+00
8.969195291235113610e-01
8.994833876561166841e-01
-3.425833060967581112e+00
-2.857392898145536542e-01
-2.284213903626122200e+00
-3.263615739762447676e-01
3.692032225959732017e+00
1.744267994843263780e+00
9.477840941195030400e-01
6.766851001415464806e-01
4.219037252704916696e+00
1.159279993794488206e+00
-2.068431878169448179e+00
-2.713257227371515423e+00
-5.441675688832898761e-01
-9.699645916964150238e-01
2.829608299560903428e-01
9.816069112565812826e-01
1.942200993819379828e+00
1.591323286438914852e+00
4.901235843162297656e-01
4.315624585848434336e-01
-2.036969062989987034e+00
-5.240976890062615245e-01
-2.357408013858358409e+00
3.334673489861050832e-01
2.044296269773817176e+00
-9.659144293768885392e-01
-1.474051376013805204e+00
1.043657911926387793e+00
6.161321979585987485e-01
-2.196460817271661980e+00
-1.991626482220081096e+00
-5.033989223725259254e-01
5.322313727718952503e-02
-1.795173429595343650e+00
-6.566671652319850949e-01
-5.117480052765199794e-01
1.819078413849602782e+00
4.495500685376750405e-01
-6.576470082146488316e-01
-1.679651283923062843e+00
-2.136532795989770861e+00
-8.971590326361886802e-01
-2.076267291440215823e-01
-8.916871103557150180e-01
-1.558433443445204625e-01
-2.220134705429891664e+00
6.334303803686566203e-01
5.380125881345976246e-01
1.126950912876706568e+00
-4.529092349485422941e-01
1.879886345763492672e+00
-2.992696322871353232e-01
6.607373759934807023e-01
-3.457079326864780811e+00
1.114594643694670761e+00
-8.644389021763898562e-01
1.049853944673609263e+00
1.652293410874200674e+00
1.532787409379213539e+00
-1.863040210524929963e+00
3.774868821506220939e-01
-7.480290972826197926e-02
-2.338030956804981741e+00
-1.813042955389906785e+00
2.051068525364072581e-01
-7.790243624198831540e-01
-1.549129126454973360e+00
7.499133787431323528e-01
-1.169760418809770552e+00
-8.388957016303844050e-01
3.017803814031621457e+00
1.652937689481484007e+00
2.370433217400638171e+00
2.166606901491368475e+00
3.084642010509901500e-01
-1.663973107575013488e+00
1.527418555606273820e+00
1.601436330312311918e-01
-1.111110860533502720e+00
-3.448690089651537782e+00
-2.768959647291489468e+00
-2.607959717629575458e+00
-9.550294636886169641e-01
-6.682127742912824520e-01
-9.326994039785330148e-01
-3.787876689492920335e+00
1.106052219496064692e+00
1.988874820636749030e-01
-2.176158122768649061e+00
-1.065966328909229155e-02
-7.039536859446856587e-01
4.120879753418781988e+00
-1.485832002388717044e+00
3.648612298805328225e-01
2.680074266374862457e+00
2.004491137387436894e-01
1.120253310358501286e+00
-4.339040936878016397e-01
2.819887059393957340e-01
1.843342044064073093e+00
4.390155691977698282e+00
-6.671320919206575883e-01
-5.653632745573300422e-01
1.948158345835710792e+00
-1.232750922212650702e+00
-1.392622578011030399e+00
1.100171216900884597e+00
-1.294409276907535267e+00
-3.135626853334874675e-01
-5.323508749688770081e+00
2.251318209238554746e-01
-7.514737636609152283e-01
1.061738527302783286e+00
-3.290236458007714582e+00
2.649264194332924482e+00
2.441266077677524571e+00
-1.428003000029043124e+00
1.025313736843580958e+00
2.095360962387642800e+00
8.110432546465522474e-01
-1.521401808341806161e+00
-1.688870899775819279e+00
-9.214217483111506457e-01
-9.633368889464840601e-01
-3.162486441303347107e-02
-7.405670304562996797e-01
-1.569272513052843099e+00
2.249700112912154548e+00
5.781674243903711652e-02
7.080562115380328869e-01
5.819602896658673252e-01
1.368238606494660559e-01
-3.218437058789957561e+00
2.655053496760343190e+00
4.774952982391684753e-01
-1.683024401312116058e+00
-2.407307064489098813e+00
-1.460664190397227058e+00
-2.415149298040704551e+00
-2.536116617093491232e-01
-1.627620211554091867e+00
6.399052310526778253e-01
4.244580070572137487e+00
1.764631555353713521e+00
3.160852036916698804e+00
1.136998794505162724e+00
6.911217701823564319e+00
-1.304002079753392884e+00
-9.065639547365867967e-01
2.084151805983345263e+00
-1.203531614963479601e+00
1.282098197380094673e+00
1.162263012347961810e+00
2.052347441813594298e+00
-2.721507687243900353e+00
-1.509977429652044956e+00
2.328533186610347028e-01
-8.567661113473413748e-01
2.080140231576442122e+00
2.484219821107686244e+00
-2.402219190784776748e-01
-1.724560319770887196e+00
2.463881251043413823e+00
1.701691902386851529e+00
-2.380305573301682465e+00
-1.226889657932582089e+00
-2.958516608094056144e-01
-1.098488108840402377e+00
2.338907918870257452e-01
-1.295008556860498095e+00
1.238211527361180231e+00
-2.823436658360430229e+00
6.191842802697713477e-01
1.310946417766180927e+00
3.399270485630380811e+00
5.443332442000137217e-01
1.068839330210773042e+00
8.269709710877257702e-01
-7.961751171330037069e-01
2.541496667586724989e+00
-3.303215701227232071e+00
-1.590935482078194685e+00
6.043387366269722394e-01
-9.130868000845213661e-01
-1.453053248817813170e+00
-2.652543011573653686e-01
-1.188772443572801096e+00
-7.311823753202670861e-01
2.705538847973815830e+00
-3.278871940329982415e+00
-1.147382265531487144e+00
-2.169878104066374380e+00
1.009364130273203708e+00
2.827103564180032613e+00
2.210769985944305294e+00
