6.509289697263085372e-01
7.730661066757613664e-01
-5.163719384486853414e-01
-7.116184192598744573e-01
9.923073752805786629e-01
-4.550094333431266014e-01
1.039721538006934010e+00
-1.205386073453231788e+00
3.935146578254011818e-01
-3.748505752233679544e-01
4.012556616407025878e-02
7.691193459676490818e-01
7.798143020467818154e-02
-1.192174186639653355e+00
4.341574764302718048e-01
-3.535960732093479386e-02
1.165165934651195556e-01
2.048877399854962533e-01
-4.400880172780446964e-01
-1.146163666442761464e+00
7.667904540242043154e-02
8.288656737279791464e-01
-8.279126887328567275e-01
-1.492678032865881743e-01
-4.800764567369095737e-01
-3.036334508788638420e-01
3.512307132388026165e-01
-1.452890197531453431e-02
7.853808230334904383e-01
-8.979506221901261132e-01
-1.776065183938282388e-01
1.603172703589441639e-01
5.999105488635816386e-01
-4.531969735636574015e-01
-1.760934863961716168e-02
-5.927665670971653533e-01
-9.359045382121502499e-01
5.885738583637551979e-01
-7.034819429106460298e-01
3.847504294465609043e-01
-8.500261580553112317e-01
-8.053203706986105104e-01
1.632608410589391212e-01
6.514998516661358874e-01
-8.838496542298035497e-01
7.884033476797998041e-01
-1.271370809519578593e-02
9.206579812507507121e-01
-1.121906423452039281e-01
2.004036910390949444e-02
8.809367820396137860e-01
5.628383214340706431e-01
8.534670171052516352e-02
6.849659911256655853e-01
-4.446652633732663951e-01
-2.176364819314713372e-03
-3.253082656884656032e-01
1.224577424187468511e-01
8.317548630780247088e-02
4.619661443679092816e-01
-9.843725730983019506e-01
8.398291523598953034e-01
-5.034214878119063208e-01
9.868879665988476990e-01
-5.290428754467140227e-01
-4.398692441794875840e-01
-8.839149081373023353e-01
7.665060691110772151e-01
-1.687087617787445870e+00
4.667527195931584494e-01
7.927159116409061568e-01
7.000868335567265177e-01
-6.954839488915836032e-01
2.146535772328261871e-01
-1.402981237353715382e-01
6.947171780802537944e-01
9.162214574506679643e-01
4.981837757050526783e-01
9.784964870373527024e-01
6.793795184400190923e-01
2.355894341521937996e-01
7.777231513899418580e-01
2.744845533636353085e-01
1.378330003608527754e-01
-7.878118083385388104e-02
9.995232481392344326e-01
6.514231019116465404e-01
7.966832866787272316e-01
9.144213464544659331e-02
9.394004943311808908e-01
-3.680221874141997862e-01
7.977468439934063404e-01
-3.753637495843751282e-01
-9.041551470492938947e-01
1.203514559419471830e-02
-5.669747670140536933e-01
-1.916429548761311441e-01
-1.167610817845310844e+00
8.802166947378320394e-01
6.661098748941849390e-01
3.257459687345619637e-01
1.093403628241968129e+00
4.994272964627834988e-01
8.640418715204489786e-03
-6.998942844661495410e-01
-3.322486120429546386e-01
6.180930656741072671e-01
-8.021219435879847204e-01
2.399047678869603573e-01
1.468878997496079197e-01
-6.688637585691470377e-01
3.620855166526395497e-01
-1.217863430258181445e-02
9.816906292133942280e-02
-6.586395462654337507e-02
3.173351918836719854e-02
6.214267711828760365e-01
-2.095705548614195113e-01
-7.978222227169886605e-01
-8.919275528010137677e-01
1.532424924005399980e-01
4.019170445397000080e-01
2.410646342366846717e-01
-6.341811791428193512e-01
-5.953402642434928449e-01
-8.091096964588340157e-02
-1.731213781970164733e+00
-9.157421511647469980e-01
-6.691353447283874267e-01
2.266900325000131833e-01
-3.410917608852659377e-01
-3.590438568379701323e-01
-5.614398303110035293e-01
-5.124020802248030471e-02
2.694842152150940251e-01
2.765387323707590994e-01
-5.022400152864125999e-02
-4.789544247194627569e-01
4.362522243347962125e-01
2.008598566711039535e-01
8.752757383242815159e-01
-6.009461932129878114e-01
6.867528693644739946e-01
-7.059677627013474233e-01
9.360824402440776071e-01
7.313815384828810107e-01
7.199750044426636020e-01
-3.078961164576179410e-01
-2.732219304288583395e-01
-3.007591518844086043e-01
-2.157980069534062573e-01
-3.217047346299561905e-01
5.046609842285243452e-01
6.003755954940963591e-01
7.987929408411481580e-02
-1.351938063870452567e-01
-5.997843341742186141e-01
8.350767107899408348e-01
3.619221757355095548e-02
-6.609636449172833217e-01
8.195669438578332411e-01
1.468552579309596595e+00
-9.115994738985078172e-02
3.786908359256051515e-01
-9.552959488796244347e-01
3.315910672417822447e+00
5.990858480112115636e-01
-5.715058049712689048e-01
9.387791036378683174e-01
-7.410609487493591274e-02
7.445141287501755301e-02
-5.771400419395222858e-01
8.295284203413222368e-01
2.074902755950522870e-01
-4.145449381454777704e-01
4.041353056963861157e-01
4.541598093605379027e-01
-1.270476869277118670e+00
-5.335696048060436514e-01
-2.008427869052672454e-01
-7.626401328895615617e-01
1.520251586118951614e+00
9.812346715582302981e-01
9.746241312414363200e-01
6.292554433362167465e-01
-1.727224128185643082e+00
4.856603517355204680e-01
-8.476309001746624716e-01
-7.789732678702836477e-01
1.593431618816245621e-01
-2.511550638585182682e-01
1.356782027891731968e-01
-1.857406989897988803e+00
1.819637563797238400e-01
8.620712426269176998e-01
-8.274321442092913426e-01
-6.054599053243734375e-01
-9.156094769099458741e-01
-2.109089256594200990e-01
5.090692415005435567e-01
-9.820154701403802644e-01
3.826859941326390402e-01
2.754199040457914194e-01
5.694309912982811195e-01
-1.159532410472920994e-01
9.951640752199009121e-01
6.267007442796328487e-01
9.889278509589307653e-01
-9.405479684763906612e-01
9.878418008314873155e-01
-6.578077340374026694e-01
3.085855201604930098e-01
7.901016153136353193e-01
1.939314825252344665e+00
-8.443838992661185650e-01
7.633469165852573290e-01
1.007907151693909764e-01
1.665076020712571214e+00
6.110955051138788896e-02
5.878072624432399973e-01
-8.669128102202898756e-01
-2.718695164130000563e-01
-4.292048225037448095e-01
-7.976026304829608726e-01
1.096283674457998458e-02
1.060791965481452159e+00
-4.972970478844311870e-01
-1.692515553375545934e-01
7.657274837521216293e-01
-3.765824211195967219e-01
7.341447913935168490e-01
5.349190867352844325e-01
7.065744742146498059e-01
-1.915929004372547428e-01
-1.963049834977863561e-01
-1.102578927909713791e+00
1.616658717858177496e+00
3.295897675782817338e-01
9.815470666398262711e-01
-2.695595853075349879e-01
-2.925280149358890913e-01
2.183385831938742250e-01
3.629110300430071767e-02
-3.807179632406110237e-01
4.538713143744015355e-01
-1.331021672280705559e-01
-1.631108480639326341e+00
-3.842762012941403071e-02
-1.885290699971144956e-01
-6.139623509034586313e-02
-5.357590043891498066e-01
4.080981436954647101e-01
2.528316459446002806e-01
1.413282390647194742e-01
5.118543662095176305e-01
4.917458088370874059e-02
-2.203251612919445712e-01
-2.976658110507450772e-01
3.624825121785335558e-01
-9.922291595761449923e-01
-8.983368424987170364e-02
5.369502555972232027e-01
8.529299722931329431e-01
-9.160917329229947281e-01
8.356483418021980469e-01
