-8.450907676674304092e-01
1.270030764911925569e+00
7.099092292486099964e-01
-1.058954861415232429e+00
4.790583421879108794e-01
2.516457231335734068e+00
2.150540162161842517e+00
-5.162885365711573638e-01
6.773631674412670112e-01
6.759629593750805521e-01
5.594830597274769168e-01
8.928199990974206024e-02
1.656233704625352354e+00
1.691601943589623458e+00
2.798821194166106752e-02
-3.961649689169487454e-01
-1.936669762038413456e+00
-6.469660580219219748e-01
2.567078369386864289e-01
-5.227686764761888538e-01
-1.498760978319886750e+00
-2.951655099017793105e-01
-4.897921296195597129e+00
6.188191899723605172e-01
-1.206292659998075889e+00
4.198777723831773834e+00
7.578222478684021324e-02
7.712496874382166467e-01
2.488535821315284835e+00
-5.552457152170712229e-01
-2.210034686364183987e+00
7.485548756272436544e-01
-2.261921185916301980e+00
2.411441933974991958e+00
1.748184725992875110e+00
3.037396666024345215e+00
3.113096099568711805e-01
-6.555951856931974131e-02
6.838621452485859065e-01
-4.320207481222951840e-01
-1.080239199365335967e+00
-1.491258929839393010e+00
4.562682097736296960e-01
-1.063687859499089061e+00
2.086343153481760915e+00
5.237568884326999630e-01
-3.548692543393775267e+00
2.638095781369814929e+00
6.006794821315324384e-01
-2.580813386883404448e+00
8.725112055662669341e-01
-6.786282441857443004e-01
-4.253489639125683786e-01
7.241765305879038772e-01
-1.354224441246766886e-01
2.207421588342830532e-01
-2.062249572027156086e-01
-5.405375549378668154e-01
-9.661964351475378354e-01
6.536907462544867542e-01
3.912599677389176911e-01
3.092100140079332427e-01
7.825201052037795701e-01
7.227177795920938230e-01
1.154253384356060508e+00
-1.199191221363206328e+00
-2.507577942994467346e+00
-2.954708473669218627e-01
7.382568554182787901e-01
1.404188783586828748e+00
9.615781446074476158e-01
-3.196430324590249672e+00
5.634469636949210880e-01
1.278793173705098596e+00
-9.113471406338899961e-01
-1.897007404529169827e+00
6.862640892961122674e-01
-1.460565665132184665e-01
2.572343525024609612e+00
1.825912138810733776e+00
3.774435910760710833e+00
2.325459067985794714e+00
1.376403802361832129e+00
-2.038279986108371133e-01
3.980589827173054984e-01
4.871403695490084118e-01
1.740245666495367161e+00
-7.343083865511790265e-02
1.470913589798770627e+00
1.516564842646684674e+00
1.302633244454891592e+00
-1.789703596068223490e+00
-3.868015107951092713e-01
1.936293353620993862e+00
-1.114228627624626711e+00
7.272388688289538328e-01
1.768663983639637838e+00
-6.603501072795187055e-01
-1.561520257130674771e+00
-1.453197011866009802e+00
1.861548363589642818e+00
-1.703672372763290754e+00
8.090723850970183983e-01
2.970411992154471825e+00
2.641037386598368730e+00
1.296246312017194091e+00
-2.635808156788814749e-01
4.800121747314128884e-01
-3.657908845860672331e-01
1.335296797543238823e+00
-3.836091085878748919e-01
-1.096687761106434511e+00
2.682355177402773627e+00
-2.339154212856712434e+00
-2.902194750666555301e+00
4.425929650858132502e-01
4.740483518034996901e-01
-1.190151677747109282e+00
-3.042868488301368579e+00
-6.283893988368286498e-01
-4.469365520073886877e-02
1.755790157761382142e-01
1.619304377828584274e-01
-1.311567201190986465e+00
-6.688452816815605440e-01
-2.032787424230156237e+00
-1.826513056008307156e+00
-1.652623042886120608e+00
-6.359223040467872901e-01
-5.741535387546456981e-01
3.861169918590706018e+00
1.524099246832806731e+00
5.358376943343434728e-01
-2.253582177073151782e-02
9.678218326069765176e-02
1.854370000032445898e+00
1.722648263060708951e+00
1.466952946026847115e+00
4.419233485953492080e-01
-4.487132365565162928e-01
-2.794221086134472731e+00
4.812197275872751590e-01
-1.089198689866159864e+00
9.998853412559436382e-01
-6.755091280659661912e-01
7.779857848687278532e-02
-1.100716533154975307e+00
-3.779193486786165401e+00
-4.160035121088113685e-01
-1.431908175317655185e-01
5.753185042113092562e-01
-7.161387311816508339e-01
-1.366946706549013069e+00
1.665689723755326757e+00
5.456975837744356683e-01
6.232206789962356774e-01
-5.156157043660677397e-01
-2.633803972295558182e+00
5.501089177213658310e-01
-9.546378186285442435e-01
-1.302350186969480683e+00
2.379630896533275752e-01
-5.561317593724985908e-01
-5.701086556816272743e-01
4.955028967416735819e-01
1.853197115252218419e+00
-3.112309550008951486e-01
3.123949266448671214e+00
5.373862237001605369e-01
6.538996096551434878e-01
1.522862771299091644e-01
-2.476269262801145121e+00
1.162454410837885588e+00
-1.640688368619282578e+00
-2.620964496713599212e-01
-8.531077648374290057e-01
2.102290517174171036e+00
-1.130455248136669422e+00
-1.478788863789776808e+00
1.571884489601373502e+00
-2.560741575571143236e-01
1.377602204026277199e+00
1.095638499955562839e+00
2.015118661164684077e+00
-1.691402787420988263e+00
3.792337471695828022e-03
-3.637971455349275907e-02
-2.621887631738377689e-01
-2.982562883667827514e-03
1.264408761542424653e+00
-1.812267425272090726e+00
1.015985696309675390e+00
5.766497805990478120e-02
1.038024374142254014e-01
1.280234984726596137e+00
-2.336392805895184388e-01
-5.683479552193033690e-01
-8.346015293499451371e-01
1.799839172169216850e+00
1.110496474049353699e+00
2.163205041974019416e+00
-1.713382765102190231e+00
1.557292767592611815e-01
5.842746328065491213e-01
1.140483107432393783e+00
-1.051934570528124224e+00
5.716817433435208429e-01
1.491480490338107368e+00
-1.257690230207721305e+00
6.577887958393803247e-01
-4.107465508033600443e+00
1.390380900037368805e+00
2.431297087871934437e+00
2.189267815409293938e+00
2.647488662552769600e+00
3.303911900324753015e-01
-2.293890650191653613e+00
1.232339968732974134e+00
1.926115951738454735e+00
1.698205436388311229e+00
-1.690003655430073692e+00
6.233593969739642526e-01
1.726235601112023232e+00
-9.690433260712745245e-01
7.635722285262172004e-01
-1.790033558812392567e+00
3.196944815842823751e-01
1.253274331538353881e+00
1.369701282313047219e+00
8.885627383128822387e-01
-2.248741660537878495e+00
5.084212482870493766e-01
1.940367101960743579e+00
-1.819883965627004274e+00
1.717804067654167266e+00
-3.199753436169582521e+00
7.764473503055471237e-01
8.259680293543154583e-01
3.206458024019746667e+00
2.688499823038749792e+00
-2.814139197995705111e+00
-1.665687637142235999e+00
1.254893965727150729e-01
1.931647400148556182e-01
-3.299793225644785388e-01
-3.133191926352842382e-01
-1.103125728044706211e+00
-7.644829752897563946e-02
1.553092165185664619e+00
1.198044229737781574e+00
1.863385090429493074e+00
7.039673223711241379e-01
-3.793528744381940987e-01
9.816391808878127678e-01
-5.861263841036459254e-01
-1.329890830752082476e+00
1.941394635670524726e+00
-1.376040497825131270e+00
-1.159485130897752292e+00
1.467544829397158468e+00
-2.998247885113478617e-01
-1.810763508470436545e+00
-1.639552650774285469e+00
6.989491837314654177e-01
5.340301251030388219e-01
