1.198368367807328250e+00
-1.628505080919593784e+00
9.376748175092854132e-02
5.554415924066267163e-01
-2.060977526504123691e+00
-9.485746128874743971e-03
-9.435317440462810401e-01
-2.655766439567847081e-01
1.456386353368560593e-01
-3.310383103452481546e+00
3.061160783892184156e+00
3.356049608428345321e-01
5.479365585092237367e-01
1.535427791558080957e+00
-2.557480371886037496e+00
1.495804578223040027e+00
-1.561907117098284115e+00
2.199005566285662017e+00
1.965032676639568265e+00
3.212035567859524710e-01
7.236601578709507265e-01
8.891579306141492722e-01
-1.526571337176754639e+00
5.542659983330552320e-01
1.317084149744765176e+00
2.729276749502200228e-01
-1.951771528852852322e+00
5.308035435858844409e-01
-8.630832583283896131e-01
2.797291656107654401e-01
9.438459935634979647e-01
8.698098118586529148e-01
-1.985090770724778020e+00
4.445508752477230985e+00
-2.565271832198737556e+00
-2.766406826492062709e-02
-1.452173917734673747e+00
4.062071420239403707e+00
-1.802737235048357478e+00
3.188043951606491788e-01
-1.398005704244060787e+00
-4.422668112474749336e+00
-1.229304585573205211e+00
-2.551559013193355208e-02
-6.683424575342635787e-01
-7.919025086298051574e-01
1.760239253667095660e+00
-1.748877422922882729e+00
-2.252544509167558884e-01
-7.156247124138442883e-01
-5.955787644507338774e-01
5.904011873819478007e-01
1.263142382757081794e+00
-8.587641083540149545e-01
2.080705165047782024e-01
4.371483061654861113e-01
1.598417544316374395e+00
2.564410624939166827e-01
5.202613348089344392e-01
1.815301103763790280e+00
-7.953642845956365726e-01
1.514729874273808008e+00
1.354419006988494933e+00
-9.495968262898281109e-01
-9.506153779700822204e-01
-5.195884651578605018e-01
1.622781443700031523e-01
-2.394778503243583656e-01
-3.231714907002529724e+00
-3.586554407176512083e+00
6.508951177253586851e-01
1.046016417726297387e+00
1.971829154452905630e+00
-1.738715003963222205e+00
-9.644806734231503587e-01
-8.872381435679888018e-01
-2.088772461757534948e+00
2.717390389383939286e+00
5.257372302438765299e-01
-8.380145779998909861e-01
2.102754529435791664e+00
5.958626603612183770e-01
-9.395598036037875467e-01
-1.097355484621093336e+00
-1.133597371261926057e+00
-3.009738737151524957e-01
5.138149063504049430e-01
-3.095813984326287294e+00
-3.836170331630261998e+00
4.207770426391311269e-01
-2.165097874086302276e+00
9.433385806772671689e-01
6.251355053638216752e-01
-8.096273914864300369e-01
-9.254823432684898821e-01
2.428423782162037359e+00
-4.491571845502236648e+00
3.061352344478601051e+00
-1.283357661335034594e+00
-6.678990672494873326e-01
2.869180397882870048e-01
1.243420713171345504e+00
3.018061148136510496e+00
-4.096256215575904691e-01
2.495968807088774000e+00
-5.661042416568564661e-01
-1.591824751017483885e+00
-3.111816989562990354e+00
7.796403812087054908e-01
8.926382442827287544e-01
-7.352872836085111441e-01
-3.905501303793836310e-01
1.246542766391846024e+00
1.632283376261685903e-01
-5.466380781972526304e-01
1.037089347704989173e+00
1.943305966843027921e+00
1.331004830651238535e+00
-1.360332097023007947e+00
3.647046806968029520e-01
-1.579905654622972833e-01
4.085148753438404334e+00
1.636912770784088700e+00
1.062528711804266113e+00
3.896700665445878564e-01
2.030166994293576721e+00
5.585074067981684598e-01
1.918201177432826698e+00
-2.866060827019616952e-01
-2.847441307414324108e+00
5.560936540803805839e-01
7.134216273545700426e-01
5.438165382791432245e-01
1.893479211574015664e-01
8.128477795589605925e-02
-2.419223559502719390e+00
4.977618973514663647e-02
1.791702959332166056e+00
1.119433081663818275e+00
-4.493215113650286807e-01
8.055211276703301282e-01
2.470346327050680635e-02
-9.033982237664713866e-01
3.079159421680421893e+00
8.769763940073860287e-01
8.478343044259845085e-01
-3.003379273581777920e+00
4.258446719402583902e+00
8.890060784881955724e-01
-6.813227777377939276e-01
-4.596739028055318421e+00
4.371809461624787119e-02
1.163476617721890954e-01
1.662746906296728833e+00
2.530378686943350441e+00
-2.744446587969532891e-01
-1.869669082722658304e+00
-6.498150094568660995e-01
-9.423570027549520445e-01
1.862559955293846825e-01
-2.274177338348257305e+00
1.049273411521093102e+00
-2.369146004865910538e+00
-8.692057083505058124e-01
1.711647578362358590e-01
-1.303636023783736997e+00
9.569508552256102973e-01
6.782395244580958771e-01
-8.164991230343904283e-01
-2.482003512926485911e+00
3.021417809389401299e+00
-3.867003985114556563e-01
-4.885266463646287249e-02
2.256468924861531056e-01
7.730889475806350664e-01
-1.106699757686654850e+00
-5.132314763257480594e-01
-9.212237750181406781e-01
-2.787587712664084005e+00
1.164917830589788039e+00
-2.041039080671472217e+00
5.097674011111229753e+00
-1.631354388301126113e+00
-5.506036600269716974e-01
-2.859450093480274901e+00
2.567308959143506542e+00
-7.041834316055564091e-01
-2.285013212281475692e+00
-3.139199512335987263e-01
-2.873733547138233480e+00
-1.326095491759787137e+00
-3.949675691126730559e-02
-1.009609788540828612e+00
2.118884865829910313e-01
-2.464931367676711282e+00
-8.804049156232800488e-01
1.026754162807071769e+00
3.956857026233959185e-01
5.913932356171076599e+00
2.844131604778102895e-01
1.111522793573811729e-01
-1.111777506646856928e+00
-1.426789905812007320e-01
-9.468646221556760167e-01
2.500079766592119279e-01
5.233277263038526028e-01
6.306521492550469787e-01
9.898999220696608203e-01
-3.557250385806526083e+00
2.886303912519404324e+00
8.180009139458310763e-01
1.495053197886309304e+00
2.300717495358006737e+00
9.600385234324817496e-01
2.818004619775872133e+00
-5.021261891325260081e-03
-2.133007044863553858e+00
-6.489114691809092506e-01
-2.543442309489363784e-01
8.946523657224300097e-01
-2.352596725568991243e+00
6.940797936138680679e-01
-2.130374173221002421e-01
-1.252096284247972813e+00
-1.149509994601910723e+00
6.463081053500014939e-01
1.095097509909878974e+00
2.123905467103691880e+00
-2.169088497516570513e+00
6.874350827449071666e-01
4.876585325489840028e-01
1.171698720572570851e+00
4.819963778343894667e+00
8.903361744856933546e-01
1.725050141508617463e+00
3.473652565971137918e+00
1.631822293987501005e-01
2.991792815864763089e+00
4.028596362521191132e+00
2.445130011595157971e+00
3.078425512303267109e+00
7.198049524939319488e-01
1.513331226778171112e+00
1.166949973726832401e-01
-2.528192900410505484e+00
2.678608628676651282e+00
3.306832580745478811e+00
-1.001895792418927844e-01
3.912654745696685588e+00
3.038951279931034755e-02
-3.752374089706219884e+00
-9.056555247772019035e-02
6.503502389804843853e-01
-1.382019073557692046e-01
-2.125108629863181608e+00
-5.649168904762762455e-01
-3.495009695325713706e-01
-1.504917956510975374e+00
2.510297849899477463e+00
-1.953598244695095243e+00
5.568370610145743083e-01
-2.732017071206752412e+00
-1.059305991511230172e+00
1.495753211772363089e+00
3.229915089473536671e+00
-4.567043464281746457e-01
9.107476626505181527e-02
1.169470733069472690e+00
3.327601375241072690e-01
-3.422178432366598244e-01
-9.517204571174474603e-01
6.407672035156214418e-01
-2.338608182909988731e+00
1.531690154377225888e+00
1.689287666847738567e-01
2.878520659946829152e+00
-3.152356460292251028e-01
-1.253141302140118984e+00
-5.520764469615163650e-01
3.945633334053464947e-01
-3.239740281839305069e-01
1.648623350472998572e+00
5.393583607733025698e-01
1.031680461120838110e+00
-1.185494320660406498e+00
3.801873374240934966e-01
-1.308505998451839902e+00
-7.908138466824966573e-01
3.992984520258241465e-01
6.673000058861926487e-01
-1.223675103680587517e+00
1.392536625336529221e+00
7.252879991347028765e-01
1.322472951149070930e+00
-1.866505563563315873e+00
4.413968641420897843e-01
-1.391846622403741351e+00
1.613898663408157130e+00
-3.319954419923520916e-01
-2.987649612204683058e-01
3.345087800457612892e-01
1.007373250666955045e+00
-6.250943439707767890e-01
1.298860253929932984e+00
-6.260380703215027154e-01
-1.238351667205878748e+00
2.181350515337482587e+00
1.065261425864963307e+00
2.138039580350017677e-01
-2.867501378741749818e+00
2.678048851424943422e+00
2.652077635578801162e-01
-1.636209283046642371e+00
2.492886650658781567e-01
8.045871854596461925e-02
1.974478459219387805e+00
-3.167043691468736988e+00
1.275218137410829122e+00
-5.172902266481915756e-02
1.755648598329873522e+00
1.219978187144030723e-01
-4.900599717501002428e-01
-2.008056493636555029e+00
-6.234128009315312857e-01
-2.030792106771236671e+00
3.015973906613713673e-01
1.710221057575116166e-01
2.891165764600390098e+00
6.326504795667653447e-01
9.083401248669373818e-01
2.350918032666686752e-01
-6.329438635186507289e-01
-1.285573293535154371e-01
1.691959533786000502e+00
2.113713588121208797e+00
-3.062262528872873091e+00
-1.822815471090652562e+00
-2.565319887712677271e+00
7.886118220866693562e-01
1.629669887046795163e-01
-1.224909347455533482e+00
4.326837481460430457e-01
-1.385276802773653948e+00
3.507394257625369605e+00
4.447958115916532673e-01
-2.485189692081977597e+00
2.734087630095271670e+00
8.197649229874786059e-01
1.491758371244392478e+00
-1.297343711299224989e+00
-1.256933499104857077e+00
-5.108981790941446999e-01
6.859353229526625739e-01
5.293049386862113126e-01
4.381293826959987925e+00
1.064279153537421863e+00
4.377270449975473987e+00
1.304287933246558673e+00
6.496862865484647198e-01
2.817732919004091841e+00
-1.895476629170750327e-03
-9.193622088615592824e-01
-6.213787121846757744e-01
2.847357137104802316e+00
-6.159768191772684309e-01
4.313350642565874637e-01
-6.684070115574118898e-01
1.560231991226569415e+00
-1.658142584680538434e+00
3.670673975616875140e+00
2.312597171205435842e+00
5.885233629262576205e-01
8.389270912447605033e-02
-4.052983261251337788e-01
-6.877658618284661074e-01
-3.272631998362926509e-01
-2.737624249842002033e+00
2.525121021495640328e+00
2.640615357663019136e+00
-3.595236251217064916e-01
3.592354400941444315e-01
-2.474935848444802744e+00
1.298051412512293723e+00
-1.438876798746798524e+00
-8.984721606132430871e-01
-1.566137869433312790e+00
5.088495986579296693e-01
1.960450008182992754e+00
1.637468335444999257e-01
4.324800940702677288e+00
-1.440492795737053633e-01
-7.926738186528563546e-01
4.146588736715551171e+00
2.644477964291830574e+00
2.246004297954195650e+00
1.658389250366125500e+00
-2.008820003796018550e-01
-1.870541635281700033e-02
2.186021024303329341e+00
-1.962851972361220776e+00
1.569313038876205102e+00
9.472109056738384769e-01
4.351149502595014207e-01
-2.095422443891259867e+00
-3.687300731930749365e-01
1.480730876713081123e+00
-1.709062321920938043e-01
1.397162413496809918e+00
1.410527838114046695e+00
-3.429560307391638085e-01
-1.594331751686328902e+00
2.391604544529705834e+00
6.218373115807176443e-01
7.858148380046803272e-01
-7.835921835096459898e-03
1.783437848458570674e+00
1.233906776120302640e-02
-1.265607306065311410e-01
-9.113860005172306211e-01
-3.481829859401702087e+00
1.160254459987337006e+00
-3.692960167869850707e+00
1.882868688050810757e+00
-3.792362057135467146e-01
2.305065513393435239e+00
1.975433144844765954e+00
1.260339303072601114e+00
-1.112781598659212445e+00
3.649888152553245835e+00
-2.588017922613115585e-01
6.232348518222865508e-01
3.674567207378257039e-01
6.701329381452945100e-01
6.606029283635226346e-01
6.906009802314819757e-01
5.933689996100668385e-01
7.158393950510555381e-01
2.291607483579711779e+00
-1.854093631862706371e+00
2.367425535842248574e-01
8.651034504792959323e-01
1.517947061517734286e-01
1.253740353028547361e+00
-9.686345408034748861e-01
-2.127237749473722239e+00
-1.375286915154178446e+00
5.517342783773795251e-02
1.378198246146661976e+00
2.646385880762338605e+00
-2.589917051810428639e+00
-8.245138545371755168e-02
-3.226684310211854090e+00
1.083424383664945007e-01
1.051670636987176666e+00
-3.682988515086131898e+00
-1.862376968448216985e+00
-3.946863122243030042e-01
2.202697203669325532e+00
9.744547698729844054e-01
1.317442408282852417e+00
7.914026714911681637e-01
-1.619967385125208992e+00
-3.738849455309199432e-01
-8.243411395581595746e-01
9.373599845347979631e-01
-1.243057339249040716e+00
-1.571260875468228235e+00
-2.852490125424944623e+00
9.367165815183458033e-01
-1.954989204970988714e+00
-1.177816918243442590e+00
8.003876984417417351e-01
-3.535800986364388443e+00
1.353304285450179556e+00
-1.611133680142102786e+00
-1.170201330706317933e+00
-2.002373505950565402e+00
-1.060551851974168569e-01
-1.028681286490399138e+00
-1.470684821392149733e+00
9.814959532457478986e-02
8.541393339309003574e-01
2.462576591539860082e+00
-5.670216593170562813e-02
1.696035208629447899e+00
-8.631319904796629361e-01
-2.295865477626837681e+00
-1.332620805557343413e+00
-9.023167243111063218e-01
-1.513688444055072413e+00
1.923341199071855412e+00
-1.272552802381876846e+00
2.596608944811059860e+00
-1.609698678984082809e-01
2.306099460169346749e+00
-7.525989303931363006e-01
1.580832127092129946e+00
1.693206164362017319e+00
2.699083689328523938e+00
1.639562397334241695e+00
-5.912424396821873707e-01
-9.433039761819459468e-01
6.860040551316395896e-02
1.639106415466174305e+00
1.989957683418994927e+00
1.166361301301865439e+00
-1.016435664397147831e-01
8.006089602496193613e-01
1.140519398949487506e+00
-7.246459929933410926e-01
3.541619422791703053e-02
-3.000642297497555067e+00
7.334353544831737626e-01
1.100711226988129621e+00
-1.395610150286414664e+00
8.846034911681177615e-03
-1.350575087667493790e+00
2.058235081055962978e-01
1.568823415177122538e+00
-3.601027132314552848e+00
1.655080785912323993e+00
-2.058020635198504422e+00
2.464209554969936100e+00
-1.489960748817269698e+00
-1.790023659138224810e+00
-2.958566771231181836e+00
3.024359847463800044e+00
-8.046493229523936641e-01
2.463181390016620842e+00
2.257017791164581122e-01
-1.138514559742412668e+00
-8.339094242852891359e-01
9.238852017089385082e-01
-2.258184346650555230e-01
-1.373083590733757520e+00
-1.035302262271540208e+00
-2.252864543743945958e-03
5.386855223900552936e-01
-3.469950720694240931e-01
-3.025640300262462556e+00
-8.603848147550596792e-01
3.406368246853431092e+00
3.491069764711700607e-01
1.335118258068701547e+00
4.417328240887204438e-01
-2.633511727771388866e+00
-2.017821630462128812e+00
5.167670299355919816e-01
8.988796080002471323e-01
6.679717150809842963e-01
4.766986697438793108e-01
3.991272303869131122e-02
1.602714958037420589e-01
-1.351793271938009244e+00
2.598761646300892791e-01
4.466408665949154200e-01
1.029628150886586768e-01
1.078156867824323184e+00
1.068785886923971695e+00
4.280383707000515181e-02
-7.236798204693806191e-02
2.363160442827934027e-01
5.523654059684561801e-01
1.222752967812119618e-01
2.674858831029151673e+00
8.305076989854753844e-01
-1.200262467182107162e-01
-1.551572997555776157e+00
-1.280806555514278688e+00
9.078920511417620798e-01
-7.970015518392443710e-01
-1.548420587831640827e+00
3.474519611962533006e+00
-1.492672571175752694e+00
7.551783175821874528e-01
1.906404226956529779e+00
1.271244200339320507e+00
-1.121359944970518718e+00
-2.494439664252392941e+00
4.394520801897316975e-02
-3.760298230510965567e-01
-1.081511307456820781e+00
-1.485087873784490808e+00
2.111996164316887192e+00
-4.851772663875817848e+00
-2.126452326082560074e+00
1.148457652336263290e+00
-1.134878696213770022e+00
-1.437416800732255862e+00
1.137803389723143210e+00
-4.855587580617064525e-01
6.342197622181374728e-01
1.355828847375001311e+00
1.823623282871811302e-02
-2.438712443352640591e+00
-1.954488998910264286e+00
5.260021409407166226e-01
2.272278297370242228e+00
-4.119621919170259883e-01
3.274152828344520927e-01
-1.165420080191620356e+00
-1.069229369730861912e+00
-1.320171478751402727e+00
2.389659034937459570e+00
-1.624240135740103064e+00
8.177664455429097812e-01
-1.787095046535138287e+00
-4.130479424348054707e-01
-2.479397379102602272e+00
4.837790785282582995e+00
1.345658469380123901e+00
-8.659793383181181303e-01
-8.717565979131015608e-01
-2.112848428400107004e+00
4.654957906160881453e-01
5.748591564211964489e-01
-3.110763573800246817e+00
-9.341492362133990701e-01
2.052631632023524055e+00
-1.563517705128284252e+00
-1.278178288501567117e+00
-1.785506766890101016e+00
6.942130704685967046e-01
2.232133904194703256e+00
1.117079075204221228e+00
-3.787234436610559918e+00
-1.132118164495940604e+00
-3.178255969255777691e-01
-4.695208797894248054e-01
2.235009603422564717e-01
3.832152074568384137e+00
1.084499628556407025e+00
-2.540457153259032541e-01
-3.245600232949621966e-01
1.621025568908611048e+00
2.732425085802053566e+00
1.050884104282338471e+00
-1.271523585386982180e+00
6.706019353271683858e-01
6.302538572776044123e-01
-4.104051258887814746e-01
1.219367766506069595e+00
-2.598492729896821452e+00
-1.163052944211080852e+00
8.859073248911911724e-01
-2.359278135609709004e+00
1.513372185737687392e+00
8.543714512447057041e-01
2.380603527286768717e+00
-4.085952101109507351e-01
