-1.137318938927470047e+00
1.697581295800795198e-01
1.515987523457211328e+00
2.481520654530303904e+00
3.604127202564437749e-01
-1.609981512467518083e+00
-1.342248060837404555e+00
1.462122400760519358e-01
1.146937401335818674e+00
-1.980853594589437883e-03
4.954446765843371625e-01
-2.092350244296826922e+00
1.865633590139644249e-01
-7.101073172542144984e-01
8.559408447237678574e-01
-1.065337222948675944e+00
-1.930328465897409806e+00
8.736940028282242920e-01
1.530166088101621580e-01
-1.466064228593752627e+00
-1.123629039092809645e+00
6.882855872594532132e-01
-3.037647924950518386e-01
6.071632364234670343e-01
5.501733405421067591e-01
2.080941311371867108e+00
-2.026137119277528598e+00
1.001364491287978775e-01
-3.134861856649286516e+00
-2.481436373066274736e-01
1.561318971346033369e+00
1.139738880855129671e-01
-8.056830222116947438e-01
-1.132267087870262978e+00
-1.570428776964810424e+00
-9.322073572195583857e-01
-1.801664415583765333e+00
-1.446915549100658560e-01
-7.387596429790006525e-01
3.780783111424705911e+00
-1.720367427367425484e-01
6.068969756642172975e-01
1.767982789222472872e+00
-1.454625518683346219e-01
-1.198149437449610000e+00
-7.621967255512659412e-01
-4.554067430807821060e-01
1.643081603901055843e+00
1.818443548995668735e+00
2.315710953310129661e+00
6.918928685843508397e-01
-3.529735521132248977e-02
-7.477924169612424343e-01
4.781120433421500726e-01
-8.287134837919108987e-01
-3.439726805744303118e-02
-4.377713488529185182e-01
3.640462088217197301e-02
-6.328852736399765977e-01
-1.554932920532958729e+00
-1.455237166089031753e+00
-3.430818655425604824e-01
-1.228309727485224379e+00
3.232979113384121805e-01
-3.456963314885169503e+00
-1.547354260088714684e-01
1.269234514178916973e+00
-2.250803655510542622e-01
-3.356960476948351313e-01
2.084648601144184266e+00
4.352775353843840733e-02
1.854628677722369723e+00
3.129647071860285124e+00
4.009891287365813239e-01
3.608186585989641704e-01
1.121519034400820125e+00
5.719789695705077004e-02
-3.194994493182317097e-01
-9.210352791669104144e-01
-2.151995166247529845e+00
1.098001561896776890e+00
-1.022071807027937762e+00
-9.289780298537809733e-01
-2.999851374327150655e+00
-3.056866371447885533e-01
2.534054770359721598e-01
-1.444780652938527921e-01
1.731714259433918768e+00
-1.730756757165116566e+00
7.180602228867298820e-01
-1.662862491253187969e+00
-5.004946158257298494e-01
2.354520513264831916e+00
9.179388485873524184e-01
-1.987085847765598823e+00
-4.189331611022100166e-01
5.921879256571422889e-01
1.566241465753428042e+00
-9.942481949493355842e-01
6.698806906340155631e-01
6.831971517530954774e-01
-1.063275863508838182e+00
9.058598595126547692e-02
2.311635256252561610e-01
1.400678808865984948e-01
2.106308948040461093e+00
-9.730882139726972913e-01
-2.002997055127090587e+00
1.630458884766411987e-01
-1.585590004047208401e+00
-6.653684284915823977e-01
1.334084580913978968e-01
-8.272268724905681436e-01
1.272725692505539019e+00
-8.717385171782192632e-01
6.171212018814219435e-01
-2.826198951566328832e-01
-8.752809482142772657e-01
3.243651906241186822e+00
-7.523137405423858670e-01
-1.335559932121185733e+00
-1.005905314753061219e+00
-5.872791376410370079e-01
-1.053501795257928420e+00
1.670710270357817162e+00
-2.405142758836951167e+00
2.762126030972977819e+00
4.406816667812367694e-01
-1.893957147498016358e+00
4.173007044109897645e-01
-1.055694143957689457e+00
-1.677156975862065691e+00
-2.293349409494921609e+00
-1.361595248961162685e+00
-2.073140732195081215e-01
8.754716770706147955e-01
-3.428384267919254436e-01
8.957571494586926697e-01
3.797996620139825197e+00
2.443257741117610848e+00
-1.757528419144257281e+00
1.929200960213774962e-01
6.323782253535921161e-01
-1.640489373582772581e+00
-1.280623998990001677e+00
-1.269215687516135338e-01
2.710172269766616404e-01
-8.138715542803682812e-01
-3.623622996066317548e+00
3.793042857045682004e-01
-4.854786406772748641e-02
2.740955378865550518e-02
2.903459483173361555e+00
3.672691203783219338e-01
1.728341048698319504e+00
4.397910009355922023e-01
-2.938238600482069307e-01
-8.479180451977211819e-01
-1.477506481586513098e+00
-2.195086095064652909e+00
5.168485537601885671e-01
1.549042977645695318e+00
7.855020045462189904e-01
1.368660842936764155e+00
6.196731136695261544e-01
-1.906650520788547576e+00
1.934344631067974607e+00
7.998125007556571298e-01
-6.907948932471492665e-01
2.578366936471639725e+00
-1.605846898051067617e-01
-2.288017753950841726e+00
5.245994830672646714e-01
-4.456556476801392108e+00
-6.557714350368721856e-01
1.991398983712214354e+00
7.523039737083857537e-01
8.259087914311050715e-01
-2.088690260183237779e+00
-6.717589048212779801e-01
-2.023783257332671059e+00
4.106721692931823431e-01
-2.805991492307303714e-01
-8.047337709873314537e-01
-6.008007927017078309e-01
-2.220575797932353712e+00
1.385879441159768355e+00
-2.250881352784837031e+00
1.875743878194483960e+00
-1.135196898197200488e+00
6.602586926612186158e-01
-2.176588459153117938e+00
1.231120031449885133e+00
6.718785739002169910e-01
9.956816618095253313e-01
6.921946087295222094e-01
-1.215755330822590352e+00
-1.724777010400325272e+00
2.834643304026585042e-01
-2.258171548908346482e-01
7.838402639115786830e-01
1.662799893740536827e+00
-2.329303943942287347e+00
-1.356911955011303794e+00
7.710111679049651556e-01
9.123844721706434457e-01
1.442304261051582381e-01
-1.129753892421184513e+00
-5.493769133240090641e-01
8.689748147191587169e-01
-6.994596886245376677e-01
-3.201910448324593261e+00
1.223074035430837592e+00
2.880417564296410937e+00
-1.195397587816126705e+00
-2.256358219216631156e+00
5.223865585310445425e-01
-1.851716674638410609e-01
-1.076557958987213404e+00
-5.937821852205440454e-01
-1.093487606785559674e+00
-1.298974264244821542e-01
-1.433423054661790319e+00
1.291050741845481964e+00
-2.199801890550787675e+00
1.845801661006105210e+00
-5.730520556675969823e-01
-1.871858286496052015e+00
1.441738850668316640e+00
4.740997767231531768e-01
1.689801017841036757e+00
1.110586411266540230e+00
-3.227696875970186841e-01
1.333166632756557224e-01
2.117591811352828479e+00
-8.436876766762958502e-01
-3.818105734233908644e-01
2.389529769160299466e+00
2.935997070451988877e-01
-1.704236320537916516e+00
-1.971852465001939780e-01
1.224330220909213063e+00
3.025751771164944870e+00
-7.487287621958277350e-02
-9.338712899067364015e-01
-2.733117071592236602e+00
-5.037685856444421573e-01
2.493637599838403607e-01
-4.903604169615149999e-02
-8.633102596096307035e-01
-5.322145930781427836e-01
-7.636679954076552868e-02
-6.083668428652103666e-01
2.701866777893371818e+00
-2.863146627008378520e+00
-1.314196061634195445e+00
-1.833964703541360874e+00
8.677815225693137346e-01
8.454977562379070166e-01
6.036197554407010113e-01
-2.440632009280436776e-01
3.344378096156542135e+00
3.179710542012278651e+00
1.533249294078510294e+00
-7.787683313297616428e-01
