-7.233667775140826262e-01
-3.177919588339260804e-01
-7.372173880158076065e-01
-2.705687015124363271e+00
1.200676290438353222e+00
-4.785140925071527107e-01
-1.314909850584148554e+00
-1.820401957758248646e-01
1.089948294304706078e+00
1.231380793337520707e+00
2.802983878831047715e+00
3.938386803967647287e-01
-2.407279663862973429e-01
1.108644132871621224e-01
1.612864760528221586e+00
-8.079622454650744467e-01
9.421900906768554407e-02
1.070843964217204736e+00
-1.719785570690192333e+00
-1.113220618559091379e+00
1.814429140295528597e+00
-3.524576548468933979e-01
-2.183220430083556707e+00
2.805767211247159221e+00
-1.691488903821594780e+00
-2.110762883056170658e+00
1.197540341188134683e+00
-8.079270810610883480e-01
-4.080206900453593022e+00
-5.901120029809142409e+00
3.221342781055740456e+00
7.051522596030124213e-01
-1.892094091754780827e+00
-1.214807043168337763e-01
-1.826772145563503036e-01
4.503483116004397324e+00
-1.286942328775154243e+00
-6.643250799436772880e-02
2.513065969496736773e+00
-2.395213677723976531e+00
1.218495982184735649e+00
-1.513252046829344222e+00
-2.050178913059434116e+00
3.136944313169504284e+00
3.097314904614045239e-01
-2.129413038663058089e+00
-2.170010367461676637e-01
1.265017823249123818e-01
-1.396510665307693300e+00
7.208394275718310595e-02
-1.631854147274187428e+00
-5.796577532613542694e-01
-1.695292315506625291e+00
8.236584044944360583e-01
-1.264648644872676364e+00
9.502959097577805547e-01
-1.748202512147364551e+00
-9.159277965526249066e-01
-3.867538951574755579e+00
8.792740508063651150e-01
-1.109854273702400640e+00
-1.254265097077072122e+00
5.743182655438916484e-02
2.615984082501355168e+00
2.157857150451083061e+00
2.084610991692712911e+00
-4.742558555311868318e+00
-1.024404405099291981e+00
-2.108344153441878532e+00
2.267061710538160746e+00
-1.800391042650613560e+00
-3.860960191134081843e+00
3.965086810296994280e+00
-6.517469664238813465e+00
-5.561904159951351900e-01
-5.624290129646092318e-01
2.610037178384527756e+00
-3.127431546447123623e+00
6.585851715039833243e-01
-1.151021162072482173e+00
1.105117063052829085e+00
-1.862882917352673973e-01
-1.645802551518521284e+00
-1.557815016340044156e+00
1.465891512674921238e+00
-9.637878720488843864e-01
2.556052490169245850e+00
-1.022394718443825568e+00
-2.986390317681128614e+00
-1.134770643436961324e+00
-6.675698299494063903e-01
-1.518469123686970512e+00
1.485208337131038503e+00
4.067457502132036495e+00
7.618826499410900066e-01
1.752253901462620944e-01
-7.663106491899174255e-01
-6.318597209138223647e-01
4.197846197871377694e-01
2.351747852501759439e+00
1.675750222262409661e+00
-7.510456632749571426e-01
-1.886300701242360489e+00
-2.587771470726561773e+00
3.233244333145534277e+00
-1.752468038207570356e+00
-9.996783875244158457e-01
2.702871615730276122e+00
1.664797471237087878e+00
-1.309561715333231513e+00
1.849802543070078187e-01
1.694289516317014632e-01
-3.101279312347575146e-01
-1.302990711806512714e+00
-2.668367010008725337e+00
4.998940584192902437e-01
3.653807336687565854e+00
3.137710432267328819e+00
-1.095534360030221643e+00
-4.726645034486404162e-01
-2.710403046349064926e+00
-1.836252779955346970e+00
1.104808794682505368e+00
-3.511828060907524751e+00
9.946197480962605253e-01
-6.667469870092508355e-01
1.585985972891624796e+00
-1.177905389407551295e+00
-2.807273286275179802e-01
2.115694611568774697e+00
1.983945502019008433e+00
1.251871506684058000e+00
-1.047066730318839900e+00
-2.160516047033769205e+00
1.612759018048438575e+00
-2.355958498175803939e+00
1.207743277194234022e+00
1.755550450504235194e+00
-8.340656077962353976e-01
4.296912131361514398e+00
2.465661268525510152e+00
3.487325621486010441e-01
3.327321605837989082e+00
-3.178041103573610027e-01
-7.703567232999095626e-01
2.122399548758588494e+00
5.838967336558147370e-01
-1.452312171872510715e-01
4.744914975076693353e-01
-7.229647353590250569e-01
1.028253794915529040e+00
4.095697309122459107e-02
-1.612617072330035484e+00
-1.840266397774419582e+00
-2.226728349680672014e+00
-5.077653373761537026e+00
1.315479502101267073e+00
4.934203869658838615e-01
-6.899838842613356116e-01
5.484801012772539952e-01
-1.353714850874184528e+00
1.037511211705689718e+00
-3.502370834599013882e+00
-2.930117813331629684e-01
-1.860395966309345894e+00
2.396389229384728203e+00
3.251990550851057371e+00
4.725669329098902693e+00
-4.012270965762423369e-01
1.816581644501764847e+00
-3.692515450398888177e+00
-6.109142833342678935e-01
1.279488172227927212e-01
-8.665667002943675534e-01
-1.782808577396051808e+00
8.641433474837791895e-01
-5.278729265705113249e-01
-1.445951733915158410e+00
-2.350630509563565340e+00
1.422461284786767921e+00
-1.480518195554783867e-01
1.490818355649434102e+00
-5.637735436760380470e-01
3.465104842563349052e-02
-4.365438470121292269e-01
-4.687532059596031253e-01
5.722936576838288936e-01
-9.156527022698324192e-02
-4.308558541242923923e-01
5.198471919411162823e-02
-3.008364909399105613e+00
3.547115833510809502e+00
9.997797751133763455e-01
-1.026487835560856876e+00
-3.122282669012215628e+00
2.090324792102884910e+00
-4.169943898501343726e-01
-1.047411552319477357e+00
-1.508529224446589767e+00
5.712453232054540031e+00
-7.380485102037839251e-01
6.018795689124728510e-01
8.383677038721022434e-01
-1.965855259050909076e+00
8.543288363537423491e-01
1.247383019684263461e+00
-1.111973296940523381e+00
-6.944093573118799156e+00
-1.485484484240001679e+00
-1.154071916768329986e+00
-3.634440566703917241e+00
-9.268713552034639758e-01
6.586300787784010735e-01
1.619527211225877394e-01
-8.724935174806366378e-01
3.794687902831520576e-01
-4.200008747629123462e+00
2.162788010936145255e+00
3.040671807584785391e+00
-5.359058626660273106e+00
1.005384852836822107e+00
1.796449764674470373e-01
2.995594722787090269e+00
-1.600673209803944008e+00
-1.726233686640317178e+00
-3.295377734347495480e-01
-5.350267884284923836e-01
3.431177716133943179e+00
1.879024712089702120e+00
1.050857711444707077e-01
-2.605737584939141982e+00
1.835068068753176629e+00
3.980714727919327345e+00
2.512273521916112085e+00
-1.232687733714319833e+00
-2.328726028236498102e+00
2.876696353104422954e+00
5.706916517250095744e+00
1.466478524821175355e+00
-1.641425931415355199e+00
-7.813619561009499392e-01
-7.412645155095959337e-01
7.359485774279744819e-01
3.340093047502112888e-01
-1.978508782795435961e+00
-2.610336147600040846e+00
-4.632110927028469938e+00
-2.336846928504525689e-01
1.844513147773370720e+00
8.670461249869512166e-01
-1.214785498997636326e+00
-7.270885609343851197e-01
1.258956654149866017e+00
4.111341390209751978e+00
2.007395175144799371e-01
-7.613741019919535447e-01
2.243079294470500695e+00
2.903624657973880474e+00
-2.500710742959298294e+00
-6.437845518267051315e-01
-3.419097260141054306e+00
2.007185704206112753e+00
-5.859075119921000052e-01
-2.303498442820521852e+00
1.189596331919971828e+00
