1.833739568129442166e-01
5.539043864098310843e-01
1.961343978780865749e+00
-3.844029367132867359e-01
-3.416236779680393298e-01
-3.937162105299845116e+00
-1.612577025245693685e+00
9.033389278181374049e-01
-1.093297080215413164e+00
-8.998898533279942047e-01
4.701990676518336132e-01
1.702209856468213989e+00
-1.820629359596902086e+00
-2.903469515877282192e-01
1.378467792056730534e+00
1.048401375999411744e+00
1.539495540239422811e+00
-2.514785454817772270e-01
5.118671180733493919e-01
9.033095081659665571e-01
-3.587424658232946095e-02
-2.475512830607735637e+00
2.121986708193946691e-01
9.340357711445802513e-01
-1.565333367430183920e-01
-1.671667596003637790e+00
8.053872160574013783e-01
1.768054391441603812e+00
1.477136028531548240e+00
9.443817261345575087e-01
1.354546095004330653e+00
7.198882437884486230e-01
6.715571870521450659e-01
-3.239601171740736252e+00
-2.541351348806057509e+00
-2.052955499541552875e+00
-1.418178605282722105e+00
-3.850271884271897482e-01
-1.056287663246608499e+00
1.978483715183661396e+00
-6.578223194150223385e-02
-1.452321099868641163e-01
4.674767296247381854e-01
1.483537491521960350e+00
-1.003111262874736842e-01
-1.752764001878572842e-01
2.288553700665732826e+00
-1.053440142095100285e+00
3.091177381982326833e-01
-1.094726616566793709e+00
-2.637953700054239015e+00
3.767883879757655041e+00
-2.392727582251775065e+00
7.238637033497159479e-01
-2.222630746026390547e+00
-1.047699858439016030e+00
-1.289216718399950112e+00
-1.248552851770823091e+00
7.274014207979277724e-02
-2.709091835455297304e-01
3.119286918954005672e-01
-1.469005795478035781e+00
1.464048499850578278e+00
-4.339118368711901153e-01
-4.866411395014462182e-01
5.442823065500250745e-01
-1.251639718863475137e+00
-1.087742068195032275e+00
-3.117971020850155206e+00
1.165934299803721208e+00
6.146866135175402812e-01
-1.216706709071418757e+00
-6.153917755585652793e-01
-6.330675948474203674e-01
-2.183233438132792692e+00
-1.453586227218066629e+00
3.210675293149666265e-01
-3.067717851605245905e+00
1.088812662920349561e-01
3.848030955617797177e-01
4.470875158396763749e-01
1.461653731928947986e-01
-1.528465420566336830e+00
-8.476471715699668286e-01
-6.084118935444236820e-02
-1.132177542902508688e-01
7.301974734557772351e-01
-2.938175908207264486e-01
1.191823858707183881e+00
-2.887296538410251689e-01
1.957780604020777027e+00
1.902170347458923327e+00
-1.108032085187467430e+00
-2.246630586160184073e+00
-2.435856702143229247e-01
4.016072991486828725e-01
1.812108254818660003e+00
-1.482601333039821778e+00
7.666242689677810196e-01
-6.658100178012139603e-01
-7.058284667501911747e-01
-2.986551603297520785e+00
-4.881987550669453224e-01
-1.143554821792981846e+00
1.582108603071953334e+00
2.474736264486145920e+00
2.519688986710261425e+00
6.893603655251454576e-01
2.511689152333799857e+00
-1.059553643443481796e+00
-2.915328656475371094e-01
-9.190317985380870303e-01
-3.986895469951530213e+00
-2.044582944868713614e+00
-1.472034058382527100e+00
4.417649530515309064e-01
-6.534684060748905399e-01
1.832890261143617638e-01
5.380205489264667795e-01
1.866869784672920307e+00
-6.766890103778013810e-01
-1.476454987612892511e+00
-2.253960808027041907e+00
-7.597260843943177688e-01
-7.304655991915826041e-01
2.701134480782183545e-01
6.814421324997376184e-01
-1.170741938784117364e+00
4.623956105913584747e-02
-6.241239283916780733e-01
-1.010706665049418529e+00
7.000515619871472417e-01
-7.760171063667777036e-02
2.636669249151710304e+00
1.165747406018200621e-01
-5.575346070295630341e-01
-3.895832662020213277e-01
-8.958549009097632743e-01
-4.111167307738637366e-01
1.810348417753295358e+00
-4.932216682497708171e-01
8.719718725854421759e-01
-5.712878948721238359e-01
8.670324819766563884e-01
3.086972429376984572e-01
2.376395181039007432e-01
-1.361168937961087844e+00
-3.577969849960885296e-01
5.530491517237295929e-01
1.120205839114189583e+00
-5.935788026764696190e-02
-4.304558659429241207e-01
-2.506203953699972509e+00
8.184210686585194905e-01
1.560486535449646106e-01
-1.906772564105801315e+00
6.899817567336841151e-02
-2.210241234074717676e-01
1.009530786561435356e+00
-8.046067507319856760e-02
-7.055209936386893643e-01
1.612692015332420681e+00
8.982791907914681184e-01
-8.085566285300105349e-02
-3.041368392053530600e-01
-8.791128245390980034e-01
-1.099964268629480824e+00
-1.539932340118317367e+00
-2.307664896012489308e-01
6.309086467703470813e-01
-1.500878207774309914e+00
1.070040672858029396e+00
2.067230095951543944e+00
4.727947085026325547e-01
-1.936784867795557918e+00
1.039112148317119955e+00
4.471885409740470330e-01
