5.133288213630322616e-01
1.306607779214064902e+00
-6.551574755701006225e-03
7.210191465007620426e-01
-2.496904957765412991e+00
5.974406450452092177e-01
-6.653466917862906060e-02
-8.019511858748215594e-02
5.789544092442748813e-01
6.197440274249599312e-01
-5.850514091163850905e-01
1.589835533943311674e+00
-2.108964239337287605e-01
-6.839533309252541216e-01
9.583264427735058710e-01
3.131256866273096406e+00
-3.250932836705788809e-02
1.996902693600354772e-01
7.186772349385891490e-01
5.186026343442431408e-01
9.838569197285651491e-03
1.276916130373314306e+00
1.191911950400345255e+00
-1.554069704862321322e+00
9.485569085047050875e-01
2.427544754379694636e-01
1.078841819838239680e+00
1.695768432536837178e-02
-9.090829433954270566e-01
-1.789996501479412250e-01
1.085709617299384533e+00
5.280482648570683502e-01
-6.134998085053952055e-01
1.107301660050096004e+00
-2.523805799064456679e+00
-1.422904371412798685e+00
-3.158669917168664965e-01
-2.398532796224588370e-01
-1.433877267345688988e+00
9.836848607932943134e-01
1.733189987030924861e+00
-1.425851469332610977e+00
7.558818260140777179e-01
1.257671101459052476e-01
-1.045609008976013721e+00
-2.037071422789683339e+00
-1.767895187430459814e+00
5.540566077908926079e-02
1.284623178806431287e+00
-2.531602321127695565e-01
-7.580107121619076294e-01
-3.192848499545226093e-01
-4.471195499529466710e-01
6.507191788718021952e-01
-1.255195983520054570e+00
-2.970529777737653809e+00
-6.066645100036635041e-01
-1.425211557498237358e+00
1.395158543325610401e+00
-2.224390502045457962e-01
-4.186712507139833672e-01
-2.313284043569488801e+00
-1.359251686157513461e+00
4.567350081549967911e-01
-1.294889666928353389e+00
8.234688928371184380e-01
6.167499465888237609e-01
-6.640013271715539123e-02
8.903130090667281671e-01
-1.516456332609622315e+00
-1.369868925583709540e+00
3.335630681142225940e-01
-9.418438005007923053e-01
1.051508637107471666e-01
2.384227051688485588e-01
-1.917827675339177640e-01
-7.238685804116142819e-01
-2.641641961534460514e-01
9.466301541759678528e-01
-7.107982174067819514e-01
4.418608901412795498e-01
4.581700461462192564e-01
-1.728726785274517619e+00
1.214879373719855715e-01
6.229769007929342184e-01
9.053282493244816376e-01
-1.786199336837180462e+00
-3.073915207586441767e-01
3.654089664941958526e-01
6.159850089778189375e-01
4.454693159495579646e-01
-3.022021172941365408e-01
6.479687221980017231e-01
-3.708867124770266477e-01
-1.581773468173286457e-02
-1.277929493886492907e+00
4.267409192895094128e-01
-8.270970250262279500e-01
-3.323568058238607348e-01
1.893046795874234189e-01
8.518498570472675668e-01
2.929145336384067821e+00
-1.035669556230735644e+00
-4.281119399877784115e-01
6.953150592339678582e-01
-1.108176131384181362e+00
-1.177537482040691419e-01
6.027383298263464528e-01
-3.416857767443228222e-01
-1.846751507266933601e+00
1.235659834355941289e+00
4.384325791877182743e-01
-1.031191519069703633e+00
2.419149453393414917e-01
1.677876972629578800e+00
1.463010512324784074e+00
-6.150033411394398852e-01
-1.700255189492198005e-01
9.652546851147207896e-01
-4.717372087094462429e-02
-5.140301242157743200e-01
2.214616949655615841e+00
3.952961597368207514e-01
-6.636876093049441927e-01
2.565349403454565191e+00
-1.407532791891576984e+00
1.712305396844130190e+00
1.152904693835774319e+00
-2.364402337471525506e+00
9.100986010017797501e-01
-1.181219556091472445e+00
3.054529226410761522e-01
-2.435973242495577118e-01
-4.682761402240160908e-01
5.155353320243860615e-03
-3.973534215646422618e-01
-7.306609804390259422e-01
-2.271534479301459797e+00
-1.438427825505204538e+00
2.333997540549189731e-01
4.012711495087152302e-01
8.031831777286300156e-01
1.126776921256175568e+00
9.214716728229848108e-01
1.700595633548692698e+00
-1.038998872604802948e+00
-9.417237160618470437e-02
-1.175449070444237964e+00
1.125123875316521138e+00
-1.149188215509324928e+00
5.356576339170013856e-01
-9.159043399898166848e-01
-1.425369368089625111e+00
1.128105494897866601e+00
-1.891579984784990787e+00
5.760904955660384186e-01
-1.231093456146522991e+00
-1.806283166589828904e+00
8.579701783601255682e-01
-8.816994205976431687e-01
4.331710298873069909e-01
1.868685955817490363e-01
-1.027479422362680861e+00
-2.270756655504067911e+00
-4.365177518028121040e-01
1.792953973330213557e+00
1.940892018231260563e-02
2.197371628762339490e+00
1.267091300624430428e+00
4.290769276107411212e-01
-7.787716064566165830e-01
3.123025057649768121e-01
1.058184505484677906e+00
2.336301821388001576e-01
-1.351503296565274681e+00
-1.645378440757927940e+00
-6.311875055578461957e-01
-3.584222265770014015e-01
2.348893465844026918e-01
-6.690448660215694288e-01
1.265766041244859030e-01
-2.244819658159354081e-01
-1.809522418029630708e-01
5.491499037893015078e-01
7.800977774058903691e-02
9.718873106100196502e-01
2.306636553596129180e-01
-9.905183203648391110e-01
2.116534309887260434e+00
7.693065304676631744e-01
-1.102250852748674514e+00
-5.173549457740945767e-01
1.651304848373487122e+00
-8.048686699834602942e-01
-1.909449436364374808e+00
-7.424496165634919542e-01
-3.350591132562596997e-01
-2.737527516393826743e-01
6.452495435993454986e-02
-2.079844670084714853e+00
-2.757424996082185609e-01
-6.290685550691030858e-01
1.067235070711588740e+00
4.484411282954305356e-01
2.888391432837214556e-01
7.127222014042977616e-02
1.336545341293952749e+00
-5.297367256298131100e-01
7.478870877069528911e-01
5.048227357397608861e-01
2.648281962075955676e-01
-2.048074799456874873e-01
3.768207166192741875e-01
1.695524287137065933e+00
-8.371401768085073858e-02
-1.451465981941256533e+00
1.461221463685644206e+00
1.811733535884844981e+00
6.193745944197659448e-01
2.943751153605980608e+00
-2.042735212549891877e+00
1.608059933571319711e-01
1.191834497117288283e+00
-7.277125183565112954e-01
1.202134001429245869e+00
-1.754259927917221629e-01
-1.745012400955579857e+00
1.199293682682207041e-01
1.277529973967630017e+00
7.235981517471087310e-01
-1.285657158834470515e+00
-3.659915985648987680e-01
-5.957299652319096861e-01
-1.032550496945594531e-02
2.017782815424068177e-01
-2.034725136852003624e-01
2.164246168752725075e-01
-6.843956671774813483e-01
-4.245474482927748539e-01
-1.019954709973349694e-01
4.589350348192118290e-01
9.635226775833687363e-01
-1.243747433737445007e+00
8.182058207084127455e-01
3.215293296507816811e-01
-1.206253349298464395e+00
1.141640378384981114e+00
2.389720128503219243e+00
1.707624784894554271e+00
2.298275373044596392e+00
2.763479115549586362e-01
1.333777291125587183e+00
-6.620425323748513335e-03
1.984937699131649858e+00
3.829310606470451184e+00
2.562960728611294314e+00
-1.066886121823464650e+00
3.052747085206215960e+00
6.507453268951105541e-01
1.728362575496399156e+00
-6.006811024808466071e-01
-1.994392722082090952e+00
-2.067679848850127122e+00
-1.571963285873455796e+00
8.231650045985354769e-01
