3.246421534523249441e+00
1.758454940317724535e+00
2.162377019047100113e+00
-6.390360003224908603e-01
-2.449319252313925332e+00
8.010101012454167169e-01
-3.506375765685350032e+00
1.351163517409769144e-01
4.070961641785703078e-01
2.117979349802801448e+00
-3.539197231510103347e-01
-1.596848733683818855e-01
-1.300416265970563368e+00
1.874633628626039217e+00
1.642563504886890069e+00
-1.199614282203234072e+00
3.253106887595776708e+00
-2.257892556218920710e+00
-3.513181509617453457e+00
-8.114320382140872701e-01
2.180871839440290394e+00
-2.525526192251848379e+00
4.250242773557941778e-01
-5.051664917261249776e+00
-8.625306796860994218e-01
2.539881799087160275e+00
-3.247043386535906961e+00
-1.986830360317120014e+00
-6.472350503168777358e+00
-3.727644285238792543e-01
-4.724364530512281668e+00
3.872339079481066815e+00
-1.604199809661994935e+00
4.014964657526431502e+00
3.803816524435770785e-01
1.283472390295984811e+00
-2.509597466944356592e-01
-2.071291268901580551e+00
-1.353879529730435571e+00
4.179376725977543394e+00
-2.450059136650161840e+00
6.728341224159372302e+00
-2.419094051622523445e-01
4.594708297629901850e+00
3.697901578003222944e+00
1.810972434180507795e+00
1.679725649744697957e+00
5.962348002600942110e+00
1.639741346609417061e+00
2.648898160183333239e+00
1.847572132455761240e+00
2.667572053312324165e+00
2.291583361605531444e+00
1.026379291217958782e-02
4.541776240337571657e-01
-5.888119238863159799e-02
-9.630943419165214348e-01
-4.144611916134280705e+00
-1.983208405475372027e+00
2.115609678988220832e+00
1.901298989424466734e+00
1.710316470141032941e+00
2.645310978213630815e+00
-1.275367318885720636e-01
-3.081996526383469437e+00
-5.538497980027300649e+00
3.725020879482029978e-01
2.119901928313043804e+00
-2.843801641110605072e+00
2.545952582322078328e+00
1.005855471951597524e+00
-1.238008958690521855e+00
-6.364410738987813509e-01
3.094157484440437367e-01
-4.914677742109406999e+00
3.873707398155866510e+00
5.499041081460345204e+00
-2.541721938008529857e-01
-7.090761268663408057e-01
4.561746742143152344e-01
-7.220914462181854399e-01
-9.707925908961743122e-01
-3.737615933403160895e+00
-2.681403377291379009e+00
2.019243931304892659e+00
-1.187787106186853459e+00
2.085682615227617998e+00
-1.115592298951084471e+00
-1.890851799481068518e+00
-2.379599915042276415e+00
6.736723696484138157e-01
2.781433632883835827e+00
-1.684903722282284688e+00
8.309034760531224251e-01
-4.025680095355071764e+00
-2.551806492475694021e+00
-2.297323675058684955e+00
8.313785018017630923e-01
6.117425988035828377e-01
7.380969078466104172e-01
4.933188265707452724e-01
1.189425388754085766e+00
-6.919335350453112987e-01
1.721910200252668055e+00
-1.164481567221893554e+00
-4.823429740089443918e+00
-1.753305993219537395e+00
-1.299540256207429634e+00
1.891983730625961702e+00
-3.350668220735109948e+00
1.495246086133717567e+00
-2.317786272479573029e+00
2.755720636344309860e+00
-1.069046787013416600e+00
3.659239047880861850e+00
-1.994737616257631130e+00
5.996136103934512906e-02
-6.119193754154378162e+00
-6.283071904452967260e+00
-1.190384120643707133e-01
2.088491619049127834e+00
1.504024912742361497e+00
-1.057129061614181964e+00
2.858874373511134936e-01
-4.564354758802520173e+00
2.708232356379655315e+00
7.282624399536543613e-01
-2.828535701901345512e+00
1.235264848359247658e-01
-8.218380142679175826e-01
-1.744065428616697888e+00
3.115540952486466786e+00
-3.607015696898191237e+00
1.190696659520699807e+00
-8.306254787958298191e-01
-1.418274259952089000e+00
2.866259048559577138e+00
6.791976870411597922e-02
-2.550782712446502121e+00
2.417893898892576665e+00
5.201477204174828728e+00
2.202579452883115518e+00
4.294506762515449161e+00
-2.005286826777218145e+00
-2.792435552143837540e+00
5.044069224263688866e+00
-3.503857587619685354e+00
-8.801271669884348503e-01
-1.641255686984407935e+00
-2.163023917125578954e+00
-6.638554926573090320e-01
-5.648868136324887157e-01
4.021733252535681369e-01
-3.180296305912956978e+00
-1.739310784957440070e+00
1.235902532177559854e+00
1.635419093994117556e+00
-1.992059777712605895e+00
-2.167254603768350163e-01
2.377616664423162440e+00
-4.719349561991736053e+00
3.556260129325707453e+00
4.077489381871625129e-01
-1.295131556722052713e+00
1.602391096433220863e+00
6.850982464695787311e-02
2.598187460834787910e+00
1.664560993651202248e+00
3.275850836188906712e+00
-2.144467411623556807e-01
-3.177348439675659719e+00
3.227452707136790000e+00
-2.875480094756174054e+00
-2.767386456109776294e+00
-1.035419041702110299e+00
1.214046044146521064e+00
-1.078911329746643943e+00
-9.503680666955885981e-01
2.396798882554458388e+00
5.260913156388827616e+00
-2.428463485009678458e+00
-2.274413982697846670e+00
-1.280744980263532229e+00
2.012982242620203532e+00
2.533052346391873488e+00
2.370011216988507918e+00
1.876365357787039279e-01
-1.250164929474207876e+00
3.002910085605536405e+00
-3.595729942250709410e-01
2.725804165146058278e+00
1.174981926898240214e+00
2.555596770245252891e+00
-3.662787200043573943e+00
1.783942328101648656e-01
-1.784397928676153544e-01
-8.161621459891472696e-01
-2.203105481931742382e+00
1.701248719508744456e+00
-1.467777802191440495e+00
-8.414381628304505867e-01
9.723497463120724937e-01
-4.768185836701405833e+00
2.062332138277762184e+00
-2.241733267851705236e+00
-5.023405704346955325e+00
-1.748438396656458504e+00
1.769818014480012636e+00
-1.164608941730352232e+00
-2.905492271691423767e+00
-1.085663411347438512e+01
1.562122634143281896e+00
4.396047142636141380e-01
6.558056426794451887e-01
2.838306422200612023e+00
-5.053099135611380355e+00
8.271250997814658668e-01
4.402240081973133989e+00
-6.643855198343833202e-01
3.022003574511343160e+00
-4.785369839421376170e-01
-3.877892625899164170e-01
-9.402499144208709136e-01
1.109440071330334288e-01
3.023438261208212907e+00
1.521398343529307695e+00
-3.037281386907018099e+00
-3.867868601874668855e-01
6.184381898611651662e-01
5.793269468400683131e+00
-4.873528745586779287e+00
4.531227741116968133e+00
3.233890147756036892e+00
2.383900273012351523e+00
1.257742199911410230e+00
-5.499279931574037938e+00
3.173601903709081462e+00
2.613461821369186033e+00
1.219840574977856473e+00
1.619246976778977443e+00
-6.247966568561035494e+00
-5.174034384169349465e+00
3.310982570989828844e-01
3.358684999606970756e+00
5.737858825566713783e+00
-7.110509113208931531e-01
-4.337271559081505856e+00
1.378694966165444402e+00
3.172296131432096100e+00
2.167634170220651413e+00
-5.373502706202410550e+00
-1.187100364578346778e-01
1.262675371020187232e+00
1.411767964263603403e+00
6.069939017120776770e-01
-1.426860985432654605e+00
-4.839076972428921763e+00
-1.770812545149624384e+00
3.700981715907998737e+00
1.651171924282897052e-01
-2.349590978533218077e+00
5.832376995199991532e-01
-2.208086245856077934e-01
2.459424322665671347e+00
3.383292869758379062e+00
