4.103077456265113998e-02
-7.176827009109179034e-01
-2.534431972406502087e+00
6.052529221873559351e-01
-8.864339118871970014e-01
-8.019028486178464421e-01
8.630385760984828902e-01
3.446433541463406747e-01
4.242042485017508135e-01
6.034282345599750741e-01
3.149801256524764614e-01
8.597911218742405881e-03
6.064064528898696071e-01
1.097039896619793842e+00
5.059614228114525103e-01
5.849848399305743740e-01
-1.301184091123859021e+00
1.200826319111376828e+00
-6.493511272617465968e-01
6.387323508952847950e-01
1.572506754217037339e-01
2.800570512627055253e-01
-6.261567619210798297e-01
9.379314185202050069e-01
8.625493785052944506e-01
-1.088779536574056239e+00
1.681006904762856191e+00
1.082668354688180873e-01
3.874752895856420909e-01
-6.710790459926645468e-01
9.579303775685549249e-01
-2.212397844004246605e-01
6.085241630234170529e-01
-9.036928581489714896e-01
8.591431555248683904e-02
9.049194882378895910e-01
-2.877440881832320496e-01
7.330415805323461931e-02
-6.024612185333815262e-01
7.466991598863250701e-01
1.618314874607837517e+00
6.742948475164296518e-01
2.488702987146871326e+00
1.091969806784547359e-01
-3.961014583441796466e-02
6.053191306396478177e-01
-2.233477003520781545e-01
-4.234450320401011991e-01
1.260385786625785709e+00
4.601438174751737997e-01
-1.515533534621424039e+00
-9.628351864569089091e-01
-7.615079103693089824e-01
3.977302346295238378e-01
-1.691402478367245221e+00
-6.834335372481601389e-01
-7.935301304653706866e-01
-1.410725798333726688e+00
-3.859453947791480211e-01
1.320528600048962220e+00
4.104354860636348912e-01
1.165314315523324984e+00
4.419127697233293794e-02
-4.901754382865107784e-01
2.791323923997347523e-01
9.905446040655921935e-01
-7.047954295854044759e-02
-1.570206703500995671e+00
-1.452553644544070099e+00
2.489101569828999327e+00
6.206262166871531205e-01
8.268710420709087794e-01
1.817191858534863147e-01
-2.894743828848634348e-01
-9.388296978317250963e-02
2.156535830155860367e+00
1.013047135127954634e+00
1.203979766666394002e-01
-1.143160432432136941e+00
3.593939079107162926e-01
-8.643960903371717963e-01
-2.957975270084127750e-01
-5.376275340681496706e-01
-5.177593098792908632e-01
9.879325034666924799e-01
-1.971066810158745852e-01
-1.386153750817900876e-01
3.461844968088158558e-01
7.357894920738807798e-01
6.996070084845382731e-01
3.326013942477234475e-01
6.758181180856425163e-01
-1.235728735927815736e+00
9.481824326207263232e-01
-4.330039490906826827e-01
-2.188023159397398221e+00
-1.059131237050084939e+00
7.468620148536443681e-02
-6.583226301452261842e-01
6.178225286580266706e-01
-7.253603322958862565e-01
-1.526750263299743837e+00
3.457955807051659725e-01
-1.880771162471070790e+00
-1.698248161818937341e+00
-5.149191766385152053e-02
3.321101841943953636e-01
1.305887267945296859e+00
-3.071046551030555349e+00
-3.303570694973249067e-01
-4.412208288766567010e-02
2.226008459221358926e+00
-1.915552178976014097e-02
1.560909952882922613e-01
9.764612840675006566e-01
-4.119384841980522349e-01
-1.143256312351543125e+00
3.325838901536962711e-01
4.687990109422717766e-01
-3.074278694187499439e-01
-6.276781191387610370e-01
-5.102264369117786025e-01
1.407055456379958880e+00
1.809257980293232704e+00
2.792627802111051771e-01
-1.591786300867473192e-01
-4.366589937025228685e-01
1.548068894489457614e+00
1.398681617363154217e+00
-1.440957559407949617e-01
5.998106929515892860e-01
4.314689485074829634e-01
4.797295150820717335e-01
1.879177863563022077e+00
1.363788112208774939e+00
3.854061335013116985e-01
1.004103233551314478e+00
-1.626989157524875607e+00
-9.791788329251569500e-01
6.902214286819434719e-01
-1.060083335707110441e+00
-3.733283424651462346e-01
1.974764113543106214e+00
-8.646479933643258509e-01
-6.030769885237766692e-01
-1.628268419277432988e-01
-1.824988409332694239e+00
6.587932423580940000e-01
-1.143449640718212423e+00
4.916359977361108857e-01
-2.238573122678662319e-01
-2.238339878078997036e-01
1.913020896367162993e-01
-1.089355340006862072e+00
-3.156240236649697217e-01
-1.813057372105069953e-01
1.121018046268701107e-01
-2.225148100187706479e+00
-5.634910078746124817e-01
1.535980810829504772e+00
1.708100001003087232e-01
1.291858842161033305e+00
-1.101829586334157840e+00
-1.160126294285898085e+00
-1.547890774287716820e+00
-4.955203402108075417e-01
-1.325293572359621752e+00
1.702732179336690910e-01
3.743599024794274088e-01
-8.394760894324088119e-01
6.454628714867367556e-01
6.915878245284142745e-01
2.279780256560011431e-02
3.072546417971082633e-01
8.654809709578440424e-01
1.502968454471998339e+00
-7.883654470513178358e-01
-6.666421253476009223e-01
1.504961791425842188e+00
6.276110815421762634e-01
1.226438540167813507e+00
-9.750198419284750173e-01
7.697725160613151651e-02
1.594609106091954942e+00
2.047848161923939259e+00
-2.212733953012928190e+00
-1.425740341828591884e-01
1.887176861051478166e-02
-6.424433850897635079e-01
-1.370373567429110873e+00
-2.475116264979941860e+00
1.374559147748839694e+00
-7.008268145518541381e-01
1.762866091810274538e-01
-1.385659837444767950e+00
3.140235077578178990e-01
-6.805871901899960275e-01
1.619923040202903841e-01
-8.871747630992504741e-01
-1.623387902220038703e-02
-7.171480331778319339e-01
-5.472729743892128518e-01
-1.467179198929338790e+00
1.436414715191948743e-01
7.541138058098396657e-01
4.249134462171115234e-01
1.273311255115924689e+00
9.042414724670780890e-01
2.764483210727691098e+00
1.597304445214349222e+00
-1.175593461333656331e-01
5.586365346487309758e-01
6.944916060005942304e-01
-5.149098730320165185e-01
-3.075817071232777034e-01
5.838308543484425073e-01
1.552942983841432589e+00
-7.187637190028048906e-01
1.303355865383544643e+00
-1.235205824948241160e+00
-1.562275983242702670e+00
1.927593917222784614e-01
-7.717893002330389329e-01
-8.145959382818702688e-01
3.233364168006941930e-01
-3.183085906453383407e-01
1.978290523501877507e+00
-2.863440075006227215e+00
-9.668294795115783824e-01
1.914874388998352994e-01
-4.690537796754672972e-01
1.210482624557577491e+00
2.624675886703994876e-02
2.256516862361409581e-01
3.097963023403826899e-01
-8.842906821793158345e-01
1.069611126069316409e+00
-1.031991523156471136e+00
3.409956591589062558e-02
5.675154721489524823e-01
-7.570612873830692147e-01
-3.495475239420984814e-01
-5.982956197417103050e-01
-3.805078405213334070e-01
2.459628765051947996e-01
-2.363943069638335892e+00
-3.181209100200897977e-01
1.349922480061398256e+00
5.905758756388994613e-01
5.582407420878535698e-01
-2.630065664678975512e-01
-1.217407217223394733e+00
5.800990455567179849e-01
-8.191601521048256229e-01
2.182377815052439995e+00
-9.138117380569555914e-01
-1.747061883757145884e+00
3.145732206904980344e-01
4.553328466711360489e-01
2.126548564069132008e-01
-3.946928354140346040e-01
-1.853854739602573742e+00
2.141128771151349586e+00
-1.320116688808703476e+00
-1.308782136787345562e+00
-7.420019300878456514e-01
-1.244679911432593933e+00
1.623714449217839695e+00
3.439068657755779412e-01
-1.169382526707555492e+00
1.561997930797272005e+00
-1.606490946535924502e-01
-1.035029444129739407e+00
-6.669130413031941762e-01
1.040146059617613528e+00
9.716470842904647576e-01
-4.190420251254279443e-02
-1.775051079115878561e-01
8.115010827867322751e-01
-1.015565623248450455e+00
-1.046131178377092130e+00
9.002218266699617555e-01
2.361261279459230700e+00
-2.695711812986452682e-01
5.403894510297839460e-02
6.861730883170352735e-01
-2.972430396810052056e+00
8.691322204127944762e-01
-2.368017908995694754e+00
-1.479313373103622875e-01
-6.317001206739765173e-01
-5.803081904448011974e-01
-5.025757809288335931e-01
-2.395257503845373392e+00
7.903234746601844884e-01
-2.976667696893326998e-01
2.350716624198110878e-04
8.409051809211396389e-01
4.453381348292862613e-03
-3.146674164939688101e+00
-1.219460716424406899e+00
-2.789155434111618703e-01
-1.162292139311252637e+00
1.931326331573676836e+00
4.994256128133703898e-01
-9.062826022720581465e-01
1.910367292010338724e+00
-1.237271363008354719e+00
-5.312003832705345374e-01
-1.322933793657136592e+00
-4.069947232366052381e-01
7.477018183502618376e-01
-6.742424922966867573e-01
1.753872873239989083e+00
4.892896547525478756e-01
5.711326566782957137e-01
-5.563081882983074156e-01
3.716262784208808623e-01
-5.773981355710118279e-01
1.090175403520787567e+00
1.271287035002561572e+00
-6.125976475955827727e-01
2.293623640137762709e-01
-1.667269943746442440e+00
1.767280133537245446e+00
2.266174272079213570e-01
3.083382069384368318e-01
-9.654078626368672866e-01
-5.946776435926703908e-01
2.998674557523981488e-01
2.144391231664017905e+00
1.236101612570619679e+00
3.860846131190911468e-01
-2.029557005790316726e+00
1.187102319448200882e+00
-3.157857956860657400e-01
-9.660742758333537017e-01
2.075129555643741242e+00
-6.832982437574791623e-01
-5.403464919079645767e-01
1.382444726919408728e-02
7.991785097939811955e-01
1.728010270804556381e-01
-9.391059322493067185e-01
1.985034858490615783e-01
9.811648128243153355e-01
-2.978475371052600185e-01
-2.579784565165112120e+00
9.781463729321389078e-01
-2.641394720989430067e-01
-1.657518029724362796e+00
7.067214074240553146e-01
-2.426604746809255808e-01
3.576382334129725726e-01
-4.148948736459780462e-01
3.881757652830040151e-01
-1.165564992638749464e+00
-1.260455750384993578e+00
4.009800104553309374e-01
6.180594355007497376e-02
2.622173715931211957e-01
-1.011846927459542744e+00
1.140821508525197370e+00
-2.028433596571273867e+00
-1.105786111491840890e-01
-6.993393027684166041e-01
8.632823993195947176e-01
-7.518260212353498895e-02
1.055946677309197002e+00
-3.828341055779313495e-02
-5.293154440190479537e-01
4.778712257026396237e-01
1.016537082416050453e+00
-1.304208280216458127e-01
1.845605513965345557e+00
1.014829235252053374e+00
2.103993309386114063e+00
1.473468706045776733e+00
1.604837843457156688e-01
2.025692828043252902e-01
1.411042136364177413e+00
1.081993293829137892e+00
1.455147763967977736e+00
8.079287393901048997e-01
-6.840791252203851647e-01
-2.984457646957966101e-02
-3.798389753533114033e-01
-6.983938556579495360e-01
2.097222714688005585e+00
1.630948491782882259e+00
2.902530498913494794e-01
7.061859851377746411e-01
-1.017089371662217162e-01
-2.379135542580960994e-01
-6.684515222462427131e-01
6.923275896408490060e-02
-9.848947891099159024e-01
-8.017513281851855744e-01
1.166143154150005357e+00
-6.504716051745379479e-01
6.473225922634676666e-01
3.341580787713534506e-01
5.863956673546001364e-01
1.705370391513411743e+00
8.446115364033198736e-01
-4.457441309552289121e-01
-3.179116222964930571e-01
-8.595811017527779097e-01
-1.238015735612995272e+00
1.487216014440306822e+00
-6.419691657485833147e-01
6.209561466640931560e-01
-9.604180698814805961e-01
-8.014821410125404499e-01
-6.133288985553276840e-01
1.425431020550429917e+00
-6.548924540049023968e-02
1.426677315177665717e-01
-1.684802236498588401e+00
-1.187025788967931428e+00
6.841555342959169117e-01
5.297732046538349282e-01
-6.003124518069245796e-02
-1.843139271938238344e-01
-7.506789008355605475e-01
9.684736058330259967e-01
6.352891167601739664e-01
7.692948016434559833e-01
-1.201685187348094708e+00
-4.754389046911707828e-01
-2.401216023941313005e-01
1.314199628783368157e+00
-1.818778597095593863e+00
5.627841885477220529e-01
-3.819168242307152128e-01
-1.203088300733131888e+00
1.133566299571036495e+00
-1.337120543078670620e-01
2.589278670732185206e-01
-1.941434086322500752e-01
-2.220439183724851606e-01
-5.674255629059637984e-01
-7.579793953828076192e-02
-3.564453791606066457e-01
-4.976849585156034594e-01
1.000000000000000000e+00
-2.395257503845373392e+00
4.015525255182009201e-01
1.000000000000000000e+00
2.144391231664017905e+00
1.400554988480884111e+00
