-5.033538136756966486e-01
-3.620487357677830698e-01
-5.550752585395981598e-01
-3.137089680235913280e-01
1.057461528042863419e+00
-5.842938174125477113e-01
-1.223348670618658041e+00
-6.833454527856630545e-01
-8.686270854273636655e-01
-2.422464836725035653e-01
6.084386482525133699e-01
-9.171099627151840794e-02
1.174987224865574165e+00
1.278261230309814867e+00
4.584028311101892017e-01
-2.610048996945230071e-01
-1.285524749045036108e+00
-1.377947380303689240e+00
-4.598915802417924970e-01
-1.176318760510424027e-01
-9.384761932986954713e-01
1.518127109887268400e+00
2.845281612036458796e-01
2.222448061351805837e+00
6.747938134569523294e-01
2.649236684676512077e+00
1.278152554452635314e+00
8.052513801696599138e-01
-1.483872765411464512e+00
-1.485753636741122374e+00
-1.077440893079403716e+00
6.463818520578182847e-01
1.234158681718814821e+00
-5.806762996823767731e-01
3.071151784233000503e-01
-9.880826300003167084e-01
-1.401002280157336022e-01
-2.637603726268661908e-01
-1.117302532625614964e+00
8.101580063404032472e-01
-6.939158242473975752e-03
2.205043983093649407e-01
1.875023426597199547e-02
-8.162763712286902340e-01
6.825337370561419537e-01
2.852601122395314714e+00
-4.301760789604131552e-01
-1.742921398714310399e+00
-4.656221449230448228e-01
2.867037478229584879e-01
-2.060825797219739908e+00
-5.417151199694317798e-01
-1.548472210801746574e+00
-4.406083187411489743e-01
4.454327113163407126e-01
-1.580321357612220368e+00
-6.590597567097196130e-01
-1.406023393841692837e+00
-3.937452648278506606e-01
-3.284214367487113817e-01
-8.546202230535873134e-01
3.733821332434970053e-01
-9.737030131571375868e-01
1.034395959350088212e+00
-1.241471222129485685e+00
-6.112873852775002614e-01
-6.018096522539948534e-01
-7.773784293960982472e-01
-1.487770975680525520e+00
7.725140031442895294e-01
1.090629704515862636e-01
-2.283454941911857716e+00
1.263349752312757035e+00
-6.017564186175923258e-01
-1.912210843648583236e-01
-1.289749175478562826e+00
1.263936054631774053e-01
4.187037618914372650e-01
-4.428778879791824274e-01
6.752200028742915139e-01
-1.271235772417011578e+00
1.484769833534852701e+00
2.032490111625581408e-01
-4.810710423554853121e-01
1.045108800442678954e+00
2.393710181353653839e-04
-1.152555603927597344e-01
-7.120878555588590064e-01
-1.095845455860779527e+00
9.399417098658435776e-01
-4.524939641987825445e-02
-1.310993376034255364e+00
-1.202398042681214640e+00
-3.224975680573557990e-01
2.162248167435870325e-02
6.070788284533810142e-01
-1.022020386837203310e+00
2.409977433378883038e+00
1.507898394114912666e+00
6.776787434228445095e-01
-1.077213913983392501e+00
-2.558996282150870494e-01
1.059222017458780085e+00
7.796602806691095289e-01
-4.379528024788087968e-03
-7.987796653227867694e-01
-5.969773450035551488e-01
1.500872800854638131e-02
-6.439687856002981325e-01
9.940857897437088697e-02
2.181635558906534766e-02
-2.556692399879896826e-01
-6.674475753468062707e-04
-8.865457898494313316e-01
3.007200039812785164e+00
-4.970940507787861840e-02
1.353917359186999958e+00
2.561758300474598071e-01
7.468732792670041976e-01
-1.020992714892049319e-01
4.665089171653864081e-02
7.406943744347891379e-01
4.659520960636091558e-01
4.985683391676397069e-01
-2.000052130194901689e+00
3.624859768734376431e-01
2.942876653238368778e-01
2.252327252023344009e-02
7.686720550115088146e-01
6.521792649355295790e-01
1.714905069982778807e+00
-3.486124092179420098e-01
-7.939277292869145741e-01
5.596711563313471194e-01
-2.163251789198687103e+00
8.361328254176698671e-01
7.017417423733657289e-02
-3.828818611511932701e-01
-1.032895702682659511e+00
1.523945291973516358e+00
2.796236999848041305e-01
-2.274098026525653182e+00
2.214140221986952428e-01
-1.115675945587835532e-01
-2.709178780797669717e-01
-1.869476959053587350e+00
-1.431634848826710861e-02
1.505328574466207270e+00
2.931546579647910100e-01
3.810198220471429087e-01
2.319210565579028493e+00
5.584437243429740683e-01
-1.320488411355412506e+00
3.732171356917085570e-01
9.260476916685069781e-01
9.233774905165068603e-01
1.832390972269500429e+00
-2.264980262137823441e+00
4.110121536804074438e-01
8.036709656448252914e-02
-7.279439585833093196e-02
1.521737384564815443e+00
-1.816679988437826854e+00
-7.894883527092547704e-01
6.440301018142450054e-03
-4.410702926571363758e-01
1.681589773087143191e+00
-1.910650579602319210e+00
1.003892605784219461e+00
-1.222463797956223841e+00
-1.068578991823038615e+00
1.017691371796511035e+00
-1.826537410298897379e+00
-1.485315383972533709e+00
-1.751666827690234046e-02
-7.783539251198577924e-01
-1.179401000645369901e+00
1.705503995042327026e-01
3.702388550370947495e-01
-6.142467857363426847e-02
-1.420934757892081235e+00
4.606764650742445899e-01
1.145934910277671914e+00
8.443020176839280411e-02
1.821081766377040667e+00
3.915508761885851119e-02
-3.421212432344568621e-01
-4.783421106788821042e-01
1.074287021269388492e-01
3.259751485927419590e-01
1.327289636649709559e+00
2.455999733845960209e-01
-4.599730953346013451e-01
-1.036876887296976468e+00
-8.781384888895397145e-01
-3.824649831026880054e-01
-2.114493528483287754e+00
-4.915098838953813054e-02
1.091930794184099662e+00
-9.870206385224407353e-02
-1.552338209267773772e+00
-1.635607518903382962e+00
1.009107825793703173e+00
-1.119013683583231389e+00
-4.324300302944120711e-01
-5.533681447366591011e-02
-4.928116505603504227e-01
-7.671860970004457103e-01
-1.909103959300718911e-01
-6.146811780492171806e-01
1.942589892007422936e+00
1.686078106564043444e-01
-6.324341190288085279e-01
6.055584751442325553e-01
-2.384955574607278361e+00
3.470757254958399818e-01
-7.648734130650763907e-01
-7.083158933907864885e-01
1.216898768119116125e+00
-7.437857545074025856e-01
3.824597400094292277e-01
1.209132828379590130e+00
8.233278362242488768e-01
-1.252623896575104423e+00
1.347062927630036759e-02
1.183801361499814409e+00
1.020964265760666567e+00
1.290559697262655403e+00
-8.924152575178047053e-01
1.063933575583857261e+00
1.370788508298877773e+00
-1.773075743487753098e+00
2.216842592722334526e-01
-4.040373264089266447e-01
2.902092178714521964e+00
1.600629507312179456e+00
-5.476314795122667611e-01
1.580569719867473300e+00
1.178315830910588724e-01
1.277469494240751624e+00
7.263225371404352648e-01
1.950017174499027117e+00
8.896217597613607919e-02
3.129994021266916393e-01
1.443293640956075263e+00
-2.010130550386297177e+00
6.290393633087124625e-01
2.005491894034570066e+00
-1.522996147368698372e+00
-9.349802736228675082e-01
1.109762326341225069e+00
-4.237125692480601669e-01
-1.119078379922638922e+00
9.458549179130533169e-01
-6.787859158945591664e-01
1.580791216901528795e+00
1.346764954632350408e-01
-1.089462621155597999e+00
-5.893147830526694886e-01
-1.043933397659143170e+00
1.591772418300902103e+00
5.271003917409744499e-01
6.546945819533113164e-01
-6.613404598528196399e-01
1.925474962689109448e+00
9.538189266516281517e-01
-2.157616582069984967e-01
-4.665338448523504572e-02
5.446126017602335168e-01
1.289877843505778277e+00
-6.001738005683645572e-01
-3.207541902751847029e+00
7.856205191039311586e-01
-1.055468586058404323e+00
9.149270769586014262e-01
-9.691716087653728939e-01
4.188731678637604428e-01
1.128114444265738481e+00
-8.750564237333566808e-01
6.686013649193037756e-01
1.341747254334160644e+00
-8.603143602637380871e-02
-1.035279135132214812e+00
6.863119175162889496e-01
-7.613866283691893555e-01
-1.054810054375898976e-01
2.071510880453354686e-01
2.885067350103173167e-01
2.170741845042670481e-01
-9.105205151381053907e-01
1.051906562865675632e+00
-4.155835070250195606e-01
-1.203023674915791430e+00
1.578518460647791999e-01
5.107159940178001012e-01
1.027936120024706579e+00
7.569586751300305671e-02
-2.319590050589352692e-01
-1.285845952796431657e+00
-1.806021350631249467e+00
-9.360388853207800564e-01
-3.009158586379021005e-01
1.014089524979448598e+00
1.889929307877852294e-01
5.549375461977039681e-01
6.220755298841130765e-01
1.147788867778394728e+00
-5.707188708314336889e-01
1.262011270461521617e+00
4.763517283609438602e-01
6.182584133366236800e-01
1.982391600440775781e+00
1.242464996722026482e+00
6.871139802676521358e-01
3.626089559684293473e-01
5.327155326184425110e-01
-2.810729103947123830e-01
-4.511674173051026249e-01
-3.776536684705670277e-01
5.500189014088602280e-01
2.379674127804391748e-01
-2.485940512481301934e-01
-2.558763371556260768e-01
1.530915569264026832e+00
-2.756144633406769184e+00
-1.203310113063225106e+00
5.342938423426107919e-01
2.354637183221853503e-01
4.059288124893056238e-01
2.746926557264744995e-01
-6.658703024384838090e-03
-3.352395592305293381e-01
9.603822628688171159e-01
-1.152977380683394504e+00
5.924380296596912787e-01
2.193395358293889486e-01
2.813178944219531519e-01
2.605894099079852921e+00
-8.948560860694688701e-01
1.152099812202665774e+00
-1.662581129966271831e-01
-7.537769464766572725e-01
1.418289485329559341e+00
1.536819559380874001e+00
-6.627818518446906282e-01
-1.627342200449408693e+00
4.093698502398018246e-01
-1.508732683654728790e+00
-1.002078322521105652e-02
7.062179452383233746e-01
7.385227062414221333e-01
-5.798533733026957071e-01
-2.030332823133474407e-01
-7.675290213832771657e-01
-9.479999394122510248e-01
-2.171655963255113786e+00
8.232312965480659273e-01
-5.478805851336422394e-01
6.630119145418331694e-01
1.946134332856142846e-01
1.304304686521243983e+00
1.760459383508932718e-01
8.236390139197530269e-01
1.090487658451510633e+00
-1.252829984824914700e+00
1.357077588414566660e-01
-2.090542447515554070e+00
7.176475637053175705e-01
9.626968638787287980e-02
3.331573061915354961e-01
4.239269582147702220e-01
3.035701630114565064e-01
-5.785424248620983922e-01
4.646291995488757709e-01
1.702926035803752347e+00
-4.308355318434251569e-01
1.059125704281004943e+00
1.738387502903745885e+00
-1.920179342865883931e-01
-6.340384646307233307e-01
-1.178864715506018790e+00
-3.692244384164312110e-01
-9.269676925081591357e-01
-1.878215201528911749e+00
2.591613633199259525e-01
-1.355966932990011919e+00
5.083563962235069233e-01
-8.061049067959027425e-01
-1.809177459505300734e+00
-3.832636909483523868e-01
-2.767921370808258397e-01
-8.907056643084104719e-01
-1.364738683483733284e-01
8.565098903805510311e-01
-9.015753653348158592e-01
9.557241538674259296e-01
-3.538873206693750606e-01
1.746133243040095095e+00
-2.209229378755893425e+00
