4.181549445195945069e-01
4.794338763881600962e-01
3.910515840210880556e-02
-8.193126890001667384e-02
-5.324401784127668069e-01
-9.489691025918934875e-01
-1.751891241605752214e-01
-1.786711525132736733e-01
1.456325125794023068e+00
2.295476810806846846e+00
1.847523675323100134e+00
-1.425863768021307099e-01
2.190496178706393238e+00
-1.181857116225710547e+00
3.210569159904283487e-01
-7.818042437871937367e-02
1.062152332428969670e+00
1.092616866792145647e+00
2.769421751631960804e-01
6.039015791952112577e-01
1.295418946229002444e+00
-2.187542970826453215e-01
-7.164694803908535636e-01
3.750338613592962833e-01
9.740193542352204581e-02
1.111900306040975561e+00
6.229195645475327225e-01
-2.068562901376177487e-01
2.492752430579258938e-01
-2.013998504643326193e+00
-8.935112741593331798e-01
1.142278374675271158e+00
-1.298511225266359093e+00
5.720846109775222788e-01
-1.137442541410351948e+00
-2.151280445266104291e+00
-2.259207884808317468e-02
-2.481271144435188147e-01
1.166157618302293697e-01
2.436183582504942269e+00
-7.208898170820199347e-02
1.322577021900228633e-01
4.876053827460514967e+00
-4.304633514708354092e+00
-3.372199204407861473e+00
1.962180494867588720e+00
3.325337750447385776e-01
-2.080617584922864971e+00
3.855190195678949716e-01
-7.071601805918468209e-01
-1.579747650925315272e-01
3.272751668674106496e-02
-3.047211555134460514e+00
-9.611695561252833198e-01
1.437970260437658743e+00
-3.540873087529661678e+00
4.976782780438025355e+00
1.058509848959971134e+00
4.784869732256443742e-01
1.105117489647451823e+00
1.589243333443929540e+00
-2.273495191025152184e+00
-2.379001327354167972e-01
-1.132608274133480641e+00
-2.553482212448384914e+00
-9.241380617312175971e-01
1.528500043898484373e+00
6.034589001250003637e-01
3.642141335715320505e+00
2.989688163396631571e-01
-3.439833172888354662e-01
1.224909585528161093e-02
2.518425694266845927e-02
-1.926696247901786840e+00
-2.440608338408365441e+00
3.899294074166009594e+00
5.415804575320652958e-01
-2.351170271647036181e-01
1.114730480259600975e+00
1.998526705126857816e+00
7.621700100631956243e-01
-9.672612283890772433e-01
1.416357298007993037e+00
8.998146876767233460e-01
2.112660755558044556e+00
-3.046952593994205039e+00
-5.479835717083842983e-01
4.661902042044190897e-01
-2.145539636806367834e-01
2.940741997790629059e-01
-5.931219439732880044e-02
-2.016886245722329107e-01
2.197657444380114178e-01
-5.358720161518171210e-01
1.589513855952990440e+00
1.006313395472142158e+00
5.835742085178049487e-01
-4.896148909937942523e-02
-6.989810503934499319e-01
-2.407243052016514007e+00
-8.619262692615252686e-01
-3.259867301285575003e-01
9.245188889348381345e-01
1.949166915083578644e+00
-6.814541908344864396e-01
-6.582593485797251232e-01
-7.358886328619541617e-01
4.772876114791216318e-01
1.980645748857682964e+00
5.270827707892201675e-01
-2.006911082253474365e+00
8.543455384989704360e-01
-7.373910729007352449e-01
1.068134028533967772e+00
-8.411665307277789161e-01
1.270163955659709076e+00
1.341092141855441122e+00
-2.538223778529981267e+00
7.616506672831446778e-02
-2.161234819415227548e+00
-9.904537310347806545e-02
1.219713027952790796e+00
-1.716259121051365355e+00
-1.150305588640973653e+00
-9.667276169886312998e-01
-1.775095133270932823e+00
-3.376178450065538961e-01
1.386293565743383915e+00
1.028885953028054523e+00
1.827570459897610355e+00
1.947344172677029306e+00
2.610542371712962773e+00
-1.697032705284116094e-01
-1.063317211686478636e+00
-6.941254828492859907e-01
2.576784628621649365e+00
9.912294490810766301e-02
2.304455958039760277e-01
5.438286816130020185e-01
2.166510601952199022e-01
5.624971247110122086e-01
7.393488547177168302e-02
-2.069167052552649988e+00
-6.263891386392081984e-01
7.593652426987580473e-01
-1.010878299752935860e-01
-5.897406870508338228e-01
6.951882521795489378e-01
9.431813626873334355e-01
-5.602115737955370989e-01
-1.514259847481846943e-01
2.915636458810736409e-01
6.064532750392171989e-01
-1.019524585741294342e-01
-2.380906470612890846e+00
1.602892669867073350e+00
1.057097209491380641e+00
-1.677711889695141068e+00
-3.498048867916104254e-01
-3.195607120928986578e-01
1.086764684749306875e+00
-1.962620101698488773e+00
-1.222769633238696974e-01
2.038093966087367370e+00
-2.166447728872891165e+00
2.412591230914508778e+00
-2.706043271656473070e+00
-5.736243308004224106e-01
6.548439961974916734e-02
1.333769328454913472e+00
3.957119102618333883e+00
-2.026131310587388601e+00
-7.731747663275274629e-01
-1.141381810409760611e-01
2.000501592785764782e+00
6.223458147496099824e-02
8.939404239504467053e-02
4.239462231681590865e+00
1.446137118467836880e+00
1.928603673362089488e+00
5.064641536368276187e-01
2.150740951246413513e+00
-1.000307207668081011e+00
-2.181713658356089880e+00
-1.109133665963284443e+00
-6.034416920016207886e-01
-3.254288223373198452e-01
2.558581970312793885e+00
-1.269812630282824761e+00
-2.372153513530748103e-01
-2.046984224154298371e+00
1.440331792447224979e+00
1.732025633908624851e-01
-1.188319486796021174e+00
6.069220506736352494e-01
-1.147058087585496766e+00
-3.302417804314752153e-02
2.128334289213501318e+00
4.338972923910244806e-02
-4.317294027248045118e+00
-1.303019287234012502e+00
-2.743880091050232117e+00
-4.655832689740919128e-01
7.966547102886442078e-01
-1.638885038604495969e+00
1.162074238567954998e+00
9.928090761372911910e-01
1.736653520374195070e-01
2.671270609548412889e-01
9.946432725787499596e-01
2.953727996319928550e+00
-1.143697817991591759e+00
1.853721512351545586e+00
-8.618738230914528842e-01
1.259115468164456964e+00
2.681260312308239246e+00
1.079065152620467316e+00
3.953224328393219883e-02
-1.770800057820124174e+00
3.972297893282515369e-01
-2.528739088490514764e+00
2.757417764529689119e+00
-9.126139248216170730e-01
5.838100118567935981e-01
4.531010666653402241e-01
1.233568048052823052e+00
8.309152962469790182e-01
5.134952684243632159e-01
-1.105201389133807499e+00
2.266636568725844736e+00
3.838039619981148398e+00
1.500687762268686942e+00
1.405128354251230061e+00
5.334079006520959787e-01
-6.976125644783982560e-01
-1.174762770385591626e+00
-1.447979879765633804e+00
1.597936139059586313e+00
2.861311573390433072e+00
4.750045958980128047e-01
8.131762709701261249e-01
-2.510110368784174817e+00
3.319913007677637751e+00
-3.900893203283999355e-01
2.513473910207585371e-01
-1.163615905145923168e+00
-1.211411097582635099e+00
2.448899030901953378e+00
-1.108884058567876973e+00
-2.113306085330281192e+00
-5.732869684759203111e-01
1.802439511350993229e+00
2.253465339477018325e+00
1.454741879165083684e+00
-4.137478769246758503e+00
-4.919075712902754915e+00
-8.253439396409856244e-01
2.634925466641169667e+00
5.441870004237034375e-02
-1.207526200287219798e+00
-4.409445875150482808e-01
-7.798876058233987774e-01
1.531765575091013076e-01
1.700802988782386116e+00
1.191559780353103726e+00
1.828305941977687032e-01
-5.893827520843503143e-02
-4.664138347130913909e-01
-7.559762731070863995e-02
1.335006176934274480e+00
-1.004781328920398425e-01
-2.591564628098443901e-01
-4.166572689287331155e-01
-3.865361826077979290e-01
-9.794086855094791266e-01
1.876729945024206425e-01
1.530132687792637558e+00
-1.807645560226837922e-01
5.920791333625166075e-01
4.042659748262665831e-01
-2.857657823276493758e-02
1.148981414282069791e+00
8.372018811230632629e-01
1.358451650402129562e+00
1.765796821004740336e+00
-5.820670197628575737e-01
-1.768271388963521262e-01
-1.670427906641130500e+00
2.000923931430270031e+00
6.123775571542776630e-01
-8.466051324138484935e-01
1.612540679960408951e+00
-1.401830297860045205e+00
1.087923687799192685e-01
1.165627304620179272e+00
-3.788803953811088476e-01
-3.290819941342605359e-01
1.095277888316384507e+00
-6.944576546359287894e-01
-7.913660021040813675e-01
-6.358217591212499409e-01
2.830584346206733715e-01
1.338261691444248003e+00
1.714353440515310911e+00
8.438143911742188585e-01
8.944620100359974568e-01
1.690432171767418668e-01
-1.002676185227465711e-01
-7.117362586571718275e-01
1.624339056238174095e+00
-1.745003152213827846e+00
-2.335974879181348385e+00
-2.543323637013445992e-01
9.348291536074249120e-01
-7.765255533086453665e-01
1.305088248320391831e+00
-9.870700905003446657e-01
-2.025487062109273761e+00
-3.622917502961202185e+00
3.405397929584949690e+00
-9.217585755828167082e-01
-7.978918771450721481e-01
1.122325031892885905e+00
2.806106571396706606e+00
-1.439441340319355334e+00
-1.136933206907143334e-01
-1.088355482627421322e+00
1.027708564687277587e-01
2.523776961362345639e-01
-8.738451247199641170e-02
1.899895224187829967e+00
-5.015644040192186459e-01
-6.666036896623419583e-01
5.142691294129487778e-01
1.243908416114908988e+00
-6.651363550499072019e-01
1.785898927485422671e+00
-3.073662835676814531e+00
-1.242094486264249564e+00
-3.376625210004680078e+00
2.446106650261355320e+00
7.856179346295650845e-01
-7.190080783024597189e-01
4.459684824538806547e-01
4.642400074913063945e-01
2.780458142472872485e-01
-1.058123066629851117e+00
-1.516341166748856883e-01
8.440250822933793584e-01
-1.308625408670241796e+00
-2.205214279899946339e-01
-4.704606189961594853e-01
1.503973524217809388e+00
-1.262332316651399555e+00
-7.447442608388002983e-01
-3.244674584791590322e-01
-4.075054011378809182e-01
-2.068656601432022235e+00
2.904860141323434508e+00
1.588298050398526673e+00
6.008872303432735151e-01
-2.675626000065496779e+00
1.136170446397227751e+00
-1.871540086877862663e+00
3.659308825557799238e+00
-2.474913917039116562e-01
-8.005758169080129383e-01
2.476465310943583020e-01
1.978852598436966037e+00
-3.970437006847880035e-01
1.848546581454701965e-01
-2.801926824326532728e+00
-2.710578256692431687e+00
-7.247211165873672645e-01
1.534052419018188340e+00
1.874770181727510199e+00
2.539976494828420917e-01
1.349812209597053059e+00
-7.830207165657745438e-01
8.510586042171176535e-01
-1.027624679351023668e-01
-1.090864296085901186e+00
-9.783943478979959529e-01
-1.077808499705202205e+00
-2.007093788943334456e+00
-5.403895842902534108e-02
1.101287719612571436e+00
2.535550796784690863e+00
9.633598744710307749e-01
-1.173451935914508804e+00
5.345207518393830792e-01
-7.760621549622775950e-02
2.119524382965549680e+00
-1.337200595687044302e+00
7.232471876286284962e-01
-2.803596626406791859e-01
1.513867136953258585e-01
-9.352172763110162546e-01
-1.762216554103603450e+00
6.632997771366808681e-01
2.264002881396045552e+00
7.085140827467494296e-01
8.236363395248814667e-01
4.499100375285299269e-01
-4.939952754614015396e-01
-1.924105089607329733e+00
-8.225516225793862990e-01
-1.300881068827360432e+00
-1.654496383504447499e+00
1.678392869577302715e+00
-1.363073675836827148e+00
9.791742390666412499e-01
1.352684125585658093e-01
-8.818646725558602073e-01
-1.628989560751159082e+00
6.044678655242954335e-01
-1.940499863444868633e-01
-2.008181194968313432e-01
-2.232625123927289568e-01
-5.711463372601532917e-02
2.606576603952503568e+00
2.200488638557113463e-01
-1.806746617852157955e-01
-1.959494407155916829e+00
-1.912346848468922555e+00
-1.623546801964620645e+00
-4.367768063534011036e-01
1.248372979029376939e+00
-1.680000538471818183e+00
-1.216250418491221064e+00
-8.383449398070239589e-01
2.807200310524194276e+00
-8.122902103472751101e-02
1.102870656773686786e+00
-7.556554952812665205e-01
2.505073635933020793e+00
-6.270581404438636541e-01
3.425436940638479477e+00
-2.440241256302283501e-01
-1.520825771298488505e-01
-1.067691562644361492e+00
1.808681275308609671e+00
-5.182931876494778489e-01
-1.833907548368848284e+00
2.430142306459635582e-01
7.982206473353844478e-01
-2.068724525259140634e+00
-7.167179480119170165e-01
1.223134400418299794e+00
-7.490409342715215191e-01
-4.279150904462036831e-01
-1.407945968193436315e+00
2.196908316737550271e-01
8.182746695710862994e-02
-1.592100467640801265e-01
3.218168806515991909e-01
2.132542338722783981e+00
6.400679821430184102e-01
7.612973455635552167e-02
-3.272540672668109996e-01
2.616280529341812322e-01
-3.768430652391349112e-01
1.884547755637704602e+00
-7.824515916808708615e-01
-1.487458491265108707e-01
1.395462759797077679e+00
2.696318117627343747e-01
-5.642169979158024873e-01
-1.168392820362763457e-01
7.623286605189819598e-01
-2.785807755773304528e+00
4.330672286363236978e+00
-3.223905294343467620e-01
-2.464479778183885195e+00
9.928205610348236343e-01
1.996928911201671708e+00
-1.026340824526397633e+00
6.628892848545934191e-01
-3.395127447991760361e-01
-3.554296480502687761e-01
-2.251149390488538682e+00
-1.368908171151675290e+00
-1.203082691140718863e+00
1.624091833531635110e-01
-3.525678907539321338e-01
1.433343703055814711e+00
-4.744226276544897480e+00
-5.009480113388282696e-01
1.479918031100020404e+00
1.183719456956978666e-01
3.262974489257395305e-01
2.328861189334580306e+00
1.834528789532426707e+00
-1.343218425959757045e+00
8.191701793749348037e-02
-2.828257303086940677e-01
1.010187995372334280e+00
-9.503538695495565847e-01
-6.635424591598222677e-03
-7.081403131672073803e-01
6.120479350815177799e-02
-2.647788082875545124e-01
3.543842101853391213e+00
4.865244590211987297e-01
1.963056284594448364e+00
-5.000693012784530600e-01
9.105619317368237597e-01
1.434600878853090622e-01
1.386673562787985869e-01
-4.912189045005703747e-01
-2.183206161290972336e+00
-4.142390646955283057e-02
1.203741798848935729e-01
-4.080353894219451716e-02
2.546031123709451727e+00
1.120956957738178827e+00
-2.158320076373847485e+00
6.202262907488707011e-01
1.596907700585338485e+00
1.504232863396637976e+00
1.602348366267703828e+00
1.490965194672564831e+00
-2.168764812050014701e+00
1.435966899461205593e+00
2.689298768303618026e+00
-2.942040056362582590e+00
3.268345500082345256e-01
-2.262790656432260405e+00
2.888601246506701692e+00
8.339522208186271879e-01
1.815135955459840078e-02
-4.734535775796822055e-02
-2.199934674035259885e+00
-1.047685319708380414e+00
-1.183754047662399778e+00
-4.052603119080658844e-01
-6.383114082992358274e-02
-2.958217903347923450e+00
9.982164663432289142e-01
-3.146284660711626380e+00
8.557467767446441664e-02
-1.261384864122277571e+00
4.916682521997155497e-01
-2.076179982943839430e+00
-1.901571262958026809e+00
6.964689979040035173e-01
-9.645989494986477730e-01
6.002840974047175537e-01
-9.076591888760240368e-01
9.876677311881576493e-02
-3.374958309781528332e-01
4.689194898563640024e-01
-1.201381820024705949e+00
1.879405325866084553e+00
2.284366843095300137e-01
-1.103069373355723748e+00
1.276755205871302312e+00
-1.502612995479148950e-01
-2.623501533947293574e+00
2.246702894545606455e+00
-2.250167077872532673e+00
-1.491683874325788528e+00
-7.729411612036798385e-01
2.679393506227695010e+00
-4.458926930913050812e-01
2.639340320207852475e+00
-2.071690296842573442e+00
7.260879187805625579e-01
-2.153036703847157063e-01
-8.690167822215912885e-01
-3.269416625962134892e-01
5.510176353417998385e+00
1.257766157292631748e+00
3.837563757240133322e-01
5.937895405475155375e-01
-1.546192210057987459e+00
1.777324872371797815e+00
-2.488575065403515030e+00
1.343136380572637290e+00
3.191388475950252546e-01
1.761311220871725425e+00
-2.973302801374723137e-01
-2.818893718472231802e-01
1.444144818130834729e+00
1.498602815365462915e+00
-2.611524990958499881e+00
-1.995469856607331671e+00
6.744558776517780574e-01
2.260451926761213759e+00
5.157215709843282481e-01
-1.740611346166789142e+00
7.690573313383795018e-01
1.824263061488918591e+00
-1.549828520944308341e+00
-7.286644592942704834e-01
-2.012023926880393554e-01
8.004258924335331260e-01
2.653211087238243060e-01
1.118514547560308436e+00
