-2.089679646443015626e-02
-2.267706148186764636e+00
6.574506338399930261e-01
1.641803985992881021e+00
9.260093748897881838e-01
-8.002335807068432505e-01
9.831164509620555769e-01
2.787089186437647914e-01
8.784528259638391123e-01
-8.236894899660036629e-01
2.342783718294647044e-01
9.567276821154768740e-01
-9.266663808242763256e-01
1.336103883702618900e+00
7.427532258065938642e-01
1.412160129814756582e+00
3.629156851711505816e-01
-6.448128440378084747e-01
-3.266953929924643063e-01
1.092081044793954847e+00
-7.027743587764716526e-01
9.158566972521440253e-01
-4.477062811102359152e-01
-2.694596712210216793e+00
9.271353395595611779e-01
-4.238204773285767502e-01
-3.051706084136587283e-01
-2.133973951667313962e-01
9.616143584230834040e-01
8.562011115679146744e-01
-1.229820218851055413e+00
1.893095342020942873e-01
7.283437000227641622e-01
3.854636035707112995e-01
7.468865629376588711e-01
7.047736398395427759e-01
-7.336209098759542968e-01
-2.728139314431070606e-01
-3.422748128770609632e-01
3.640668580824173439e-01
3.777614478154656119e-02
-3.588742773761175453e-01
6.305790625260525584e-01
-2.083459255427091428e-01
-4.245268273038700357e-01
8.531534994676990280e-01
7.097535481151189263e-01
-1.287042171868382212e+00
1.132080503000527649e-01
4.671763418814456337e-01
-4.965173490780570020e-01
-6.259251960690175309e-01
-6.500992794284974341e-01
-5.834457785272948449e-01
-3.967513833524740630e-01
-5.056123693261493912e-02
-9.228460801196740615e-01
-3.653769243211439921e-01
-7.636940425684984879e-01
6.549284548617140267e-02
-2.121261123313076702e+00
-1.837461559445880965e-01
7.357040759719399858e-01
8.389990899328578777e-01
-8.404942197580498320e-01
-7.803037903910892137e-01
-1.358461158231989430e-01
-9.872663633326506094e-03
-8.423643782251202250e-01
9.541713926045392036e-01
1.435203914918321555e-01
-8.217115682782909492e-01
-6.306645501055310188e-01
1.316011022917662032e+00
-6.503543009802186248e-01
-7.234223153591596844e-01
-8.702453824003459903e-01
-1.214169924084531615e-01
-3.904391485984413102e-01
-2.097712873469426142e-01
-4.215359449342442888e-02
-6.122705650338788885e-01
-7.401356745259508596e-01
4.283455992112592536e-01
-2.482349797470897457e-01
1.055457318150496704e+00
-1.144286439142616629e-02
-3.916500747524658266e-01
1.819760997197487074e+00
1.244417049458407809e-01
-5.977364305880723538e-01
-5.296021160057968746e-01
6.427303468196519098e-01
-6.211736914021634970e-01
3.065097535188754385e-02
3.488074379092513944e-01
-7.944705678295642670e-01
6.560317322790498729e-01
-5.565017995746404100e-01
9.920788989515840761e-01
-8.779524718126507921e-01
-1.307008060798972027e+00
4.001192693869439765e-01
-4.361428659475259373e-01
-1.931571448666813406e-01
-9.249036857060115580e-01
8.336682655573190992e-02
-8.146618419382398724e-01
9.390271440965873850e-01
-4.844152596587512072e-01
2.404924162162329626e-01
-4.659476116247903699e-01
-1.245327015516813018e+00
2.462509903539313871e-01
7.288873563629791885e-01
2.846524164578911886e-01
-9.977687118162736901e-02
-3.733267997397002880e-01
7.806698636108428957e-01
-3.652161518994323508e-01
-5.716236577855933199e-01
4.334069990949873663e-01
3.571172311550496747e-01
-9.277684121791818228e-01
-6.337174713492452760e-01
-4.125935966355405160e-01
-7.076823898632593757e-01
4.130891042586704032e-01
7.918635241069035269e-01
2.889044735161876876e+00
4.256608841491378303e-01
8.586435016045171897e-01
9.501897800164227359e-01
-1.140645967615879330e+00
1.057106959866639606e+00
2.240205921222999663e-01
-7.197272955734431710e-01
8.814174434416752746e-01
5.151548339035663115e-01
5.565320399304745091e-01
-4.598307345108210153e-01
-2.554450949267826343e-01
4.080498783376986793e-01
-1.302195581721545814e-01
5.510668968872023399e-02
9.788160129616247929e-01
6.839788588502009326e-01
3.627904372636749919e-01
4.628964384749052474e-01
-3.183091845094292438e-01
-7.212311227957735049e-02
-4.406390743625416828e-01
-6.684706424270769887e-01
4.032952714688740059e-01
7.527840820966098523e-01
1.213454525816213270e-01
-5.613406639494050721e-01
1.402421884440756994e+00
-5.296756071714063818e-01
3.160824224512688296e-01
9.326411508106173809e-01
1.257476499066421338e+00
-5.605358211635711463e-01
-9.909342160457788040e-01
9.463766616776858598e-02
-7.131309780636057027e-01
-3.970209050783932714e-01
-6.238498409815151913e-01
-4.323415443405032033e-01
-2.607102401332601627e-01
2.192747388503557548e-01
8.366771057480892892e-01
-5.323631755899909113e-01
3.938762386906169422e-01
-4.396816851772524792e-01
6.640692837557384820e-01
-2.608514296835315882e-01
5.560640357770261222e-01
8.059325009329545431e-01
-3.510419872476988612e-01
-3.760788151126970291e-02
-5.856463904950874877e-01
8.575150604822360245e-01
7.787180391229902021e-01
5.027649587748006521e-01
-5.571816137270011460e-01
2.075032811341381844e-02
-7.944434790054548667e-01
9.877252103730291832e-01
2.317426687314974476e+00
-6.320671177048922118e-01
-1.330165395439186327e+00
-2.421269184621664960e-01
3.380392282129636161e-01
-6.885794422763720224e-01
-3.950981436291238769e-01
1.793791115013625426e+00
1.014677529757435082e-01
3.519128892619343141e-01
8.853609834393856293e-01
-1.426923622537463743e-01
8.315810363738409539e-01
2.361869720715170096e-01
7.176449142823435601e-01
-8.578943422458222834e-01
-8.906788028645840072e-01
7.670259932674974301e-01
-5.605018773210752592e-01
-2.899509555419665929e-02
6.362388094110644765e-01
-4.694346826054220934e-01
-3.286126076797351026e-01
-2.538784136367253641e-01
-1.364171961574141001e-01
5.725655376715681477e-01
-4.889170269605385144e-01
-8.476356067892876212e-03
-1.975149644011572336e-01
4.649820398950046396e-01
-3.075088186357625153e-01
1.309420226734887560e+00
2.931641980714121409e-01
2.345222586401128240e+00
-1.812854481415257624e+00
-1.805459899828470438e-01
2.110401771935825899e-01
3.871525326554869917e-01
2.044400850280412296e-01
7.586447738495452064e-01
2.117667345908940124e-01
7.599583795187883073e-01
1.007766017349935872e-01
5.826352116082076371e-01
5.940615129788424653e-01
7.464990297284126441e-01
5.122667970144185734e-01
-7.088209102453111310e-01
6.794860344962061482e-01
-6.824673384844015533e-01
-3.845834055748951208e-01
-7.194055407540431712e-01
3.515548347445576205e+00
8.234236139852393332e-01
3.159787223081977903e-01
-1.369961701346717575e+00
6.932071244756203843e-01
8.654105158865810221e-01
-5.689775142590831614e-01
8.391094553980320558e-01
-2.009630186698114773e-01
-5.821179354379679705e-01
8.634314078282055993e-01
1.051392245695974559e-01
2.650650836481769357e-01
-1.223361360975832035e-01
-1.134567411399989734e+00
-7.125914549062737358e-01
-1.987499727119814708e-01
5.809221481339421622e-01
-7.140347089268499481e-01
-4.465960114526568159e-01
-9.898478330111140089e-01
2.918437994846144079e+00
-4.742661639276708474e-01
2.396372033496811937e-01
