-2.128122659744875911e+00
-3.790743563926537996e-01
3.617056772299832579e-01
2.415620279163930739e+00
-1.287003266895414111e+00
-9.329886458983760456e-01
1.138052093061782122e+00
-3.581747792252977014e+00
-8.270107343088672902e-01
-1.984643476209739799e+00
9.357181286464666403e-01
-1.523209834137255303e+00
-1.338711535597819413e+00
-4.111905628218174291e-01
-1.473870224106906379e+00
-5.754722708535232600e-01
1.058525696247110126e-01
-5.638223836403669642e-01
-2.902486310477846665e+00
1.548949234879223869e-02
1.133575194148005449e-01
-1.915553506276046036e+00
2.948884603349535283e-01
-3.790878483468205218e-01
-1.390078531377851867e+00
6.134291931183811775e-01
-2.189693091735452235e+00
-1.235612994986590163e+00
-3.954813746736762781e-01
-8.837610753649840500e-01
5.184523019689464274e-01
-1.090077027917145669e+00
-1.185471427988813442e-01
1.176828119891659252e+00
-4.527455540675067169e-01
7.441271642884247361e-01
-1.560700293639009750e+00
1.251821877828640864e-02
-3.464458141469836105e-01
-3.417844375113486266e-01
-1.463458942894135140e+00
-8.103111509977989346e-01
-2.331814885636431356e+00
-2.304137718495231191e+00
1.246154971058610617e-01
5.437291927226586274e-01
1.180988064466174992e+00
-1.935421301374545600e+00
-1.112608035656574401e+00
-3.189149252918963118e+00
-1.862555622078540252e-01
-1.833030164314085164e+00
3.821558024804541542e+00
6.485133561917825196e-01
1.869479734452301090e+00
3.152877255187608085e+00
8.681509999498966401e-01
1.287366847679988435e+00
-3.497782618166540847e-02
2.476393140724326702e+00
-1.218615362673247215e+00
-2.827764230517157973e+00
9.566524930469463284e-01
7.827898199582564720e-01
-3.036029355831389775e+00
-1.240567177478004046e+00
-2.938550039928348845e+00
-3.563795867954552277e-01
-1.087492777035091063e+00
1.727650305522848262e+00
-1.421828004764560838e+00
-1.229722312447212307e+00
-2.339388972071636097e+00
-2.725173284769536242e+00
-2.913944622508224391e-02
-1.322938304989352831e-01
1.065394872455661224e+00
-2.376739277623955093e+00
2.765832220780121808e+00
5.374136046459542237e-01
-1.356033962616350008e+00
1.267028627094520576e+00
-3.675381372373482947e-01
-1.237148258543526502e+00
-1.043070920503536891e+00
1.056021746796280025e+00
2.417826795203335433e+00
1.241826436936542155e+00
-2.512217261778442179e+00
-2.077879095787649177e+00
-1.643814722523529170e-01
1.220627853377983962e+00
4.362200102113901190e-01
-1.556646055704774545e-01
4.155537405998956935e-01
4.571710155409874354e-01
-1.591779475552352441e+00
1.384601896910222063e+00
4.422079291507121646e-01
-2.195253826021665411e+00
-3.268566146388393712e+00
3.953604672385319097e-01
2.083520015673337444e-01
-3.291151554327912176e+00
3.940435270317317329e+00
-4.679133389388518083e+00
1.229044452720125635e+00
-5.080911367189764327e-01
-2.549820126422541189e-01
2.488671872598553048e+00
-1.586327005548237246e+00
8.042686822217270937e-02
-7.677832938009920838e-01
-7.528152771868193982e-01
-3.682459582381055530e+00
1.349779902224038874e+00
-4.592074056037285246e-01
1.132816896106068283e+00
5.234810655881209307e+00
-1.724915246411252934e+00
9.343426835589685453e-02
-8.004015683561529482e-01
-4.709230670501783900e-01
-4.914307646474498636e-02
-2.021371936183847584e+00
-1.357723307145716207e+00
2.790503683121794865e+00
-6.046722580659038115e+00
3.028712078970418276e+00
2.503484012726051144e+00
1.148944104891702622e+00
3.534295999958087187e+00
2.531374622590636947e-01
1.621026080880728859e+00
3.132856598972544759e+00
4.037041887488777903e+00
-1.530209826310029220e+00
-3.471481474238212073e+00
-1.932383256150109307e+00
-3.906830772434312649e-01
1.337482427213626535e-01
1.254306549276530180e+00
1.636739681093727361e-01
-9.205035729425896651e-01
-1.272459633190756945e+00
1.724875485241307738e+00
-4.311607047301813100e-02
-1.966205291580198633e-01
-2.507299638004016451e+00
-1.590477028677123317e-01
4.899484146876653679e-02
-5.812999331479477005e-01
8.828426429346202253e-01
-3.289418169637009504e-01
1.395676553093560202e+00
-2.910500059480117585e+00
-4.035168934718059930e+00
1.230601772070565758e+00
-8.528995451861300925e-01
-5.913387199671604755e-01
-2.728845358879973482e+00
-5.507891555287531826e-01
-1.910818136884897989e+00
3.699869116147327830e+00
1.180436609396599446e+00
-3.516484612871505488e-01
1.735914727481275843e+00
8.728113838690410020e-02
1.930778481080252851e+00
8.756591364476442596e-01
2.253998665400188894e+00
1.584647787172846378e+00
-9.606876874381509168e-01
1.082310606921407792e-02
7.887509270611674506e-01
-1.415511352119980248e+00
1.535323098693639032e+00
6.083009066876974291e-01
9.513099076743337656e-01
1.798299064576125872e+00
1.702568238254366983e+00
-1.283061700825103513e+00
-2.480147153689003237e-01
2.696138408123925356e-01
3.463511509773969377e-01
1.511970777156266266e-01
-3.366979061363322145e-01
2.697123017932180122e+00
-1.206418942339795075e+00
-1.713326638028632276e+00
1.235500134380197013e+00
3.601078704677394438e+00
1.428177319853358718e+00
-1.174089792423960832e+00
-1.112361203509349306e+00
1.942643838715554461e+00
-5.454483529925305829e-01
-3.532999219795590617e-02
-4.048202656440730296e-01
-1.876826534170950911e+00
-4.275200917245602916e+00
1.970701793793511403e+00
-1.246312834533643166e+00
-2.587338676211860949e-02
1.159094826985982873e+00
-1.000052638403202021e+00
1.362090342750305494e+00
-4.313424496125417562e-01
-5.262741299131292738e-01
-1.783864852683114677e-02
-3.094634633255889611e+00
9.852217274874232045e-01
2.007769238980278426e-01
-2.665682813423972397e-01
-2.322333017449452752e-01
1.497581155601234171e+00
-9.728823396175840799e-01
-2.776814824986015839e+00
-2.710795498216255206e-01
5.814957107582356954e-01
-1.027552607884017144e+00
6.592361184647219652e-01
-5.702016305543872177e-01
2.144899822085971408e+00
-4.339446180269231901e-01
-7.053050666450660922e-02
-5.186190661867962071e+00
-1.825333962614192063e-01
-1.315403523327997926e+00
1.725352174821528140e+00
-8.153121378409577957e-02
1.547719341027426143e+00
-5.340177160119782052e+00
-2.673588519895000459e+00
-2.071366891689163658e+00
1.088078543538333776e+00
-2.106464362051539418e-01
-9.144461586623195970e-01
-2.166033174882974754e-01
2.296869155338730373e+00
-1.169913605917785482e+00
-1.156145689265711374e+00
2.337125413795425599e-01
-3.105434375116446155e+00
-1.237313976567620433e+00
7.021635931431892130e-01
1.609233032291547572e+00
-2.677650279438262615e+00
-2.456277554653808703e+00
8.858907338437973511e-01
8.402651071944791106e-01
-2.274969716857301094e+00
-1.204234073856463194e+00
-1.862271232366989604e-01
-1.056787073139845212e+00
3.670824769630534057e-01
9.414824394355238990e-01
1.096008033870298881e+00
-5.200200591275645490e-01
-4.862601085888550223e+00
1.227026571061615279e+00
5.711997539552988723e-01
-1.978298337900560977e+00
-1.333646401235856205e+00
-4.406867457863246074e-01
2.800357263496269788e-01
7.956170699324235152e+00
-4.949687803156144206e-02
-1.884986400353643399e+00
5.172355390194187663e-01
-1.773706425854484348e+00
6.324053784952736734e-01
1.291949000586344543e+00
2.096241075688730859e+00
5.702804958684719594e-01
1.970680815494037619e+00
6.250232156667034911e-01
-3.525750255957111889e-01
-6.451446753816381108e-01
7.478116951145598844e-03
1.594001051668774593e+00
6.497134850350605451e-01
1.703886725560987747e+00
1.504281902174127383e+00
-1.052319495238686509e+00
-2.991119247701227168e-01
-1.469632203201716170e+00
-1.418944814267951049e+00
2.950827361491722423e-01
-6.290862418684025625e-01
8.392151868796779990e-01
-4.022300489089608577e-02
-1.883920899982396868e+00
-2.354681172053060045e+00
1.306550301975159534e-01
5.888962622780614664e-01
2.195920356097491588e+00
5.551196406376748271e-01
-1.258793630696165344e+00
-3.734031083568298270e-02
7.482332975635604955e-01
9.566859587750825566e-02
5.013589174117890623e-01
1.030891054735649792e+00
3.275408075158837140e-01
-2.939232852857586842e+00
-2.785927913262771671e+00
2.924511696912904135e+00
-8.393914035539509211e-01
-2.399139419220012837e+00
-1.098525254796341999e+00
3.156077093239479048e+00
-3.560834316879807337e-01
-8.356445777424839072e-01
1.600779899945563800e+00
-2.862552348169421501e-01
-5.944667175312401408e-01
1.000625907641633505e-01
2.646610890196271271e+00
5.300872529317110171e+00
1.159376681298920075e-01
-1.574199941441841499e+00
-2.350280891406795636e+00
1.236569074953649094e+00
2.226556778502339018e+00
1.407064539067842679e+00
-5.268706429215407994e+00
2.014941807468912494e+00
-2.274893752307474426e-01
3.317204319831048021e-01
-6.276189527160180859e-02
-1.888366271586618295e+00
-3.835799656567134619e+00
-1.345244788320864249e+00
-4.314527796704096252e-01
5.151986063657514325e-01
-7.816513875714004023e-01
2.781665003267420389e+00
1.621227027031646672e+00
-1.098714630542933224e-01
1.593203061497688200e+00
-1.622215464724067191e+00
4.866052157550204704e-02
4.467817756202359658e-01
7.048826809889569001e-01
-4.664437386000365393e+00
-6.821908926896302905e-01
7.935561493390940191e-01
-4.948823035199591658e+00
-1.357709713074873648e+00
-1.368820332059081046e+00
1.852144215950894679e-01
-3.206478430001791224e-01
-3.146043904880855280e+00
6.893823820371246525e-01
1.168601697604795486e+00
-6.037976868842571676e-01
1.732782509846190644e+00
1.835179707999815557e+00
-1.031397476177789985e-01
2.768973348625372921e+00
1.152534268376992799e+00
1.202848531271085708e-01
-3.338757060766991192e+00
1.120699789531768742e+00
-1.778192871232658012e+00
-1.816109016812558763e-01
1.369777160787856163e-01
7.623785980754225200e-01
2.179361379839333535e-01
2.046992410841023347e+00
2.506566049543762276e+00
-6.448355177711066588e+00
2.081448747277194755e+00
-1.584330674448711229e-02
2.645271888800021509e-02
-3.684149514731652753e-01
-6.266690634229908907e-01
-9.864462046678189600e-01
5.339330813028314582e-01
-1.842414184127264765e+00
6.575405667398411813e-01
-4.662965259015320330e-01
-1.779677856491908905e+00
8.281231794621324305e-01
-2.438923925294327777e+00
-1.950642439826258290e+00
2.389098863127069539e+00
2.830805110896488230e-01
1.159441617325346563e+00
1.400929223217067365e+00
-2.615212851811253181e+00
-2.319151501921746239e-01
1.858201449610684675e-01
6.725396987542204830e-01
1.370252690119793559e+00
2.166243784299186181e+00
-2.433394980221352255e-01
1.012589522307033807e+00
-2.022740213997392678e-01
3.978207306658094744e-01
1.240709718463968159e-01
1.427211456078990359e+00
-6.441832733189882809e-01
2.263814086248935986e+00
-8.322414279431485928e-01
5.975530291176439635e-01
4.075797340621256648e-02
4.702074858594969542e-01
-3.561689447952314680e+00
-1.101596381646204437e+00
1.083888755297938378e+00
1.215099353257834469e+00
1.250863435864718043e-01
-8.813528918661606149e-01
-6.356446177177157431e-01
1.011343704526959764e+00
-4.686637791878744963e-01
-4.939538327608149260e+00
-2.175581678869434210e+00
-5.566547102705817762e-01
1.469553791578479318e+00
-6.536744040512453280e-01
5.973248168165183891e-01
3.044906258408096367e+00
-7.539982959341076096e-01
2.468007799213931097e+00
4.424175874657571561e-01
-4.015143952074401446e-02
5.351571300942974396e-01
9.519127399128092248e-01
2.658578027750567951e+00
2.061340549236085451e+00
5.551788148339484863e-01
3.877716686278572800e-01
9.766379253123018689e-01
-8.204278518113075069e-01
-7.376988793346188622e-01
1.529324424178099218e+00
1.554039966803519857e+00
9.809912238867588563e-01
2.101911165176869822e+00
1.652389049880271799e-01
-1.610064985358377054e+00
1.825080135015225924e+00
2.104770874559838134e+00
-4.101931133394331463e-01
2.360810621068075488e+00
7.603705307547941050e-01
-1.716436779105541488e+00
1.953849454183192447e-01
-2.050523767152593546e+00
1.907283307826503238e+00
-1.729157237974908168e-01
2.612503992162516386e+00
-2.070053845075180199e+00
1.041720070821469557e+00
-1.852392878426355916e+00
-2.929634880825675136e+00
4.760896507553643575e-01
-3.997133146114534075e+00
-4.818471893808540685e+00
-1.794560348458154042e+00
1.431269452294229527e+00
-8.075416875762152502e-01
2.065011641302767931e+00
-2.242451097563764595e+00
-6.270657427739803058e-01
2.537432216047989519e-01
3.294960313804979446e+00
6.657375043451730923e-01
-1.901232681844700068e-01
-2.621279589984733427e+00
9.323893848831472653e-01
-7.376342069045128680e-01
1.477599735456343710e+00
-3.679788068245128940e-01
-4.246644385965543833e+00
-5.759811787435928920e-01
2.539756136897274086e+00
-4.336563931747543510e-01
-4.824768313763317384e-01
4.259487358161982984e-01
-3.466729723044336686e-01
-1.040113209144705730e-01
-8.710335821368430098e-01
9.072067748869949710e-02
-1.896345114003294974e-01
-1.417390111779797124e+00
9.775165156652294574e-01
1.572296151451984869e+00
7.211346678839885005e-01
-7.964072489638798213e-01
4.644996799262822718e-01
-1.261003448176977848e+00
-3.078755789019357869e-01
-2.485763441023972398e+00
4.680329449221817484e+00
9.845854858724532033e-01
-1.852487807829006794e+00
2.046706815504751198e+00
-1.751018781197484664e+00
-3.400541019306356771e-01
-6.043084075699269864e-01
-1.272112603971062406e+00
-1.009874349156178575e+00
2.871170773501222628e-01
1.869408017619951234e-01
-2.293833110686646914e-01
-2.505469959745116881e+00
-3.421196950540130732e-01
7.700108949553403637e-01
-7.158607836323912510e-01
1.321259318553291151e-01
2.402196235101024813e-01
-2.747818598138765944e-01
-9.309226101929840569e-01
-3.872934179074742356e-01
-8.534075338442046466e-01
-2.668054252744417987e+00
-3.374516205960540915e+00
-3.656474021640339078e+00
1.279021759827067006e+00
-3.356797011731084412e-02
-1.953222268971423370e+00
-1.968347083124474040e+00
9.799812420341220687e-01
7.921014557498606834e-01
2.065324157552963058e+00
-7.434775981672088196e-01
1.118383398697270437e+00
1.725746761441537380e+00
-7.583683663215773363e-01
3.340113166241191589e+00
-1.520685635430001792e+00
5.387729553558556761e-01
-2.224520491179471815e+00
2.232582366866927792e+00
-9.847493501059062515e-01
-5.920128885833817467e-01
4.180020822087870402e-01
7.338886190096843842e-01
-7.752203410021013541e-02
-9.373209819244938679e-01
-1.028616550478463010e+00
-1.981455464267815492e+00
2.142872209069905387e-01
2.212288783891358968e+00
-4.513347412234057776e-01
-5.923245085899603302e-01
6.425430420477293847e-01
-1.394306849180743102e+00
1.504538603960501320e+00
-2.822427755243417380e-02
-6.030481313304701940e-01
