4.035674315258230282e-01
4.266855480305339898e-01
2.113411110866539877e-01
4.208092273924470827e-01
-7.648876167301630336e-01
1.920497308529173441e+00
-1.235718214818499749e+00
1.407753717033793039e+00
-1.151038278627085631e-01
-4.933798984986257907e-01
6.131462734363167799e-01
1.096072816538207206e+00
-6.036109847514945503e-01
4.149574320149260309e+00
2.564717708262133078e-01
7.056018100178720331e-01
-3.007532384744602272e-01
2.092330196275470122e+00
-1.351868639663111882e+00
-6.472137822195586088e-01
6.725913986602933825e-01
-1.211500995372109202e+00
-3.176753890225370913e+00
-9.971546374305300109e-01
-2.817560842364298379e-01
1.719270493624374119e+00
4.900886512379673543e-01
1.089446360819636528e+00
-3.200901143161328566e+00
-1.237574134900635281e+00
-2.065610375985642122e+00
-1.895334341258913202e+00
1.041447365340784748e+00
7.400583183549360733e-01
1.208757314822567430e+00
2.164568597684742635e+00
6.574544672006144008e-01
1.581713430181558522e+00
-1.416064738769343245e+00
-1.473808715557029636e+00
1.023265664387472906e+00
7.478031420479813729e-03
-2.228193877912506338e+00
-5.248418718785659021e-01
2.672395822146712785e+00
-1.202895832021043665e-01
-1.736397179279000280e+00
1.951645196530124249e+00
-1.079812901159670074e-01
1.098248884900709932e+00
4.948654958935775894e-01
-1.964491462972910218e+00
1.267715950386471446e+00
4.366398703515732005e-01
1.776925978101669967e+00
-5.579935611738707779e-01
-2.866133512499946079e+00
-4.419290902684875899e-01
3.756871345475852664e+00
-6.743412070230536681e-02
-2.739656559990363949e+00
1.609277551537039219e+00
1.046041495013143863e-01
5.777544609106144424e-02
-2.447852203773075441e+00
-2.228568123671854639e+00
-1.670933632038470451e+00
4.377077486268715067e-01
-2.818245280793621355e+00
-1.077135944951249424e+00
-1.715883056788295002e+00
1.152735985607711955e+00
-7.976690188330283204e-01
-4.680331903606010258e+00
-9.384904660878317095e-01
-6.404551286586193104e-01
2.108478448690625784e-01
-2.517116677580043538e-01
-8.065620206903812983e-01
-6.666014375192775843e-01
5.175803333301385312e-01
3.223428445072888948e-01
2.169408642079302396e+00
-2.215236469879633852e+00
-1.639619649662617640e+00
-2.702463738798132287e+00
-2.413133909480086992e+00
-2.007601453326923746e-01
-6.043886469798782635e-01
9.309497089047835683e-01
-5.767650280743081836e-01
3.695686912841101623e+00
1.825083775003460307e+00
-2.008699473202958607e+00
-2.874570803248012729e-01
1.331851105407715896e-01
3.531763563792986726e-01
-9.673404573440094190e-01
-9.817509124295823453e-01
-7.475256361444706510e-01
-1.916168715237110964e-01
-2.203375288749995331e+00
-1.723609789540341719e+00
3.911303180504802635e-01
-2.415844220241560869e+00
-1.129053784902691593e+00
3.469559969814879352e-01
1.645193767410827013e+00
1.112141688084876401e-01
9.656028910627078021e-01
-6.945235669719515559e-02
-5.652429577838149477e+00
-1.330841843262353108e-01
7.031966778771948645e-01
-1.193956212365700376e+00
-3.755108562137054462e-01
6.187648721657595940e-01
-1.328715439514601027e+00
-2.730363472125655111e+00
1.448859260749931765e+00
-4.178720986368614221e-02
-7.475152515549349230e-01
2.452416493384948382e+00
5.578465915451243928e-01
-3.510959573681574630e-01
4.874708817685357576e-01
-1.367992151765110853e-01
-2.594667987593420322e-01
-1.005036371645170901e+00
2.017778109179634960e+00
2.900544218856645706e+00
-3.524687455369480138e-01
-1.383387486919514631e+00
8.769850244858357069e-01
-9.667959749967088845e-01
4.085036244962987340e-01
-1.266170411241726912e+00
-6.592063776010818055e-01
-3.279567755357155612e-01
-1.666210310916653725e+00
1.124716258358178234e+00
7.573941113809878889e-01
-8.375104588024586683e-01
1.079457728048690557e+00
-9.938620829184541261e-01
1.003596510509816131e+00
-1.668678915901147697e+00
-1.924309930374555666e+00
1.026734363565598995e+00
-2.335463815155699452e-01
-2.048082812811475861e+00
-6.178695961831510708e-01
4.859385630914598853e-01
-2.781681886054828468e+00
-2.814180159077322441e-01
1.505122407423000741e+00
5.828131318430057606e-01
-3.056940640987139135e-01
1.021110077294924423e+00
-1.032076115594930510e+00
-7.226010639372644484e-02
4.084073021654568425e-01
1.630940688544439077e+00
-2.364046756329258314e-01
1.595630059505628973e+00
-6.874408398277642718e-01
-1.717779715935381146e+00
-4.843981871684019391e-01
-1.194875946916138076e+00
1.453160194567823416e+00
4.106129117498405479e-01
-1.131054732160751697e-01
-7.880862817926593822e-01
3.468415589430187129e-01
-2.002110494119792250e+00
1.220000543222445000e+00
7.900963284599036296e-01
8.160950991146243005e-01
4.116049804916894206e-01
-3.231135332399881488e-02
-3.848934673772885784e+00
1.315276505719664035e+00
-3.793406200992942567e-01
-2.474467366132525048e-01
-5.383704099196628956e-01
1.956927817063397468e+00
-1.691022609422018208e-01
1.931542934312604265e+00
1.860973518975262309e+00
7.145088443502579656e-01
1.377831828909593881e+00
-1.172961365347218621e+00
-2.232723286508858873e+00
-1.814851628036123765e+00
-1.512216354749798652e+00
-7.887673141939601784e-01
-1.635350412534954279e+00
-2.506508748509896356e-01
-2.615754355579536394e+00
5.408436123836390941e-02
1.269044461792639744e+00
-7.256174418517915559e-01
-2.197707982698918538e+00
-1.129439390094451934e+00
4.597163264403547167e+00
1.591587992516607653e+00
1.666124309377012169e+00
2.197766869516131649e+00
-9.198497571982217069e-02
2.557503465444830315e-01
-4.598141817994507718e-01
-1.901674507519022672e+00
2.845254952657048086e-01
-2.053615064365668097e+00
2.463876618931402529e+00
-3.961536862819198257e-01
-6.277707218215888840e-01
-1.406653952397046936e+00
-6.673080556924318452e-02
-1.139361724086164873e+00
1.059323783801313423e+00
7.869457494467816394e-01
-2.313885572532435653e+00
5.564719424748332255e-01
2.355726231312447627e+00
-3.832652365318446608e-02
-1.238762401810734382e+00
7.217760286290142435e-02
2.605302403817893353e+00
-2.837314499679328625e-02
-1.155475783625960595e+00
-3.096700803686812664e-01
1.625007332556202888e+00
-2.806858446533164742e-01
7.090348735334468522e-01
1.618650934236104399e-03
1.944689312382213764e+00
2.970920662304392668e-01
3.018925287758308373e-01
-4.315009103425175851e-01
-4.035854921247917781e-01
-3.137545815318808495e-01
2.900768559574976813e+00
4.204623226021393378e-01
-5.908461628116236097e-01
1.546846340316942570e+00
8.735403410768232124e-01
-5.243507236864138887e-01
-7.910910373327644241e-01
4.917330407109854473e-01
-3.926007794061443512e-01
-3.214369482658886668e+00
-2.189217278626029994e+00
6.336348213582168043e-01
3.015797752179690261e-01
-3.448978620906882342e-01
-6.198869642915494360e-01
-1.294374475553188075e+00
1.735494301272761497e+00
2.640476841230346983e-01
5.071679195248133265e-01
2.431443017434562481e-01
3.422153507659777105e+00
2.825903019584297571e+00
-1.252444204257763816e-01
7.118675971352184106e-01
-2.290512983544276793e+00
-1.570600304645416445e+00
1.137720966373626741e+00
-1.256643866697811474e+00
-1.732077393195673221e+00
-3.807797324691018392e+00
-2.121708941833355233e+00
-7.719437512455126216e-01
5.321534247061265877e-01
-1.642857942844237362e+00
2.481079120570920171e+00
3.455315321785678240e+00
-7.843170755702346675e-01
-7.422742430854950557e-02
1.656411774893399524e+00
-6.565658299703351908e-01
1.717336710138690936e+00
-1.615606203312841549e+00
-3.609605187892656053e-01
6.491295551436058187e-01
4.949696296702500442e-01
6.075818958765654365e+00
1.519202708592310713e-01
-2.114248764628461896e-01
1.820388442633404935e+00
8.529609973104060883e-01
1.333441262236386260e+00
9.379833924991531902e-01
2.203271948415955750e-01
4.553118127784122393e+00
-2.322301003235123229e+00
1.367496257555118611e+00
-1.200119240048670988e-01
5.441121281425596035e-01
8.279283705524775883e-01
9.443946233974764848e-02
2.694827490528323821e+00
6.190612444209413895e-02
-2.668066012821538102e+00
7.135780506878817153e-01
-9.182560006928791596e-01
-2.040885880926949447e+00
-1.567093939578567463e+00
-5.962856005205912080e-01
-2.385619585042916269e-01
-4.216393367680427717e-01
-1.705987981681160282e+00
9.633760286869785805e-02
-2.576879098370397081e+00
1.093569443414375009e+00
-2.091083082323358378e-01
5.530762251748821967e-02
8.438734616149393686e-01
3.850059995826879411e-01
-1.835991527076753949e+00
1.876844550797143629e+00
-6.779841072394816592e-01
2.019478166806931263e+00
-5.812969218297104890e-01
-1.414790819151663381e+00
-1.411542020055648328e+00
6.866805443104424533e-01
-7.309176418843172929e-01
7.565412279854450972e-01
-3.320208772440862988e-01
1.371220579779416582e+00
4.796037507221493357e-01
-1.861817871179480832e+00
-8.633336229650373506e-01
1.389988189263598573e+00
-1.447502730448329000e+00
1.877652632131491028e+00
-2.085176436839076608e+00
1.674757444228049952e+00
-1.995698895748474033e+00
4.094736046490429771e-01
-7.956203888626552923e-01
8.913642361525073721e-01
1.285884050681582180e-01
5.968003384018150115e-02
-2.665381206746176623e+00
1.345578361785360944e+00
8.579264550088745445e-01
-2.246446416688162362e+00
9.157482170050912362e-01
-3.385897667874581685e-01
1.646066345471530301e+00
2.643515625577240735e-01
-1.540605433048102269e+00
-2.657529273776047862e+00
-8.990930961823878631e-02
2.998635620360200704e+00
-2.032203463754263861e+00
-1.526124018696924267e+00
-1.152395989128395470e+00
2.476616141504794477e+00
-1.846481182935498788e-01
1.947486089282508104e+00
-1.677252034941714709e-01
1.538397951923002882e+00
-3.069840754115227277e-01
-5.863140475954968789e-01
-9.454459362070803952e-01
-1.206675360891427129e-01
-1.009717787273729739e+00
3.012016290473628732e+00
-9.918115433592828989e-01
6.603770578990865170e-01
-2.638352338112591067e+00
9.580307570814051710e-01
-3.603209694879674796e+00
-1.937985005569737018e-01
-1.130244380784360292e+00
4.778340765215447483e-01
-1.359774572902711531e+00
4.736956399010525676e-01
1.526124857511033106e+00
-1.899545572756243361e+00
1.378765330773277453e+00
-1.050179093141532460e+00
1.190784315235226876e+00
5.560256634001753406e-01
-3.022776131022182788e+00
1.266563531464861780e+00
4.504363304392884348e-01
-9.710319334305694827e-01
-5.977212970564053096e-01
-1.512380571665521423e-01
2.903441753890102284e+00
3.476302231472622184e-01
5.218789054280630335e-01
-2.861107862538658342e+00
1.285126276729572914e-02
-3.677632766339106185e-01
1.620768610097935269e+00
2.100110821292025864e+00
-1.528353167206116248e-01
7.682331607456485134e-01
1.124042307712319055e-01
2.877143923644152501e+00
-1.178991368300084108e+00
-1.913995705406554837e+00
9.574011283804138017e-01
-7.768839936208391528e-01
2.836302872563306376e+00
1.861732322268945250e-01
-1.155814076232746901e+00
-6.222738526161813999e-01
-1.394182586711473659e+00
-1.195993681661562613e+00
2.172204471625756916e+00
2.557360611228276071e+00
4.144922368987125072e-01
-8.945234236992880561e-01
4.622792777864881963e-01
1.358643170612437556e+00
-3.369577919641413288e-01
2.591065685946916552e+00
-1.259095368976860918e+00
5.814589200295330329e-01
7.115866357386902985e-01
-2.281807616088133095e+00
1.390690094754198469e+00
-1.575621416425557197e-02
5.773688436249699851e-01
-2.605054669162416014e-01
-2.051163347342348953e+00
8.937416888880697075e-01
-2.101343752661639641e+00
-1.985446114839496679e-02
9.828521339280589242e-01
1.115130676757399630e+00
-3.215757209145830409e+00
-3.573341813125949784e+00
-1.029659612481135245e+00
-5.839081045988796514e-01
2.652118249529540783e+00
-7.711642118833905712e-04
-4.231171707811171023e-01
-1.261834263473506468e+00
6.885934710315886331e-01
-3.986382493273283312e-01
1.565173625219058895e+00
4.661803831657697073e-01
-7.506591650487361989e-01
-1.670711221767417598e+00
1.280862930020516988e+00
-1.819904706109099823e+00
8.362330436029100644e-01
1.501570435652940017e+00
-1.442716091505846787e-01
8.687219436162478825e-01
4.287738583972478423e+00
3.650483739910172498e-01
6.477048443354190832e-01
-5.004659918676074293e-01
1.954961684956679324e+00
-1.733146917394140507e+00
-6.491844569130179599e-01
1.859355262485621996e+00
-1.941398579178664541e+00
-1.744812673703529882e+00
-7.758374919459714025e-01
1.861215149095981181e+00
8.183789706779176498e-02
3.317866376641265269e+00
1.450178465613806589e+00
-1.059546124503871756e+00
-1.308500338588070022e-01
6.418068736030726473e-01
9.528942203022690016e-01
-1.991032464490196885e+00
-8.005825228615840450e-01
-1.962928932489246048e+00
1.813701225594406496e+00
-9.463086990950321242e-01
-4.619603314143283512e-02
6.221744121789936077e-01
1.094715721926481145e+00
6.939981768096619152e-01
-4.202146117411411641e-01
-2.101742750407987748e-01
1.028533944181871052e+00
7.847412304860166277e-01
-1.343196215261980853e-01
3.749012513891927245e-01
3.702806561282223630e-01
8.884852580952622425e-01
-3.846525291200876273e-01
-5.393171528566644835e-01
1.011899071828085417e-01
-1.640592539761126956e+00
-1.450983798905586486e+00
1.104101082560242642e+00
-7.498364833649168171e-01
3.858368977902629116e+00
3.536269865107363186e-01
6.795406258192742133e-01
-5.974601156540108038e-01
-1.328612554472784701e+00
4.222017630787356923e-01
-1.540057524505410447e-01
-1.773213980794148270e+00
8.266195949646872876e-01
-1.769564318889409904e+00
9.553690258819812486e-01
-1.582434459027611595e+00
-1.684277175062236731e+00
-1.286228534634967113e+00
2.862588903360330228e+00
3.643923346194442581e-01
-1.554044974161897574e+00
-1.580978132138241676e+00
4.373481758682781217e-01
2.612100285181955250e+00
-7.201302971688053889e-01
1.904356207490475184e+00
1.338756078441179831e+00
9.966655657528834533e-01
2.916011334100538477e+00
9.359745232752401112e-01
-9.940198730016663875e-02
2.032897668245385869e+00
-3.630250048526886819e-01
4.546922304117457792e-01
-1.380126957747640271e+00
3.873941358229910925e-01
6.436378966839934046e-01
-7.273865509585677458e-01
-1.030479255000312122e+00
4.621890385264174617e-01
2.651996250311144943e-02
-2.397123469018911379e+00
-2.252978291821977619e-01
-4.911796550663471983e-02
2.971015117270202399e+00
2.357949319644493613e+00
-1.818508674958325022e+00
-9.030922701084154181e-01
-2.453375051531092588e+00
-1.107595635303565862e+00
6.594329287248632543e-01
7.559026943073275939e-01
3.239260214865570253e-01
9.820480800630154716e-01
2.317513398897147692e+00
1.340899764906102076e+00
4.365324637061430479e+00
-6.569044781146408107e-01
1.808160298855141068e+00
1.360142221314901478e+00
6.821181397740994079e-02
-7.456913272744640775e-01
-1.302633204723321114e+00
-4.217504696133627107e-01
3.904860829397739375e-01
7.262237575738643702e-01
3.678966315609563331e+00
-1.525361750497236990e+00
1.820322693152776061e+00
9.624209271329474680e-01
-1.745226755041453748e+00
-1.090709528173325005e+00
1.505753393268491003e+00
8.808732087675108513e-02
-1.263766664261881001e+00
-1.932688625148945905e+00
8.614906092711971386e-01
-8.239620299443013440e-01
