2.710371357100269663e-01
-4.917127072952773847e-01
6.489876999738557473e-01
-3.081683459764228417e-02
-4.019888642279680901e-01
9.585251769570735103e-01
7.291259297927821237e-01
-1.720426551716414121e-01
-8.569487375351982905e-01
3.315023410695439043e-01
1.522251114452073395e-01
-4.826904371162266116e-01
-1.210582249105416563e+00
-8.761118724736052243e-01
-9.343396542499569080e-01
-5.470301019783472274e-01
2.644738428533417451e-01
1.531951072565667094e-01
-5.808284650073265443e-01
-8.968287707924753605e-01
7.169655381007067341e-01
-7.128332669406489686e-02
7.825452981002429809e-01
-7.591737836221768010e-01
7.744001829677999993e-01
-3.635093293952549320e-01
-1.942361927584934422e+00
-9.370420972732627085e-01
9.663966949056331801e-01
-5.484072246950806306e-01
7.775242020330410675e-01
2.388543663195308309e-01
6.148683778948427214e-02
-8.716024148866676757e-01
2.240414380563278129e-01
2.503139464996597674e-01
-1.041423007614013629e+00
-6.627181046159633659e-01
-7.560793103158391926e-01
-5.365438984805674938e-01
-2.853481627054748060e-01
-2.740301319192866014e-01
1.111594063457066461e-02
4.821624924594587469e-01
-3.784214610536038581e-01
5.796215225569061325e-01
-4.491751489472330938e-01
-7.986506576345708819e-01
-7.143480344712744845e-01
5.991692039103784229e-01
2.749039783015663208e-01
-4.184480888946895405e-01
-2.528812419959871605e-01
-5.531190163303774110e-01
-8.494849522153868904e-01
-9.367589520476904408e-01
-5.725979852781866164e-01
8.798805101057394218e-01
5.277385839534158851e-01
-8.822910446660015005e-01
-5.348916823203633264e-01
9.715797049614642855e-01
-2.746998775555433703e-01
-7.253979689350662508e-01
-3.812279602162362835e-01
-8.809898213374531828e-01
-7.950949864459309069e-01
7.806724303583083557e-01
-4.150761946826131421e-01
-5.467755537162293233e-01
4.555418756725595486e-01
-4.620869607993616235e-02
5.349752116888559783e-01
-8.841111196744011469e-01
-2.913929829305166308e-01
1.254331409978168832e-01
8.326699549165990089e-01
-1.467511786701429788e-01
7.587954479764462690e-01
-2.655216939650273389e-02
1.358104678623783812e-01
6.100407782625427711e-01
6.754340805536871439e-01
3.605317274381012460e-01
1.893123560111331649e-02
6.807805217910027906e-01
-7.842093279771715775e-01
4.044011552451032276e-01
5.812305865438383012e-01
-2.973217530956722143e-01
-1.086027885835385565e-01
-6.420574028197651995e-01
-2.313927413624403684e-01
-5.543113375506167895e-01
-4.889039050315298063e-01
-8.360452248233312122e-01
7.844110008392366495e-01
2.006686497304597250e-01
7.533780744118341310e-01
7.117282980083317057e-02
1.312866205431974187e+00
2.428677106124172980e-01
1.240170335259227929e+00
1.451829386324847482e+00
4.393819057919310378e-01
-5.445236576734908684e-01
6.597468754424427040e-01
-6.772409177225102717e-02
-9.989566192129666344e-01
9.974887484748842237e-01
-3.621333147602001645e-01
-2.199280036048412157e-03
5.383091031831996887e-01
-9.506331448419458319e-01
-5.193143945678433404e-01
-3.343577370108583580e-01
-1.578881607092310624e-01
1.686975521209168605e-01
2.482957140302000099e-02
1.675836677335326375e+00
-3.515055724572138107e-01
-4.638617488401610700e-01
-9.870697901483151959e-01
8.138180403447989875e-01
-9.988323705145545350e-01
6.402747547361340441e-01
1.841205597780180891e+00
4.421179633322565028e-01
-6.629003566357043464e-01
2.980698901315304017e-01
2.947991404885459410e-01
3.792993221304552520e-01
5.859748998060212433e-01
8.674468164588868824e-01
-2.489578649546537736e-01
-7.416486287200985128e-01
-2.794593690860991408e-01
7.978245895808460109e-01
2.205983416677532727e-01
-6.044809670759259124e-01
-3.913504632296047614e-01
2.905294404481675308e-01
9.103239378796379455e-01
8.988966389780654875e-01
4.992245036981783901e-01
-4.651013599099680373e-01
3.879010573449084287e-01
3.677122683240343637e-01
-2.456342730074946856e-01
-4.364254456837599605e-01
-2.036978932392548014e-01
1.270698954022730920e+00
8.259779826070385855e-01
5.608068111591208993e-01
5.749428607169959626e-01
-7.086589261153779518e-01
1.046255830361244588e-01
2.648194567369652752e-01
-2.612096483127650526e-01
-8.004240539079314765e-01
7.033488089734263315e-01
-5.212667129126917764e-01
-6.859798906123963924e-01
-1.258352524945141049e-01
5.852086066118624696e-01
-1.969473317220165054e-01
2.911133447061668988e-01
-5.593567804046217784e-01
-1.332282277880743604e-01
8.080195271797390166e-01
-1.905308037130433174e-01
1.583507170848406087e-01
-9.674420032727664154e-01
6.876529585277442180e-01
9.830527451239319259e-01
4.069947526782338176e-01
-2.315505130086070729e-02
7.287430664846699102e-01
-9.975557993984507377e-01
9.427729807956175545e-01
2.898385032345651702e-01
9.644342935373590997e-01
6.165256695796261788e-01
-9.318846459286045381e-01
8.290676985888603134e-01
1.295133711457330250e-02
6.506063496037477467e-01
5.794230622707350342e-01
-3.371706055004171088e-01
3.137074544951090616e-02
3.129265855821785625e-01
-6.409431115364201403e-01
4.247208143971203942e-02
2.468998043886734273e-01
-1.045126460516163647e-01
1.658886828521444201e-03
-1.351027137804393097e-01
3.395569502984985277e-02
-2.168708547380144847e-01
-7.929549722533837386e-01
-7.203160279532319077e-01
4.995322503373882395e-01
2.590255084511994266e-01
-3.819452328390164908e-01
-9.344961667000493133e-01
-3.589392635122452546e-01
-7.901472774857889458e-01
-1.525268759515583383e-01
-1.159011698613885422e-01
9.744999744083922000e-01
3.765819121314573081e-02
1.609358031701771052e+00
3.412409831450835540e-01
8.871961350255472833e-01
6.345405103946408776e-01
1.580626915783822639e-01
7.087202050513123908e-01
2.496870739119869675e-01
-4.111106287012407101e-01
1.167643303710299563e-01
-7.837269101493784529e-01
2.655831144108324882e-01
-5.369253000013229915e-01
6.006357696733941598e-01
4.337196439786592528e-01
-6.309424348053260800e-03
-8.703682728275341507e-01
4.606286163930164435e-01
2.312016291164109560e-01
5.300615190590465264e-01
1.168093953236917226e+00
5.237511185974710326e-01
9.699168855236162123e-02
-9.377680715272938006e-01
-7.428995854757860506e-01
3.887007818263981118e-01
-6.778993829739965449e-02
-3.945539031046418899e-01
2.988180102961806028e-01
-4.501298537505575847e-01
4.669520373351012665e-01
-1.519019081524153325e-01
7.272081085152002355e-01
8.460545174769782406e-01
-6.949986497499649474e-01
4.346464920382404618e-01
-8.598574758602537393e-01
-5.860067282037020320e-01
-4.778993619933809001e-01
7.176322870176203850e-01
1.990254541992730886e-02
-8.869122524102501792e-02
2.765479254327147807e-01
4.970926238632160654e-01
-3.273459914889305100e-01
-9.838320038061052486e-01
-1.431260412868016196e-01
-2.073514586300828633e+00
9.277208731957087284e-01
-2.186696379048744809e+00
-8.589158713835349790e-01
-8.171982447143153472e-01
2.580554009022381079e-01
-2.059885241479708640e-01
-8.354961091581775134e-01
