-1.451946861620389440e+00
-2.078433304045456342e+00
-3.919564415781811584e-01
3.733549899368145741e+00
6.677195234639290433e-01
1.446972470176316694e+00
-1.136068202285695605e+00
-2.256429734086167205e+00
1.075688930343078109e+00
-4.077300825478070156e-01
1.651092075955025607e+00
1.022384349466501474e+00
-3.178249590897830323e-02
-2.027515084444703186e-01
1.977549035473561201e+00
-3.980198434459865653e-01
2.285522010305448770e+00
2.825012672401043257e-01
-1.238528515061358304e+00
-8.054145413369850903e-01
-6.092739022979830610e-01
1.725256204890633915e-01
7.925143574028112869e-01
1.627263010564998502e-01
-1.175273616655707898e-01
1.020475838211972519e+00
1.470159163881410436e+00
-2.031090375565483441e+00
-5.024250546721720223e-01
-5.407543904754775754e-01
1.791877863641250013e+00
7.837629046119334308e-01
1.880633332003597280e-01
-4.021454136639754928e+00
-3.024905475347133166e+00
-3.219045494675505381e-01
6.462559916793559900e-01
-6.756673796382746122e-01
2.484789052263965736e+00
-6.688572685359717163e-02
-9.990636725283548181e-01
-1.825934111233458834e+00
4.106094110051945467e-01
1.960962992099895441e+00
-3.339074142024618386e-01
-3.559002538397363913e-01
-7.133617526229873995e-02
1.637647068111307558e+00
7.583817917137647413e-01
-2.237818963919360193e+00
-1.543761380831293106e+00
4.311774577204717795e-01
-3.182617506968649757e+00
1.169318148095523507e-01
-5.415348178731599349e-01
1.513200382384624287e+00
-2.346592989871668866e+00
-1.236053860449036090e+00
-1.159960640441449531e+00
-9.716722993066867486e-02
-8.573358416776636348e-01
-4.365938048739023691e-01
4.653216472189198427e+00
9.747991316163073794e-01
-2.240279280266624928e-01
-2.529156768793162868e+00
3.335673070250047445e+00
6.577301085659690294e-01
-1.463537119366964401e+00
9.986467996982076878e-01
1.587303501640894066e+00
1.437019045107890580e+00
-1.112459890156936027e-02
7.750636095108898171e-01
-1.419353075959800980e+00
-5.972148083223129955e-01
2.948806602043926306e-01
-1.645854821185661176e+00
-1.813542841106843273e+00
1.210987546792368752e+00
1.623725518957109148e+00
1.210805165843245046e-01
-2.899664376537302024e-01
-3.188098369176532998e+00
3.235937792815566927e-01
-1.169537978247066068e+00
1.610655159161006988e+00
9.191439627548096958e-01
-1.477711355247711911e+00
1.732321348807321026e+00
2.109071092532434355e-01
1.180171504343617839e+00
-2.911989063985015669e+00
-5.481924215258965338e-02
1.757000000736792966e+00
-1.254642877095527576e+00
2.678117850030779401e+00
7.873324446024065892e-02
-8.636924775808874077e-01
-6.106297493585643998e-01
1.647090906958518230e+00
-2.396558058974096017e+00
-2.337512355497569860e+00
1.562528146673016316e+00
1.541539062065634624e+00
2.621675827553012539e+00
4.624793042710131363e-01
-1.155704083773994584e-01
-5.779641824307824027e-01
1.236112893837740145e+00
6.546718647425113780e-01
1.286446253018887820e+00
1.947298089518845199e-01
-2.558502154232135783e+00
-2.973295591034011309e+00
1.621118694559328555e+00
-2.741305600388320940e+00
-1.357537784500365552e+00
1.668871873676043283e-01
-3.492110269921767096e-01
2.149401282149961401e-01
3.893793544179714239e+00
-5.962939579863421602e-02
2.285626886870468222e-01
1.378038672328574243e-01
-1.458393251166894000e+00
-1.178171699618179913e+00
1.991007168996817289e-01
-1.800631460643059123e+00
-1.439585795433920845e-01
-1.855461959338517985e+00
-9.787786761189372076e-01
-6.597421640595957371e-03
-3.320272897554192859e-01
-1.696990088732446056e+00
-9.559346296016335565e-02
3.149812822415685720e-01
-1.419595084676522401e+00
-5.042086100678231375e-01
1.041872948182688274e+00
-5.646023895739731291e-01
-4.504004248702194069e+00
-8.790807736114958360e-01
9.144312800153218124e-01
-3.107742677933754472e+00
2.887649263147127332e+00
1.801758393796481839e+00
-1.398733010579471747e+00
-2.346835208407451301e+00
3.262278971107284598e+00
8.446325013638898982e-01
1.104068109928313390e+00
1.057299756914452660e+00
6.808421528153107971e-01
2.795812900621865715e+00
1.728368914795272993e+00
-1.286087529003484997e+00
1.402888848570938318e+00
-7.425000840241218203e-01
2.885793475615621717e-01
4.097586288020295342e+00
6.927348935663102392e-01
-9.335068596447197997e-01
1.237658248304981612e+00
1.292560821752664957e+00
8.148420904692903477e-01
-1.905117626931040586e+00
2.744596520378891569e+00
-1.414908887977759377e+00
-1.776864470691912334e-01
2.516650662126538318e-01
1.401854461401228213e-01
7.093533811370876796e-01
1.188585839745014971e-01
-2.671158281049295979e+00
1.026404639056349710e+00
-2.129626432107344591e+00
