6.333214768583921295e-01
3.488591916034061158e-01
-1.992103978608478557e-02
-4.646856519470263791e-01
-5.079578970458558107e-01
-2.145974969470922922e-01
-1.232010031814455286e-02
3.101257940570447680e-01
8.186586092731262809e-03
-1.778135622898406321e-01
6.697324001898150025e-02
8.254412870548832881e-01
-1.615049232312362193e-01
-6.124815233084245775e-02
-1.236498830987161901e-01
-3.097072828876170636e-01
-1.380587738928785169e-01
2.114415689586401914e-02
9.289934278103822995e-02
1.616981781564698628e-01
-2.184377315249538820e-01
-3.748089239050618193e-01
1.740649239792234348e-02
-2.488622398118858770e-01
-2.987435359231363496e-01
-1.075290681094413225e-01
3.102266753229078813e-02
2.755863515253029750e-01
1.164219927125575010e-01
1.572788464546118203e-01
-4.567132110525562450e-02
-3.254744338003150439e-01
-6.079198775071963379e-01
3.779505355755075069e-01
-4.671742234481506273e-01
-8.331053660371207092e-02
1.554406242247300951e-01
8.211576061735387233e-02
-1.565194869096049879e-01
7.069360467770946510e-02
-1.094237125099861152e-01
-4.079474683944922520e-01
-1.651359822884312933e-02
-5.969238243198832228e-02
2.414943190558344888e-01
5.345238290401496672e-02
-7.779206247640582661e-02
2.504415887196351220e-01
7.012883902924658130e-01
-2.764702498327943903e-01
2.951684520827355107e-02
4.637008455478495716e-01
6.971474687882499577e-01
3.719553944026653958e-01
-5.657612222110856848e-02
-1.014830842767500130e-02
5.259598691135487503e-01
-1.003208800630126241e-01
4.193310100538464869e-01
-5.227115872923028539e-02
1.876682332227934125e-01
-2.706289059667919134e-02
1.120310030397410339e-01
1.344443993121951508e-01
-3.228484714023723279e-01
-1.486919252786150780e-01
-4.012327745993086170e-01
4.520650963723978344e-01
-1.819640422230042742e-01
-2.113014777580213555e-01
-1.168504991719062081e-01
-3.169536494962997830e-01
-5.304838150582117523e-02
-1.338111880855136493e-01
1.764674528810034060e-02
-1.873938260605823025e-01
-1.593467817386735597e-01
-5.275549813224287288e-01
-1.750767726544145142e-01
2.267049582469603253e-01
-4.272921914832057411e-01
-1.812313069299331947e-01
1.369215108168556072e-01
-1.038055161149098876e-01
1.448562147438539616e-02
8.755675423882689490e-01
1.334583298426564590e-01
-2.139170826827265226e-01
-3.647109259347891541e-01
-1.910713528425346253e-01
-1.268774503112075902e-01
2.009514145196557300e-02
9.724919628052333676e-02
7.627925146640143761e-02
-7.722461279929826450e-02
-1.327890342066735396e-01
-2.913075318745961817e-01
-1.665499220698501981e-02
1.346863004374657113e-01
5.294900658907590874e-01
3.326062557490342408e-01
2.671288983121958283e-01
5.139070402607486265e-01
1.146223945842351072e-01
-2.176361696182567695e-01
2.307736403766259825e-01
2.656349286277466248e-01
-3.764179962695983761e-01
-1.788401401807934721e-02
1.784304425638466585e-01
-7.079664783471309453e-02
-5.342750039846699828e-02
1.397850734368292214e-01
5.869953590426926771e-03
4.437432394320077467e-02
4.994227162434142220e-02
-5.055353522661271137e-02
4.396254151514105701e-01
1.817247424524989496e-01
4.573336971723457878e-01
1.538238309791485348e-01
6.252340606294240488e-02
-1.127387642605851836e-01
1.358846715786828641e-01
-1.156266569096740526e-01
-1.364055264560332104e-02
2.433034850427620854e-01
-3.606425504088718870e-01
-9.684123378379094760e-03
1.574292192274988900e-01
-2.961852058396873266e-01
1.490936694113245697e-01
-2.633379742402336410e-01
1.763950895804319574e-01
-8.714800148260844204e-02
2.746231776135442115e-01
-3.313916496806590395e-02
2.208561966969390666e-01
1.375323371309954135e-01
2.421385565607817036e-02
2.432161923602257081e-01
-7.459048386560129806e-02
-6.270676074463127359e-02
2.157358543516992577e-01
4.092112125123348876e-01
3.867656474360083863e-01
4.510053736405770786e-01
8.367036836447752646e-03
-5.851773074899988547e-01
-3.066457979028233694e-02
-2.623543915776851421e-01
-3.849400381294579843e-01
-2.843933348700090069e-01
4.470007732437191184e-01
4.619715307439035967e-02
-3.195489854266921892e-01
4.494362546406702741e-01
1.174384408114022560e-01
1.521708804714278218e-01
-4.703083381450074429e-01
3.889334080381304237e-02
-3.054271298575364502e-01
-3.026937517924929710e-02
2.873093675916807421e-02
-2.313403778398497590e-01
-7.534300750403186142e-02
3.261794542226724714e-01
4.738860255209044192e-01
4.660434303476213014e-01
-1.503476130572231062e-01
-1.874613856227023978e-03
1.111710751469584535e-01
1.838500686295962416e-01
1.999070664062974623e-01
-1.873687894670683085e-01
4.425882399721797755e-02
1.618449535837650499e-01
-4.971368080022907643e-01
3.273144302710696563e-01
5.941825968182743445e-01
-1.229562263125548588e-01
2.786328379011595580e-01
2.393639097392911419e-01
-1.067756423369832508e-02
-2.154057691787676643e-01
1.020750415204958600e-01
-4.060591948858024436e-01
6.297670153918802916e-01
6.660245306248515629e-01
-2.429644816320487288e-01
3.896720780845085164e-02
-3.057042357541506217e-01
-1.248588940674662667e-01
5.100791290820279045e-01
2.924188204904226707e-01
1.527309160093790474e-01
1.224662727130556711e-01
3.740185119260155955e-01
2.990791163981751377e-03
1.709036598437365662e-01
-3.169279094235112337e-01
-3.894713962877537072e-02
8.281023307366355835e-02
-3.003995324218717844e-01
-6.443325788274778532e-01
6.998697784658125531e-02
1.387904056764373839e-01
4.383345140696560255e-02
2.491813775741859027e-01
-3.691494597642640541e-01
-3.481293565914604926e-01
-3.282141767891278983e-01
2.085828703837981635e-01
8.325090482950242565e-02
6.185093680863532062e-02
-2.511613373888529899e-01
-7.190922456290753662e-01
-3.724513049987777935e-02
-1.597931257311477338e-01
-3.131917698011341122e-01
-6.998093545604037180e-01
3.764547274191933912e-01
3.667091132186292568e-01
1.974735961034942699e-01
-2.654033415793571882e-01
-6.414946282249265330e-01
-8.332095944014296374e-02
-2.771013329018925941e-02
1.485713818771677852e-01
1.284121543392130471e-01
-2.288331209471559935e-01
-1.228510644276519514e-01
9.012203366715654251e-02
2.063021304703207826e-01
2.614690933601580003e-01
-4.935350798678495021e-02
3.152536792972918667e-01
-7.661995204030538908e-02
2.556365055610220760e-01
2.505204376512668030e-01
-1.510026645646681820e-01
-1.145398992333400146e-01
1.150390941009825641e-01
3.438879020200757419e-01
-5.292838070607284173e-01
-2.963496165410191008e-01
1.851686764356630932e-01
-3.826091008228827417e-01
1.712919593893708625e-01
3.408138570252982613e-01
-2.243070467392612177e-01
-4.970189912240778884e-01
1.714830620724268062e-01
1.235152729188307985e-01
-1.054174537247122567e-02
-3.070493157512496074e-01
6.213481455259001196e-02
-7.994131144390384525e-02
-1.898194442325906173e-01
-3.177857274615761840e-01
-8.640148928317278876e-02
-1.849403227278745843e-01
4.745504080147971981e-02
4.358697338306132263e-01
3.430398359076729520e-01
