-2.465253320790306901e+00
2.498589589910598652e-01
6.269294896336047307e-01
5.731753066008181685e-01
8.778091751501719830e-01
1.190878945419223678e+00
8.664934803271329145e-02
-5.220442062625283430e-01
-2.213640624115253974e-01
-3.724016962861763091e-01
2.759181487917770625e-01
4.915762435145881737e-01
-2.700478392842199371e-01
8.340846539673210103e-01
-2.304722539123086555e+00
-3.220764142588044554e-01
-2.345357471468176858e+00
1.614421736366836058e+00
3.644992966124094291e-01
5.585675076841757347e-01
5.736892025952348151e-01
1.885156221045640734e-01
-2.125124214729422700e+00
-2.198070064926113343e+00
1.115228143009520778e+00
-1.542671897179267004e+00
1.679191754146770466e+00
-1.117291389013634451e+00
-3.644167951249513315e+00
6.310068464773196384e-01
1.493969885480305626e+00
-2.429633448941019402e+00
1.710510273771814527e+00
-6.237083532011046261e-01
-2.399499012714072232e-01
-2.212683846134898324e+00
1.903292189561681447e+00
-2.394228638989403191e+00
1.844069598985138336e+00
-1.870349978329870488e+00
2.636003632384564810e+00
1.066499420595418357e+00
-6.289133908966204611e-02
1.598162063475660144e+00
1.298158438622254440e-01
-1.325587871243599780e-02
-8.255156293913681886e-02
1.367288068803516277e+00
2.692157806162024380e-01
1.670532141838935392e+00
-2.492773197840721711e+00
-2.565590572729506746e+00
-2.072674461595920725e+00
-6.790589515965303469e-02
5.350877398828981502e-01
3.108856209599955012e+00
3.934805186330425641e-02
-2.901791931196816776e+00
1.244645435074047679e+00
-1.669953550802488529e+00
-2.933138969058521006e+00
-1.113390260960378519e+00
-7.758795849760340424e-01
2.180713387823075000e-01
-9.974702598729566771e-01
-5.310760481789843501e-01
-2.504971012138121900e-01
1.163422520314809638e-01
-2.545228050156177479e-01
7.982391602651416340e-01
3.616477230886105954e+00
-1.163688070329480073e+00
1.459637352021250445e+00
1.332723020557983862e+00
5.134075701183125062e-01
-9.144045141110435093e-01
-1.099429548776894139e+00
1.142033905440960062e+00
-1.427322179022413318e-01
-1.150892814762852545e+00
-2.384870150588447313e-01
-1.944104844258537357e-01
1.570473801285278359e+00
-2.520693042947765861e+00
1.366853909405767009e+00
1.585856559932700360e+00
2.742194272352533879e-01
6.346806419382573505e-01
2.099695315943117535e+00
-3.333817484715859258e+00
-1.014878205242405240e+00
-2.132490257548379509e-01
5.345112176524403624e-01
-1.382471724929717372e+00
-1.140933345748289529e-01
-7.200288658345849191e-02
-6.685620544831448464e-02
1.035972376903628422e+00
-1.398605151575237349e-01
1.713894094738334761e+00
-1.376419731529813895e+00
4.620731556560173647e-01
-1.583770945663358631e-01
5.419079681987062358e-01
-1.203456587304711611e+00
-3.708363240137072303e+00
6.178638632206682191e-01
-6.332962318042847372e-01
1.252379925141164474e+00
1.937586923060912625e+00
7.870867726925798724e-01
-1.330146704318163620e-01
8.626707267105890864e-01
1.758564179052914955e+00
2.309076417094106937e+00
1.823885232237941523e+00
-1.149074297543452694e+00
-4.598490722661244257e-02
1.291720623151827452e+00
-4.322882638257786736e-01
-1.460407828164815403e+00
-1.190575125205817875e+00
3.514849579044459493e-01
1.531780054826058057e+00
2.965664197378221623e+00
-5.158629500819944536e-01
3.419461535849505296e+00
-1.120509635132632020e+00
-5.091232168485172460e-01
-1.582308480565395525e+00
-4.859103983301696905e-01
9.582168063940669223e-01
-1.693881626077526237e+00
2.279355194278239516e+00
-2.131535190157501702e+00
-3.670520389944553763e-01
4.493764079746223605e-01
-3.633689742181287485e+00
-4.405270877957638831e-01
2.567811288775387002e+00
-2.872475036793575853e+00
-9.844102479437402131e-01
1.935743153986521747e+00
-1.060766546788010523e+00
1.505535186934400693e+00
-2.036779028497328614e+00
-1.040018786538143836e-01
-1.772680194553257760e+00
1.503563081462544249e+00
3.208219919893063210e+00
1.918662261827245974e+00
5.702017818496247781e-01
6.555993276327097830e-01
-1.730605532769597277e+00
7.211976604291658877e-01
1.096185138008554105e-02
-8.225988022240789954e-01
6.438523969391670709e-01
-1.504103412521010874e+00
2.237600283436414372e+00
-7.713239784118903763e-01
-1.600120594484993886e+00
1.096079967892895635e-01
9.492989394476901710e-01
-5.647492895998476037e-01
6.698472010990085268e-01
1.696106130846693816e+00
1.851265801559413227e+00
2.126317819385679542e+00
-3.645238793105559649e-01
-6.369333110229640216e-01
2.588174497434673871e+00
1.944068875358157200e+00
1.138653964468673285e+00
-1.475442544499174780e+00
-1.071759171357533180e+00
-2.995756769987717449e-01
-3.170911470622835848e-01
-2.576039240680308762e+00
-8.975677127416751278e-01
-1.961020878209374096e+00
-1.195102089344943330e+00
6.766346154141570368e-01
1.325062095049972521e-01
1.025875810163854873e-01
-2.646293195408536914e+00
1.699266651320642696e+00
-1.293455434969383422e+00
2.048065771011581493e+00
1.456971125446197002e+00
-1.963939569765486670e+00
2.356914428921441096e-01
2.207014274725266345e-01
4.122957902828239263e-03
2.016932913879206701e+00
1.428559085171587029e+00
-9.284468144210501483e-01
-4.712637417773355430e-01
-1.373333886791187508e+00
-1.014112012582807143e+00
1.777928690797139888e+00
-1.543440526944443558e+00
1.843042822232980882e+00
-5.693385146459062351e-01
-1.473722080768257170e+00
1.218724897728126866e+00
6.466162717748138444e-01
-4.253398148211732788e-01
5.964550536574837469e-01
-3.879832702372200681e-01
-4.644620673193337268e+00
-7.905929430135471003e-01
-8.612688855782368869e-02
2.410393052941377512e+00
1.393052846160697467e+00
-2.989481338200335792e+00
-3.267365696185008161e+00
2.326118121878550937e+00
3.476474538848276730e+00
1.792582181660209439e-01
1.041512473945628070e+00
1.988506259250463648e+00
2.306279251954030940e+00
-9.712412123976887912e-03
2.741339569949309940e+00
-1.317999000271785404e+00
-3.721260186918143864e-01
3.357758319514839052e+00
2.164015634884246531e+00
-3.097096335759974117e+00
-2.538127375361206806e+00
-1.123516953710733679e+00
1.492294833381795804e+00
3.733790911542506752e+00
-3.979927018240574377e-01
3.393973982723397231e-01
-1.977163425722450629e+00
1.716338648423963331e+00
1.879406942362646937e+00
2.396581638317831775e+00
-3.133530463910864761e+00
-2.448595639305968241e+00
1.572226060697261563e-01
3.082970247643529671e+00
3.190940489151349313e-01
-1.896029316443808455e+00
3.321042441751890006e+00
-6.736362301893462634e-01
2.080873024554128925e+00
1.546581505538594747e+00
-1.260362782294999651e+00
2.485399230506046386e+00
2.032871611459415639e+00
-1.244308944816104656e+00
1.805386943987503656e+00
-5.641666531216971148e-01
-2.006703772096618099e+00
4.233689785153678997e+00
1.201910196464061054e+00
-2.918880091929780818e-01
1.351359245888719363e+00
2.298652675333805462e+00
3.444879197721389952e-01
7.970073586594245141e-01
9.609125163159285554e-01
