-6.256346232925784345e-02
-1.002164845584267022e-02
2.891317348416126976e-01
5.051813384583541122e-01
2.628633706246213952e-01
5.874710722828462295e-01
7.446632966428703426e-01
4.246381596683904691e-01
1.078991311186896951e+00
8.291953816766975960e-01
-8.877659270009105041e-01
-9.017966054635051520e-01
-8.477738405072213768e-01
-1.946800195673644221e-02
-3.223405813390817221e-01
-1.809550313199888016e+00
-4.087589836563035317e-01
8.313623406745661581e-01
-2.104562889463274314e-02
-8.244378887782390919e-01
-2.776313302188048171e-01
-6.237409525930688314e-01
2.611811126636249814e-01
7.893354603099977940e-01
9.126401692983048264e-01
-8.991037658286582523e-01
-1.167541519258157301e+00
-2.066628917318797873e-02
-3.458095471459456949e-01
1.136247964388248821e+00
8.747384063572407609e-01
6.346399346263505992e-01
-5.441481774862787918e-02
-1.799043487528926288e+00
-1.175294911481335136e+00
-7.552027456273313621e-01
-1.250646267954438784e+00
-1.032904324469044122e+00
1.112462573110582387e+00
2.390965501383186462e-02
-6.287227644886281275e-02
-2.285498647567713870e-01
7.601866081529782271e-01
-1.101317826527573818e+00
1.231747881651100718e+00
-3.195887002711848446e+00
9.027701366184660570e-01
-1.149194801020791301e+00
1.976497903557891400e-01
1.517315449255075555e+00
5.449890261526687540e-01
2.783875385134340963e+00
-6.302556347771660628e-01
5.897035583050356244e-01
1.468296753961695345e+00
4.537625506785274432e-01
2.923574538458698635e-01
-1.297173705409435884e+00
1.300708284592178687e+00
-5.335578797693968367e-01
5.439545590869342417e-01
3.925859355997624728e-02
1.130203951498928716e-01
1.029714910971740727e+00
-1.442856347459009703e+00
1.504767864126824506e+00
-2.861376137734590874e-01
1.008568051543692751e-01
-1.929214960698278358e-01
-1.614090840773347191e+00
-2.663296337484716281e-01
8.399323868494411593e-01
-1.188905959925765199e+00
-1.000945380333504442e+00
-1.512995080598765751e+00
1.930228624985722286e-01
-2.205271442124535408e+00
6.213367722598144294e-01
1.696978652405687349e+00
1.736063227929411035e+00
-4.245555214460489668e-01
-2.591799069877195882e-01
-1.677979889599326146e-01
1.004857748352695701e+00
-3.862501761008815260e-01
1.185312079791772888e+00
-2.064916525329828723e+00
1.228590216616335606e+00
-3.411526858198742768e-02
-7.652375021924424647e-01
-5.511490916362875581e-01
3.787455582833484380e-01
6.197694333050451920e-01
4.871749168763315208e-01
-9.225316200691254798e-01
2.476212400418913884e+00
-3.433447608739814694e-01
-1.185505647259581519e+00
4.011881836232514820e-01
-5.241422465424957489e-01
1.135043383335102130e+00
1.279992134350091293e+00
6.699434991602623013e-01
-1.149601718315172993e+00
1.581624890816575535e+00
7.204839386904398069e-01
9.501043316204816902e-01
-1.213782583306981938e-01
-1.614529716486577671e-01
-3.802910123642527784e-01
-8.590535470808856600e-01
-9.528191895155557756e-01
-3.433440283998313164e-02
-1.144731834790465363e+00
2.137056816427265638e+00
3.618370173649310129e-01
3.880375380551140396e-01
7.110674672108612260e-01
6.393406544165758376e-01
1.392287406355190438e+00
1.271852877090839495e+00
-7.836340159822858809e-01
4.508466695795852464e-01
1.030567870755292992e+00
-1.267058506640824422e+00
8.336742462611829163e-01
-5.350879599815391297e-01
3.290299212816015784e-01
-1.024172577336312617e+00
-6.385462985314235285e-01
1.415715632446107597e-01
-1.348849111699309544e+00
-2.839436997429625187e-01
-4.635758302214351145e-01
-6.513242214858212531e-01
-1.186334864594285332e-01
-4.791922715420623979e-01
4.967039770956667710e-01
-8.215255239922321095e-01
3.890002501053191342e-01
1.410832756297723645e+00
-6.796686528722557519e-01
-1.340879332152733694e+00
-8.861346354691449489e-01
1.742839085863279402e+00
1.148204382016099756e-01
-2.343438904571632175e+00
9.327314156148132085e-01
-1.322985517516142462e+00
-5.370993523754508114e-01
1.188542795827864929e+00
-1.329079132445737665e-01
-5.551586826383763107e-01
5.263853422048603292e-01
3.984699786225454066e-01
3.135834514324391531e-01
-3.291565143636258073e-01
1.073664700782364229e-01
-3.249318986520336461e-01
-1.491039304559720780e+00
-1.112328455331305088e+00
-1.186277291874708456e-01
-1.070082730086179934e+00
2.248791413810976025e-01
3.893761868251721658e-01
-1.093444818287280684e+00
8.390332879631836605e-01
2.889440904491471507e-01
-8.924543870106244059e-01
-1.393723962848786302e+00
-3.057722021802673495e+00
1.982954493144680530e+00
-1.555522118522769004e+00
1.370210380120291616e+00
-3.905632706212287530e-01
1.230585291204344900e+00
6.189876918923943316e-01
-1.243325819347542716e+00
-1.339970944024327260e+00
6.720988934684575256e-01
-1.106517761087323137e+00
6.080041209426114701e-01
5.441663437568238226e-01
1.967882426636013704e-01
-8.584830926741096047e-01
-1.313065371588008290e+00
-4.399838646764251404e-01
-7.224457558011659897e-02
-1.023018574734106734e+00
9.673539566569011594e-01
-6.484468438674839685e-01
-5.493250366604881529e-01
5.875138508802674187e-01
2.894476176381728383e-01
5.032874588294584672e-01
-1.386765026669260825e+00
1.344935153806941841e+00
-4.873315477102430071e-01
1.552676034638738600e-01
-3.706647815745027219e-01
-1.347123660140712165e+00
-1.622119826999536496e+00
2.902581109083152699e-01
1.202510309476644057e+00
-1.366582392073707686e+00
-1.338548877754956345e+00
-1.845933055728055772e+00
-1.271245087123896278e+00
1.014599299685059686e+00
-4.697921272513044810e-01
2.152279493749761907e-01
-1.528642987163467248e+00
1.345135319810160546e+00
-4.920480153526637923e-01
3.187489219005483210e-01
-7.605919516448037543e-01
2.685029574895948512e-01
-3.211048963227369213e-01
6.074405568749534634e-01
-1.997864460238653495e+00
-8.748419054517380111e-01
-9.050763728714119605e-01
4.868046128441734233e-01
6.232472801587535249e-01
4.273162535152999486e-01
-1.389510316173842575e-01
3.336267072998095884e-01
2.077218826063405022e+00
8.808021340550791223e-01
8.883268357084507238e-01
-3.315822880896609343e-02
3.571566254188803802e-01
3.158925153941264524e-02
-4.261438058954518104e-01
7.719537444070233567e-01
-7.776574258852072541e-01
-1.362209015489167230e-01
1.504124831277176000e-01
2.557966939618115720e+00
1.748678046520521223e-01
1.838765688705704004e+00
-1.339365353189179375e+00
8.652842933199007547e-01
2.709341332741784236e-01
1.490101840878483574e-01
-4.805567020963023572e-01
2.388183592589496307e+00
-7.244491517800700775e-01
-7.856513013532087086e-01
-1.193607816737598748e+00
