-2.055541968418987508e+00
-1.380354528799182967e+00
7.524637354641446896e-01
-9.285263762749625949e-01
1.294946802802442676e+00
4.048977926313869768e-01
1.129574376455397600e+00
1.285249963618576352e+00
2.782133181084024409e-01
-6.305592934349559808e-01
-7.177658087154934474e-01
1.073626561630382614e+00
-3.104858794952301437e+00
3.314155037530803316e+00
1.166074798035514615e+00
1.996259352106045382e-01
-2.235136075439255077e+00
1.288174762336504742e-01
6.505761934758661491e-01
6.456903584709072774e-02
4.241249432725200386e+00
-2.095236657897410204e-01
4.685134882733114736e+00
-2.290943188861074287e+00
1.324655090220517639e+00
-1.356672040066503104e+00
-1.219060037483233438e+00
5.055419636707828568e-01
1.103713320042204682e+00
7.661997520503341930e-01
-2.284844331180887256e+00
-1.270329644716787554e+00
9.330919155688219835e-01
1.180577895336958560e+00
-1.540261697018654674e+00
-5.835889837192838048e-01
7.680885249456160802e-01
1.758684112253459553e+00
-7.952164161314928537e-01
2.198415141176338850e+00
-1.284518009804644922e+00
1.490455204946764256e-01
1.763460076467124882e+00
1.051355672140662778e-01
2.457952724680347867e+00
1.225120557696803170e+00
5.847773265732555958e-02
2.958971056011570067e+00
1.441713560436105879e-02
-2.343630516207651837e+00
9.895584945027167123e-01
1.765363666507617557e+00
7.716832155936489412e-01
1.921450108275026825e+00
8.594656787690080346e-02
1.855101846625629047e+00
-2.805422260149219582e-01
-1.100821993027077061e+00
-2.880974779184253265e-02
-3.057135225585536631e+00
2.104661455588000774e+00
3.795731362066419035e-01
4.559081597737567604e-01
1.279472690178822258e+00
-1.028468850410527158e-01
-2.431236880741627360e-01
2.038456172724053328e+00
-1.233307171659770329e+00
1.067511850222823799e+00
5.216033958473211385e+00
-1.835731287232389208e+00
-6.963653766085825536e-02
-2.556381028966430158e-01
-1.543482853120848208e+00
5.846290727566881840e-01
1.604361222106759577e+00
7.594432153533868801e-01
-2.380212876634714814e+00
-9.569464867495929283e-01
7.396430564556029097e-01
-2.895967423991441247e-01
-8.800058469491525148e-01
1.078136472849385186e+00
-3.309235885452663783e-01
6.986411180004759025e-03
6.058646640032070430e-01
9.924025202046147243e-01
-4.394937665486704503e-01
-2.133223037896851526e+00
-8.735634828386288353e-01
-2.097059869021581369e-01
1.953285198714286297e+00
1.001283330923318893e+00
-3.780986317562833321e+00
-2.169273192316584775e-01
2.086154350847053696e+00
-1.512210627697130327e+00
1.180033108982025736e+00
-2.150539210341572360e+00
-1.066760732353373875e+00
-2.083578606623189167e+00
8.582762084381625467e-01
2.283459024999623388e+00
-2.706076961590550223e+00
5.639838267380985481e-01
1.417214698491803260e-01
-1.584408072798697331e+00
-9.065991642183435228e-01
5.872994979686205763e-01
-1.195655617512757729e+00
-1.108688373743372813e+00
-3.032886241715714970e+00
-4.753629480895185666e-01
1.117625797476314298e-01
-2.185299583676350910e+00
-2.488616064653128568e-01
9.775669249486919066e-01
-1.443283038989951805e+00
-1.257752810149322054e+00
7.059008705075008328e-01
1.114525957422406233e+00
-5.021854367512609274e-01
-1.014148220714192750e+00
-3.440393068549948419e-01
5.133560476009347839e-01
9.395632297881630901e-01
