4.845050887235737846e-01
8.555311626950082626e+00
-4.740243205647300506e+00
-3.778563199099497005e+00
-1.406490062350743031e+00
-3.422316862873685750e+00
6.160244587047783327e+00
3.228153676757321122e+00
-1.389549463444601063e+00
2.053224419936319656e+00
3.596795745931058441e+00
7.654416714365506191e-01
-6.267905188662510341e+00
1.797265372503213943e+00
9.181889958950241848e+00
-6.234456822825336531e+00
4.853537150354741314e+00
-4.034881408405937009e+00
4.589703305691336110e-01
1.219145348959097319e+00
5.423312641255642497e+00
-6.462557872426788474e-01
-1.816465090001543992e+00
-5.709039392357226905e-01
1.643788034392223096e+00
3.847797656581246617e+00
-6.442860080060795802e+00
-3.845685811634516948e+00
-6.241309649197937404e+00
5.937565780584111330e+00
-4.021292924672493996e+00
-4.642345467873784770e+00
1.880477292702796843e+00
-1.158605158982317196e+00
-1.670111961149742363e+00
3.572729730871349929e+00
-2.461354564199873085e+00
3.407333780476687335e-01
-8.958571315190316797e-01
4.378689683490254225e+00
-3.103977482725922332e+00
-4.606170818111658072e+00
-4.648381153154183210e+00
-1.500113988254353270e+00
-2.375359871937173128e+00
1.508083228525456843e+00
6.502289754392050369e+00
3.158017185314089481e+00
2.464816551523425048e+00
-1.210087450086016370e+00
-3.273496106415950013e+00
-1.589296878202662189e+00
-1.980563973246815213e+00
-3.258881973398017884e+00
4.683751512595394573e+00
-7.425889156121858736e-01
-1.070044253533743772e+00
-8.332875224527597879e+00
-2.819320878108478201e+00
-8.194861642009733771e+00
8.851612323485161804e-01
6.022158267797241393e+00
-2.460352046103093215e+00
1.554609554435311125e-01
5.889376697292402874e+00
-2.984753866557483981e+00
-2.571356759325646113e+00
6.472557971306027724e+00
-4.188300876995199040e+00
-7.017499508075668579e+00
-8.427473642884599769e-01
2.669685361970031146e-02
7.247495562417812565e+00
-7.940340593363692800e-01
-2.957052672936655746e+00
2.805321533035439518e+00
-2.027029796259580241e+00
-3.820114481978163501e-01
8.220921740680564582e+00
-3.771145708579980216e+00
-1.634236571400833338e-01
-7.596282816250198522e+00
-1.167287024745543356e+00
6.855563638825487027e-01
3.811662779349722197e+00
-3.064318025351639996e+00
8.771202896358640810e-01
9.901297658631635912e-01
-2.458987877142064349e+00
-1.609456733721936761e-01
-5.953991901381944452e+00
2.057529042574667955e+00
4.438132445898769873e+00
5.728844151365307447e+00
-3.847071589322693663e-01
-1.447715954686493944e+00
-4.070167091770325207e+00
-2.427425598465798195e+00
1.776051666487957315e+00
5.145204944802701519e-01
-4.105352745289133409e+00
1.251980020080890599e+00
4.313914174299717352e+00
8.101531602718268221e-01
-3.401091623778410344e+00
-4.047710073855977697e+00
3.617662890690081401e+00
7.093359979696798323e-01
4.243865311826578335e+00
-2.197152294519381321e+00
-6.960164999722334045e+00
2.857451439073682486e+00
1.714727425290669238e+00
-3.299463726485694526e+00
2.827048577236373372e+00
2.262644445837837193e+00
4.133037198441583904e+00
-3.261232709807357910e+00
2.130707145610283515e+00
-1.572420725844802414e+00
-7.646008069582730382e-01
-5.890951980306779134e+00
-6.778198942788069559e+00
-5.660090200963346696e+00
-2.177238971828680536e-01
-1.183775846837642032e+00
-4.624942712858333138e-01
-2.212313357999830643e+00
-1.159780630900362208e+00
-1.556815141614260156e+00
-8.021233166941365011e-01
5.027237206729431307e+00
-1.714637760639871944e+00
-3.176191318160261456e+00
6.165524410324185745e-02
-7.548267386650274524e+00
-1.520443950632007546e+00
-5.465318578042421827e+00
6.096065512347642601e-01
6.098867194891329113e+00
1.166009869663221510e+00
8.234964836914683284e-01
-3.193589390368108738e+00
1.747296548257865512e+00
5.046284393117343114e+00
4.248498907877653052e-01
-1.516548559787113781e+00
-1.428522695821246913e+00
4.267037829341293609e+00
-2.305630347670625024e+00
-2.743657304105424188e+00
-3.631339742529576142e+00
3.534402027672909785e+00
1.551815895373054310e-01
-2.979565383177228632e+00
-3.684676273123504764e+00
-4.345305560158975844e+00
-2.200588079772940908e+00
1.071535999924308591e+01
-5.559361398906013996e+00
3.438871894698450227e+00
-2.130964501910468822e+00
-5.009064931127330311e+00
1.044676869986258527e-01
7.927530440856941141e+00
6.633987057291407252e-01
4.369547922926233063e+00
-3.383218772436845878e+00
8.918143106971465173e+00
4.209997415384568065e+00
1.083456045645927723e+01
2.221097347239951780e+00
-7.377609033423351281e-01
-3.449981494678675098e+00
-1.785872116786479058e+00
-3.294328557974435245e+00
2.732845942925731020e+00
-6.048312318602029336e+00
-2.546368228608286266e+00
7.314540175961565360e+00
-2.266932849468298095e+00
1.507957123095019281e+00
-1.045598364623056575e+01
1.520698590254281335e+00
4.778304475266980766e+00
5.970136965294460474e+00
1.655170603711817012e+00
-1.330606708082865408e+00
5.178873594340362985e+00
3.534112769074155391e+00
2.851924547773663221e+00
-4.731390662641827838e+00
-2.134500774732390305e+00
-4.309458397038742561e+00
-1.839950593368720133e+00
-3.810999914479076711e+00
-6.841212528248024061e-01
2.910980797178893020e+00
-8.669294920891024159e-03
4.366591423043312936e+00
3.543426504327975124e+00
3.856990728863016749e+00
1.206716550915454711e+00
-5.558146780267406717e-01
7.836138208921877180e+00
-2.445191427534194162e+00
-2.976705028340659309e-01
-3.080198688383843919e+00
-2.565164400286956248e+00
-2.902977582876558049e+00
-4.888111795574916485e+00
1.160966423460416230e+00
-3.009281331269455517e+00
1.408967811633154099e+00
-8.555739531215785121e+00
-1.755238897379928664e+00
-6.876219730954645115e+00
4.789314138086044892e+00
-6.362031798091507540e-01
2.375769680925277516e+00
-8.772773337586483589e-01
-2.104341105060575146e+00
8.514745984558208747e+00
-3.172374413963042983e+00
2.710143188505419243e+00
5.159090523012908491e+00
-7.179202939554285123e+00
2.268103775622183349e+00
2.338426024184761864e+00
-1.003619865707653380e+00
5.698838872658911647e+00
1.843764083327406933e+00
-1.660463603796003662e+00
2.525553395939692969e+00
-2.337728408859449214e+00
-2.842922042611199629e+00
1.778027190622521347e+00
-1.318468850873713460e+00
6.311256543061562141e+00
-7.303547377126937690e-01
-2.176213112242971981e+00
-1.321349739516058719e+00
6.966789523081152957e+00
2.060218965453972650e-01
-3.624150488692179373e-01
-3.917987283979560864e+00
-5.339359101420357412e+00
8.437415686420665750e+00
-5.195598530916711866e-02
-6.336428797511928224e-01
-2.360574520163534196e-01
1.230426334638413444e+01
5.937950806373100132e-01
1.221704313240212336e+00
3.474702329765120723e+00
-3.560338565086723861e+00
-2.937867723809645781e+00
2.745133542030849583e+00
5.198789688219207505e+00
3.692215803483166248e+00
-4.458649679184592540e-03
-3.812270581027193295e+00
1.326099511686935184e+00
3.272129824218000138e+00
1.742369648109259428e+00
