-2.159184947963709078e+00
7.750278457093515705e-01
-2.394316443069716804e+00
1.625617407597638175e-01
-3.183736117807158261e-01
-1.009629332059858164e+00
1.854239236833867821e-01
-1.491034286869104664e+00
-1.056734338547890228e+00
1.086808822384669249e+00
-4.913112919021850322e-01
-9.508198056836382195e-01
2.038187054672337517e+00
-4.290230395556400289e-01
-1.926295953652461534e-01
-9.671904487434433983e-01
9.275786639846558268e-01
1.394688573413312316e+00
-8.999244475603108695e-01
-1.965197003241799578e+00
9.502442871503284927e-01
-1.101986579681897060e+00
-9.727974095653406650e-01
3.729905144181318022e-01
-3.091936209421834558e+00
9.320356316390638884e-01
-3.414602055750214582e+00
-3.823312464793039211e+00
3.374406087828722089e+00
4.766317620424838086e-01
-3.628528081225718349e+00
1.315927292410408178e+00
-9.274307535966699878e-02
-1.726993693106578798e-01
2.584184443390209918e+00
-7.625342367665381982e-01
2.129360220416458560e+00
-2.839808498036265672e+00
5.398897158673803265e-01
-1.541816669600335699e+00
3.251836473562221830e-01
-2.149239346989520794e+00
2.940870727540489060e+00
-7.006088217436783339e-01
7.401670791001155325e-02
-6.528267636065171464e-01
6.075709850150585734e-01
2.061174485324504868e+00
-2.669456404904427149e+00
9.454174262732710776e-01
-1.595107772096241439e+00
-9.803397634679744677e-01
-7.533676755305546147e-02
9.934632564807880373e-01
2.106601540488770130e+00
-2.614456100805589989e-01
-1.377267950436187327e+00
2.190051225942850621e+00
2.182103673136554178e+00
-1.757356148526683093e+00
-1.113773196307438651e+00
-3.583881657629413020e+00
2.419197186989621606e+00
-1.704562690982590389e+00
-1.253768396708150323e+00
2.339555254332177370e+00
-7.022192229923919227e-01
-5.132118338931447310e-01
-1.000811730246461861e+00
9.715830024057667824e-01
1.141579482763853237e+00
9.019453865985205265e-01
2.005701700136324206e-01
-4.044191519028615955e-01
3.297048359336031687e-01
-8.445709250750601527e-01
-6.499983222761194224e-01
-1.048381110497545565e+00
5.475854645316042824e-01
-1.552827195719636011e+00
2.367507702629826571e+00
-2.662489706208330364e+00
5.814421300700842732e-01
2.535628042833714346e+00
-3.236971916691253615e-01
-3.776854297610721112e-02
-1.725065882764178271e+00
-2.155410024735261998e-01
2.598470166723478414e+00
8.430345460772115107e-02
2.368582141379188322e+00
1.223804559462016606e+00
1.252849283509506861e+00
-1.904224749394717531e+00
1.201794088492893930e+00
-1.539684430859088238e+00
4.481450454549548823e+00
-2.809138022997408335e-01
-1.436847282031129325e+00
-2.480253276247051941e-01
-3.276676971198523525e+00
-6.295109458660823609e-01
-6.286126188123941638e-01
-9.841529348255786402e-01
3.042272141353769221e+00
-1.549396942275623079e+00
-4.873102520009109928e-01
1.792541029106584194e+00
-6.854125233451249244e-01
-1.145506904614587818e+00
3.235399071995990639e+00
-1.714361430418361643e+00
-1.117415986616684176e+00
1.444509942504646371e+00
-2.009256192628186888e+00
1.536655733160393389e+00
1.439862719501203259e+00
-2.611482560109590345e+00
-4.477051289191097960e-01
3.260054377916071777e-02
6.649475124646386792e-01
2.432165531964194383e-01
-3.594884694182390317e-02
-1.940579735934990335e+00
-5.923169541406578809e-01
-1.537143899600147412e+00
-1.751712065122721151e+00
-1.418446774745504513e+00
-6.567649388084519924e-01
-1.624460201964089912e+00
-3.124525074019278703e-01
6.143768440366119687e-01
-2.284729378957328638e+00
-4.517117542261472884e+00
8.990711579249708318e-01
3.873410647017388353e+00
-8.349686194334101641e-01
-7.881324072788673529e-01
-1.434283019309532392e-01
5.454170810580251105e-01
-1.564698356634970811e+00
8.419744335392913559e-01
3.904568148096194680e-01
-1.103822856743839509e+00
8.677570659450272172e-01
-1.662214709121602407e+00
1.834616316826086058e+00
-1.632650378899783705e+00
1.670519109186045847e+00
-1.081903393370667210e+00
3.234569390924910692e-01
-1.269870805310657325e+00
-4.756502471841281832e+00
8.715988224905426573e-01
-2.385492411497737386e+00
-2.213678902786724301e+00
-3.655252488689902934e-01
2.070093101967323435e+00
7.984762333916551880e-01
2.654322416869694834e+00
1.279986122439585872e+00
2.617714149584309702e+00
6.125043647029022154e+00
1.834473360953194687e+00
-7.731402565402483162e-01
-1.310403967150587601e+00
-2.501776817752832116e+00
-1.233846727869608362e+00
-3.856115743233617943e-01
2.650216184492796057e+00
7.566839313074256168e-01
2.946557314791415028e+00
4.353138605048176291e-01
1.135297646336238087e+00
3.513997487020085408e+00
1.087918054792631206e-01
2.823901653901893516e-01
2.511146860534739567e+00
1.247621898418696640e+00
1.513120965562462672e+00
-5.932726114310462595e-01
-3.254359384154086321e+00
-2.541089032378632817e-01
-5.277993022755143038e-01
-2.419924583563942022e+00
3.082992867159637385e-01
-1.450678748242014482e+00
-1.959080853916449483e+00
1.588813110700586284e+00
-4.624086910666664885e-01
3.574767618756586884e+00
-1.058283522379392050e+00
-6.246210148462453260e-01
8.724321375672619006e-01
-3.299501940411038170e+00
2.915497402088266465e+00
-2.310104377974101730e+00
6.342738805196219687e-01
1.066214050446795625e+00
2.515262925791299509e-01
-5.666519674719601163e-01
3.133175849942201996e+00
1.645336115571442992e+00
-1.615793143623703410e+00
1.696392861663318818e+00
-1.673022196716878351e+00
-8.688925255547693682e-01
-1.483842614568128049e+00
-2.008741180726284270e+00
-2.625942404281682574e+00
-2.328493173509182057e+00
-3.130461235053505487e-01
2.205643697928401981e+00
6.210825321919105635e-01
-2.453749387576403818e-01
-3.213603900385124668e-01
-1.436456408444690691e+00
-1.112847884856869252e+00
1.276086759390911318e+00
1.089548040162741094e+00
-1.420918393818646042e+00
-1.420262492233783203e+00
3.362027812525822945e-01
9.364382731065793442e-01
2.033085421715007168e+00
-1.957244962126969412e-01
-6.565806971647771828e-01
2.768949388691973379e+00
4.004481928692211756e-01
-6.109587683562320848e-01
-3.243790703669328757e+00
-1.251025105932203618e-01
9.638301724332078990e-01
-3.746964336394612571e-01
1.124405311104335503e+00
-2.138748630545304064e+00
-8.220280043727143937e-01
3.816641553727496028e+00
2.108932060241201167e+00
-1.460645831038751785e+00
2.345343549935478222e+00
-6.760487186360886191e-02
1.797880278136889109e-01
1.713294210478609525e+00
-1.134967442086035838e+00
-2.068563069183309011e+00
-1.603001492133348638e+00
3.552160527135832968e+00
-5.308802036414810299e-01
1.345378327922212569e-01
-7.044803599997948584e-01
-1.055350217822069725e-01
7.630770493880786320e-01
2.267331425339843776e+00
-1.167720074654905016e+00
-9.440333672496246109e-01
2.477076687359129337e-01
8.346208280585565298e-01
1.978672769247549423e+00
-3.117608388791991425e-01
-4.962977177163991893e-01
-4.240565133913102303e-01
-1.778186549729430244e+00
1.437472073659221028e+00
3.209718979176118037e+00
