1.020045013853715377e+00
1.139856961227477150e+00
2.227044634839632220e+00
8.992852104039991135e-01
-1.034945751980527850e+00
1.372646713738851221e-01
1.990707192322994645e-01
-4.673535530744760136e-01
-1.865958102531254659e-01
-1.010555044178506723e+00
1.796065122988504736e+00
-4.898578055995906899e-01
1.736302968814041670e+00
-3.527582482752888993e-01
-9.203241155968038267e-01
7.252623280198206013e-01
-8.350860973942381138e-01
6.069631344651684746e-01
1.344925688035299438e-01
6.101763582097500249e-01
-4.480914230305649282e-01
6.766431588490284810e-01
-1.029889653691772322e+00
7.736058998162651523e-01
-2.086569799676775361e+00
-9.816511694788057074e-01
1.772962086837309048e+00
7.584979810851253390e-01
-5.563616744481524323e-01
-1.402856925496155149e+00
1.019246230866421632e+00
-5.448237221376347472e-01
8.542585286768323849e-01
-8.648932273283620464e-01
1.838249044633748497e+00
1.577479931315424189e+00
2.809614715358027537e-01
-3.278754739731092327e-01
-6.544431163091184445e-01
6.521769142588663692e-01
4.294105172578220331e-01
-3.145185760970024835e-02
-2.059465921626606189e-01
-8.223992562309243581e-01
1.077702485012790312e+00
1.784265375641037155e+00
3.286380920007062834e+00
1.130521975033979887e+00
-1.686894818022766918e-01
5.459296864259698401e-01
3.129392266009663470e-01
1.086423228983032896e+00
2.545493120721776803e-01
3.604278253392256270e-01
-2.178251663098054181e-01
-7.348155197518051462e-01
-1.610042815673141448e+00
4.979078007815841006e-02
-5.678696886034519109e-02
7.935947866434954756e-01
-1.729489427859010608e-01
1.010855436709980903e+00
1.971857546601169631e+00
-8.218360394859790530e-01
-2.831116574667152941e-02
-1.270757810803184951e+00
3.566360393583382221e-02
6.839407541091050424e-01
-1.215932454547843822e+00
6.308988112801801051e-01
-6.470077454171031528e-01
-2.107185338417220777e+00
-7.521922342866116384e-01
-1.307063914801605442e+00
7.665213932572231270e-01
6.232121035051302327e-01
1.594044067179752000e+00
-1.565430389792374366e-01
1.280417737600203276e+00
-3.550703041090453455e-02
2.466904840850404401e+00
-7.300914049006823614e-01
-4.578893619354720834e-01
1.179269670529377922e+00
-1.524489673534595857e-01
1.236291839600994980e+00
-1.350835439186098386e+00
3.553168347268806371e-01
6.957380508248285356e-01
1.132616755920012874e+00
-1.380263162644774999e+00
1.415919863535929579e+00
-8.534817060394787047e-01
-1.081263755710148294e-01
8.845095784748550072e-01
3.266207824617410882e-01
-1.056779168786915024e+00
1.742389222742226407e+00
1.806563614459294698e+00
-1.507799617786343305e+00
-8.111218825709605174e-01
-1.999948259809748718e-02
5.717025277216666868e-02
1.269660481271479568e+00
2.472892741370329717e-01
-9.167780296556258257e-01
-3.985949688294260773e-01
1.550805914510665628e+00
-6.922289327210963406e-02
-4.566666575882779577e-01
-5.117126497123926088e-01
-8.630760258372158766e-01
6.763484230890302040e-01
1.287456991876326340e+00
-1.542475883649714108e+00
1.694742991109297492e+00
1.484116393661964572e+00
-1.476892777857004846e-01
3.976615199052888627e-01
-3.686435190356142089e-01
6.873440154096153165e-01
-1.032493466526829967e-01
-5.650971678896780093e-01
-7.762658684829171207e-02
-6.610306778440639963e-01
3.117410548005054016e-01
-1.570740951099304006e+00
-2.011553798348772126e+00
-4.602955868765056802e-01
-7.312025180412528025e-01
-8.514961020863268115e-02
-1.588190824669126755e+00
1.766961150984194928e+00
1.438777527992629146e+00
-2.086735937586933209e-01
-6.622738916875334780e-01
-1.377000952614123586e-01
7.326937133419806347e-01
1.932996215075792223e+00
2.906387412821443306e+00
3.716263044282516748e-01
-6.268185510860463383e-01
3.431686117072019204e-01
-1.350214925999734250e+00
4.883565587366446303e-01
-1.210081652562670529e+00
-7.507757841267435062e-01
1.606669788106726005e+00
7.493154285511530732e-01
-4.152833539610817359e-01
-8.936928814500441076e-01
-7.969295567365249910e-01
-7.693893956712365423e-01
6.643793487024494959e-02
1.596155615994804267e+00
-5.870176512131655144e-01
-4.123258878729137988e-01
-4.185026389338339925e-01
5.939560692368732742e-01
-1.595968653948732774e+00
-9.028782926470848569e-01
-1.169865305910931630e+00
-3.345254737043836663e-02
2.065356973993866863e+00
1.398461810268629479e+00
-1.791180771590960896e+00
-3.428451806865422391e-01
-3.862279413839063147e-01
2.263733270556357036e-01
1.538915659015320347e+00
-3.702931777001757241e-01
-2.212388246945867776e-01
-1.271605543544185313e-01
-9.678859113880816656e-01
-9.252628817585020204e-01
-5.957297939747686621e-01
-4.963143204931010355e-01
-1.159710790454885343e+00
8.147598130847962805e-01
1.514317329410738155e-01
6.232395402034999199e-01
1.041267839603263079e+00
1.691538880125238731e-01
7.218055549371713564e-01
1.483761488173757526e+00
2.362187047989866839e-01
-1.910569251088228615e+00
-8.892341740087305046e-01
-6.057115480141735953e-01
1.195137405698188493e+00
8.716810912879708884e-01
8.428786332514127677e-01
7.775940043244761180e-01
-2.237720623271912401e-01
1.282409833784451836e+00
-1.130658850224681988e-01
-9.236511449538180596e-01
-1.166054975432449181e+00
-7.918183094045935233e-01
4.525802586372205116e-01
2.819788040491312264e-01
9.519348122733677364e-01
3.153218764657446660e-01
-7.436012583110319651e-01
-4.066218199570382219e-01
-1.915632946395520619e+00
-1.652456644107517469e+00
-5.389575212291712880e-01
-1.463762208549310717e+00
-2.360659727705815225e+00
2.948660029906701729e-01
-4.369373024060343447e-01
1.878444640916758557e+00
-4.516796186122181145e-01
2.018174405306519148e+00
-2.615927828177084247e-01
9.032763712895424124e-01
1.667488530120807333e+00
-6.820521602619832313e-01
-3.602424660176180016e-01
-5.837342992612091219e-01
1.279212749806449834e+00
-5.011901500981755242e-02
1.015480044847826058e+00
1.276319149513382767e+00
6.232287073238370612e-01
-7.525305537806783462e-01
1.846077569766608750e+00
-1.709672645296312465e+00
-6.607455303369164090e-01
1.895994338414897618e+00
-6.938649163048740132e-01
1.663004490779699696e+00
-3.867031202608168794e-01
-1.093525191011056608e+00
1.996561735814403882e+00
-1.563507105002732489e+00
9.159995267295748533e-01
2.392363855411850648e-01
-8.613080785335931466e-01
-2.031545581212848450e+00
8.938937776005369262e-02
-2.910991455234211767e+00
2.287163901152789447e-01
-2.218200274860556917e-02
-5.102493456147111361e-01
8.525902290646817372e-01
-2.141525382671442268e-01
1.935960713267975031e+00
-2.856869685226691713e-01
7.076514498849187929e-01
1.244041636117335203e+00
9.475048951993545465e-01
4.405671981058650877e-01
5.280634456054770220e-01
2.274666476812670646e-01
-2.961114359953934128e-01
6.501066503472845669e-03
-1.648311299321707279e+00
9.748205501150110086e-01
-7.954257294712472337e-01
3.414599353752170718e-01
-1.415617761140088193e+00
2.569289779602790258e-01
-6.351874231103897539e-02
1.237540100537325660e+00
8.374922961311364045e-01
-1.818801022689753299e-01
-1.729774481277158160e-01
1.048407528741247097e+00
-1.052777515268096931e+00
-2.219323790786977391e+00
4.968550442525949129e-01
-6.324982705551109863e-01
-2.119370326935285376e-01
-3.282441158407150006e-01
-4.989204050082482467e-01
7.694428571242714621e-02
1.321366347887394044e+00
-1.077825852258090134e+00
-7.418860479179021361e-01
1.645124911292518810e+00
-1.340735108173884305e+00
-1.225390193435010877e+00
1.235836906922352929e-01
8.979934260532600465e-01
-1.433813214369405786e+00
-3.584624741307580464e-01
-5.469660288328074271e-01
1.983491961999977349e+00
-9.491003967006270692e-01
-6.462038656297491857e-01
6.280373437572379647e-01
1.880502060580277121e-02
-2.257650957282753001e+00
-3.239450693705908102e-01
7.088487166353586444e-01
8.452819618661441270e-01
-1.868911305976114490e-01
9.608788867383684096e-01
6.884505338216708736e-01
-8.656272930732085147e-01
-6.211728361273752830e-01
-1.326184630671564113e+00
1.630115349144074521e-01
-7.924581393105936122e-01
6.096034835053447676e-01
9.911559310096339503e-01
1.409007950875617032e+00
5.391621716261475461e-01
-1.153490582262886699e+00
-1.583267833249331291e+00
-1.749522897065323157e-01
-1.592033529514868873e+00
-1.269820478361451510e+00
2.008401714130587379e-01
-1.692902187495556987e+00
-1.154424447262041742e+00
-5.671029751635464633e-01
1.072117643892815053e+00
-1.170367641851129958e-01
4.409011658062687578e-01
-1.573537986513797948e+00
2.029620262309291601e+00
1.103052837616554260e+00
2.186803930676203545e-01
-6.401060076239576402e-01
-6.824417621087599528e-01
-1.020225623187403174e+00
1.236653587182249048e+00
2.416582263311867484e-01
-2.344121824782059160e-01
7.989875973828312050e-01
-1.513929248275812212e+00
-4.052656399313475655e-01
-1.450825078088995967e+00
1.547790852907851900e+00
-1.434586509449895297e+00
5.248390242256618654e-01
-6.221783352720164917e-01
-1.461383717904375601e+00
-1.602813298366960459e-01
-1.639947232909559627e-01
6.207268882125004383e-01
6.700008658454393862e-01
-1.335652053134284811e+00
-1.106597143933956036e-02
1.102428767931029174e+00
-2.760599227442227743e+00
-8.485375773979502156e-01
-1.243794862478014990e-01
7.954051567737323580e-01
-4.809443550419781332e-01
-6.390103011110359610e-02
9.149325266636669785e-01
-6.686303975061598237e-01
5.833305772914082477e-01
-4.101781604114350110e-01
-1.527159922418825699e+00
-1.476145184736319671e-01
-7.838821244807459010e-01
5.096714411398459710e-01
2.177530954510250027e-01
-3.262159673751546807e-01
-1.633091885100562246e+00
-2.591576266858595656e-01
1.397555459610146933e+00
-3.109742986108678942e-01
-4.608270399213493240e-02
1.124080582869690925e+00
2.804853173029289604e+00
1.113303793949055098e+00
8.475061663618048691e-01
-9.372977849622988744e-01
5.418611417684308096e-01
7.900637514500289393e-01
-6.875810077873928394e-01
-3.839914727838032449e-01
9.089269678985710810e-01
6.573134059772787197e-01
1.470491281214137747e+00
-3.060171274669819530e-01
1.733640490159286396e-01
2.741365468456819499e-01
3.372986230874505109e-01
-7.869486284444802138e-01
1.584635701141600406e-01
-4.944780378006605193e-01
-3.141853489172958813e-01
1.342132668300628939e+00
-2.794599428115630002e-01
4.143248358471322002e-01
-9.752324355786085031e-01
-2.264780832391105891e-01
-4.450662042401782315e-01
-1.123588389824283107e+00
1.038132845657372405e+00
-1.827516313464147002e+00
7.213427312229369059e-01
-4.641061289262459755e-01
-2.227171949942521767e+00
-9.132415360804178039e-01
2.277824467851366219e-01
1.393771732186817713e+00
-1.787930009731429015e+00
-8.047439733367723891e-01
3.117272543835447607e-01
-1.588705288567112239e+00
1.392550633200103416e+00
3.817658966863604619e-01
7.485688820116109810e-02
-2.817994240931944727e-01
-4.887471348530743054e-01
9.967641299048938253e-01
-3.326933679900793139e-01
1.754810409774191504e-01
8.347725084938003581e-01
-1.183630680958256964e-01
2.000188199394463406e-01
-1.466146609220077890e+00
-2.099218140244552694e-02
9.251027699863783038e-01
1.404029530658067904e+00
-7.577220196299851995e-01
-5.084958159193232463e-01
-4.546307612732178871e-01
7.606364428965324276e-01
6.631679691763559328e-03
-4.263102211777302641e-01
-1.352158395356357345e-01
-9.498962476392645016e-01
1.365370235486076611e+00
-3.309821704700818823e-01
1.013069963077573910e+00
-1.784723271842284076e+00
-6.994651679800125699e-01
-1.193511400395331767e+00
1.555555032893431167e-01
2.744951397774151314e-01
-7.612271453256607145e-01
-6.733504214416650147e-01
-2.971739962655732259e-01
-1.162495321998963993e+00
-2.582643171150681982e-01
6.450143860590543676e-01
-1.206376823734039316e+00
9.087782746535976175e-01
1.362547918727401441e+00
-5.351501761036263627e-01
-4.101388174664062358e-01
4.533061475452728750e-01
1.116673304464659011e-01
1.187306810223110132e+00
2.137802816396358052e-01
6.576333662226574450e-01
-1.169260280777788402e-01
1.343113725589259566e+00
3.096533290853352091e-02
-1.727002429429673080e+00
1.434761498165817717e-01
-1.087720904077039696e+00
-1.120813907877287185e+00
6.533406263659531366e-01
6.422062430386018539e-01
8.508433905790343532e-01
-8.028965127749715380e-01
6.890461002779205701e-01
-5.158819537839782754e-01
5.554169458707403084e-01
-1.499946555624181110e+00
6.244297683164540258e-01
-5.390943739376643506e-01
7.523757340362593471e-01
-2.930052198096126936e-01
1.663909340766309919e+00
5.933511180616473091e-01
-1.345995332939807554e+00
-1.176985086687773796e+00
8.370829626248601496e-01
7.820501360472652541e-01
6.682038075954603584e-02
-1.512444626970541606e+00
-4.054886479224002471e-01
3.242693121435346049e-01
-2.032629007154344858e-01
-8.187127825614417542e-01
2.001715220899943581e+00
8.565883844407368164e-01
-1.667857148666973988e+00
-3.354681462682895243e-01
9.667347435970361502e-01
-8.064834080944572881e-01
-4.567179346350577762e-01
7.875259167897051826e-01
-1.543486501105736819e+00
1.264055012061951366e+00
3.037073235839093388e-01
-3.694261826438579588e-01
-1.320971062729884571e-01
3.642088939249260027e-01
-1.068495382688618572e-01
-4.350419161947293722e-01
1.193446726562214177e+00
1.057121607010455655e+00
-7.873203702797315628e-01
1.784647728652663634e+00
1.083631536456933775e+00
-3.230498406879860340e-01
-1.800465301638404680e+00
-4.573148477970216952e-01
6.308261189050320406e-01
1.490567957449644876e+00
-2.038813139300648669e-01
1.185932201055299062e+00
-1.740062122937782840e+00
-1.947010708979443505e+00
3.637006800082451807e-01
-7.860336699461022425e-01
1.020348258809658654e-01
9.595865533183409735e-01
-1.485221124877227794e+00
-3.800410874313759346e-01
2.667822832425300605e-01
-1.121787193403140703e+00
-1.690630646887800737e-01
-1.948435356897851856e+00
2.139651107741155744e+00
5.002037608270468727e-01
-7.865075378345330881e-01
1.019135181511504396e+00
7.346665561774071707e-01
-1.634901128550462435e+00
2.681286409633428236e-01
1.503885151865120617e+00
4.168033978713003296e-01
1.014567829133008248e+00
3.307966440862207813e-01
1.165499250471653481e+00
1.641011129448145978e+00
7.114199151575905100e-01
6.088577904614973502e-01
1.999776070580889797e+00
-2.123405618036736386e-01
1.555001535693004255e+00
-5.791039156018708001e-01
6.713959048418450815e-01
1.611808154181531449e+00
-5.670151755890495693e-01
-4.556490990600882696e-01
-1.529982466470704461e+00
6.128019970618980850e-01
-2.882869804862709384e-01
-1.237741066832333425e+00
-1.863865765272428865e-01
9.428896240390723937e-01
-6.224436617698166918e-01
3.441784503876736956e-01
4.567003640554838095e-01
-1.608378164746091077e+00
2.264373593724843925e+00
1.127301382065310387e+00
1.712819704204810112e+00
5.798516905717266967e-01
1.218180087683711887e+00
8.993629731571963770e-01
-5.580491934868463816e-02
-2.400753542821336406e-01
9.531106502989179496e-01
6.719634341754215923e-01
-2.597822915750462869e-01
-8.563038125929083311e-01
8.841223788630979685e-01
-8.394060560487082157e-01
-6.945295284205041941e-01
-3.573455853369784108e-01
-4.533071114788337352e-01
-9.966104265927059336e-01
-4.276548134328693740e-01
1.390090691156962821e+00
4.804334278944059067e-01
-5.892801034871799626e-01
-6.686319215875831112e-01
-5.097001378991359299e-01
1.071661989254946379e+00
-7.925540888962794295e-01
8.198943763300862997e-02
-1.557367380609892216e+00
-8.653562027086556530e-01
-7.282376111976680833e-02
-7.213595799361185446e-01
1.000000000000000000e+00
1.490567957449644876e+00
1.000000000000000000e+00
1.895994338414897618e+00
1.000000000000000000e+00
-3.839914727838032449e-01
