-1.380477973194525809e+00
-2.226916464168476661e+00
2.086371435609528646e+00
1.284099317762247061e+00
7.167503252846553208e-01
5.760063869304846484e+00
4.761075305161768689e+00
-3.073393146826097322e+00
2.057114839627733005e+00
2.739041385640827997e-01
1.122741338181530102e+00
-4.306897719585836004e-01
9.431293309639341427e-01
-4.690630047873980857e+00
2.381296445659597250e-01
-1.771923210182174246e+00
-1.627802212034775042e+00
-3.135885373979752977e+00
1.699659417433002417e+00
2.451181654335583548e-01
-2.234375033973496349e-01
-2.975279897132632634e+00
6.948486861741987042e-02
3.475726074710692171e-01
9.639901720071200053e-01
3.874565774892201997e+00
-1.897983835986026602e+00
-2.398591298069713496e+00
4.365198146759725617e-01
3.572987835066860463e+00
-2.731048305585304092e-01
5.074956592625092799e-01
-5.672099805576180653e-01
-2.013994716809655472e+00
7.920732919837164543e-01
-9.603454583143675727e-01
-5.654283217832420938e-01
7.100559278483506986e-01
-8.373614166050841190e-01
1.459907799972503861e+00
3.068429199850796429e+00
1.371295778780612151e+00
4.741525795860677128e-01
3.020985303801972388e-01
-1.910554668663569711e+00
-9.483774189014297917e-01
-1.044408450327136695e-01
3.247919183672220989e-02
-2.826630771345741699e-01
1.844408695978847046e+00
2.846255753315335424e-01
1.179285924629589921e+00
-5.297192779833866938e-01
1.537168273438231925e+00
-1.888900217405265813e+00
1.655245544278712844e+00
2.400343690503073724e+00
-6.955966098952487409e-01
-1.762371853307567182e+00
4.870676921608161902e-01
2.219716077133786047e+00
-1.978021588816065712e+00
2.503898253476594338e+00
5.368057097503265984e-01
-7.671189256643575760e-01
-7.391686875397069922e-01
-6.039076698123770903e+00
1.162573061491166015e+00
1.671831915935463986e+00
-4.571713956242154708e+00
2.230761441116648314e+00
3.389438012616649232e+00
-1.435466620130894766e+00
1.467723410420510355e+00
2.139995593966018017e+00
1.043641587876249277e+00
1.516638204825946801e+00
2.669813633535728092e-01
-3.015524930899849743e+00
-5.579755920398984381e-01
-7.753800871345187806e-01
-2.086876617321680616e+00
2.810972829559908348e+00
-3.203664812898970204e+00
8.976476205017418497e-01
-3.399754110256538286e+00
-2.407519415881665736e+00
7.857748011323048010e-01
3.525550330228880647e+00
-9.164922866624144460e-01
1.000670085161392997e+00
-7.152252147744300181e-01
-7.568995951318928661e-01
-6.817746025913310470e-01
-7.142515895821761607e-01
-9.675778121813731758e-01
1.973011488228503529e-01
4.204385279393527242e+00
-9.826151207205490179e-01
-2.404236167207152164e-01
-6.129530131919361802e-01
-1.605515854301085010e-01
-1.539237899890084638e+00
-1.803962947199122979e+00
-1.613520872537025364e-01
1.594064444735634467e-01
-5.290924365601176182e-01
2.466227515880496046e+00
2.958102197043232628e+00
-2.310471525076512656e+00
6.657178014000337818e-01
2.140603845210097056e+00
-2.680370720873652246e+00
1.943709364493964475e+00
-1.507183658045392338e-01
-1.095752357353257267e+00
4.443868571523488242e+00
-1.894287062589360637e+00
2.343959215150246855e+00
-3.220645727351776344e-01
-1.256322710649117047e+00
-1.656275702576744058e+00
-1.077155732434540658e+00
-7.448969243301328813e-01
-4.412992404449697093e-01
-4.978159676678841628e-01
-2.082049148889394130e-01
3.366698763559692331e+00
-3.431198651140061062e-01
2.949039877121724995e+00
1.019725588862795185e+00
-2.196066786962823647e-01
3.049133849896378479e+00
-3.374216011807674498e+00
2.272016684492108585e-01
4.791956992968382512e-01
3.069576313202677653e+00
-9.284817165565960595e-01
-1.110759158188585394e+00
6.147867498848258450e-02
2.376400826756183138e-01
7.642881646967585318e+00
1.816690609951973734e+00
-1.637029612212174134e+00
9.266273058557796816e-01
-2.319078782356652546e+00
-4.811620289229118774e-01
1.460122145404769256e+00
-8.091780030955965097e-01
1.823759705371996276e+00
-1.348712563351482263e+00
7.574648358765027067e-01
4.555745117964635771e-01
-3.014061540746831191e+00
4.700239630675380198e-01
-3.744229875059448265e-01
3.385442658143208661e+00
1.810779390307155623e-01
7.281066955175539146e-01
8.424821283574535080e-01
2.094786572612284292e+00
-2.272074598926054900e-01
-4.813696711101910886e+00
4.277922834251284279e+00
-1.852191598502411107e+00
1.552387618388963997e+00
-1.253774044548347177e+00
3.527793707313521043e+00
5.210334421857444331e-01
-1.221023771993181573e+00
3.015038929624003661e+00
4.027906173941518730e+00
-3.996249250896721783e-02
6.167537684296677813e-01
-1.664900849953754869e-01
-1.170757591684289389e-01
-1.809128963816797775e+00
3.425606398930702845e-01
-5.328741690091727268e-01
7.587631830947316747e-01
-2.117161950553389627e+00
1.689939200831845234e+00
4.631555842409570412e-01
7.859485137053722426e+00
6.500216967837841864e-01
1.366954626989194566e+00
1.739373910828958980e+00
3.132721645764563245e+00
-7.809472290459534838e-01
1.757067372695706897e+00
1.871149626419691403e+00
-5.616001030467837829e+00
1.697818887640663688e+00
-2.442833431395985855e+00
-1.568336706646841439e+00
3.352220077051011327e+00
-2.911797454247755379e-01
5.391578056792087903e-01
1.368677079276600927e-01
-3.686189906818999606e+00
6.662767116528650613e-01
1.880344077368600653e+00
3.694273145928625546e+00
-2.375533616457794484e-01
-4.669648042758768547e+00
1.430674933346090860e+00
3.034017275627553190e+00
1.860435225843258600e+00
-2.535667608256514605e+00
4.381845816470690380e+00
-2.974213058358173623e+00
2.979270635928131572e+00
3.266562788815098983e+00
1.728562674728710613e+00
1.559687374031170748e+00
7.255000927292905022e-01
3.554240700520871599e+00
4.364266806364401674e+00
4.703547539334969940e+00
3.378471401294370402e+00
-2.613484110427186202e+00
-5.754947404562502200e+00
2.747182601122695633e+00
2.782879342933432198e+00
1.921178834895538312e+00
-8.203135853738833250e-01
2.165212078968323794e+00
-3.501388269467859971e-01
7.958644111845341040e-01
8.217445236090500371e-01
-3.097411278579736305e+00
-1.773357583762541934e+00
5.741531115342191072e-01
-3.004336974259214088e-02
-2.709687340217667550e+00
-3.251925072102550551e-01
3.807577292261785651e+00
1.142244581223219146e+00
1.097366677892258613e+00
-2.753604389578612199e-02
-1.988190334577299767e+00
-3.775116884745564505e+00
4.120837675937963906e-01
4.638943512990843843e+00
-1.241945810962640007e+00
1.853099568404964259e+00
-3.348570598886639438e+00
1.590191322087355141e+00
2.214858822267114835e+00
5.901503711214209247e+00
1.962041522158697315e-01
3.708556272986534452e+00
1.974769210909037120e+00
-5.414787248072605585e-02
6.484282500890873102e+00
-2.939135285750915649e-02
2.841051199414970974e+00
2.261232988822756695e+00
-1.880752291089231365e+00
2.183805045534780831e+00
-4.123661047172089589e+00
-3.494529834033944127e+00
8.429359399749531967e-01
2.160878286121914904e+00
6.074467790432754200e+00
