9.995908643643373059e-01
-5.486039736287424695e-01
2.272480930586809333e-01
-2.123803375251450895e-02
2.743210637923104045e+00
1.289043051274173957e+00
-1.911255728410988342e+00
7.598632760661715446e-01
8.380793843600100601e-01
8.298870122677102223e-01
5.685141881051967161e-01
6.500776488659084640e-01
8.704886048329079085e-01
5.708757836243862072e-02
-1.290589756255148490e+00
-3.427990326244718944e-02
-5.721911204127710926e-01
-4.929322193723933987e-02
1.112451034374438930e+00
-3.960623275483501904e-01
-1.578137391312168569e+00
2.004340632244136500e-01
7.655032267174008975e-01
-2.347349759459778015e-02
8.800135712511553132e-02
-2.674015247676901352e-01
-8.983095798452437331e-01
-4.856678429112463724e-01
-5.980984801266828743e-01
-4.734471597237794871e-01
2.448224061309378197e+00
6.286531318601041862e-01
-8.870040427820566342e-02
9.942372271859968302e-01
9.926109162744664038e-01
8.969881261589944532e-02
-1.914107855475422726e+00
-8.220678649414502326e-01
-1.530987178237551927e+00
-2.606983471062377378e-01
-1.104019122394755081e+00
-6.438664011856793934e-01
1.085216874830260414e+00
-5.149676829645918330e-01
-2.350552662619634914e-01
1.276241736678720207e+00
1.754890767297607734e+00
-1.241166916345523008e+00
7.671993912403340943e-01
2.010058276025222579e+00
4.376876775599389258e-01
1.189159755185348555e+00
-1.667070972113206873e+00
1.610316938812529131e+00
-1.397412979833268176e+00
1.760363864463621586e-01
-1.754722803182521051e+00
-1.098554727684071253e+00
-8.203184772688641990e-01
-6.954013132935499275e-01
-1.489999612288918085e+00
4.093411720024268119e-01
1.760506542112655892e-01
-9.294028397024075572e-01
1.217699577283547774e-01
-7.114946066114017365e-01
-7.361391806850695607e-01
6.252034852634563711e-01
-2.459649403976185145e-01
6.158006090466862092e-01
-5.248582808779840292e-01
-1.654813633196427158e+00
7.111819041040015055e-01
1.521154229376505240e+00
-5.016698172013082102e-01
-2.732758858568204094e-02
6.279708048642221874e-01
3.977260895004399721e-01
1.009688010836357064e+00
1.083719178242583014e+00
2.330503241205133524e-01
-3.331032465648095520e-01
2.913595127600435153e-01
1.074399054105495077e+00
-8.879928326996997523e-01
-8.050074045985312621e-01
-8.400518149389613054e-01
8.231880780594010849e-01
1.482640737144599985e+00
-1.491074506578975445e+00
-1.547295608714132742e+00
9.208834939978431944e-01
1.240061551904398263e+00
-9.710922232222528594e-01
-2.223197365972590656e-01
-1.737088288674927886e-02
1.029112222081624450e+00
-1.905513485493986192e-01
4.669048151729124352e-01
-8.665021903244840562e-01
-2.608519591573083551e-01
-1.234092765971171568e+00
1.136530510687681073e+00
1.200750004210387356e+00
1.206725583880043029e+00
5.953832852167334488e-01
1.199904225497433918e+00
-9.045368659683121482e-02
-3.195199836922389958e-01
-1.134423366684372825e+00
-1.988975748571706115e+00
-9.643689528707601877e-01
-4.445142305072116717e-01
-3.052225149210366917e-01
-7.751152049576940373e-01
1.010712098405102566e+00
-5.539526302286846837e-01
1.725080249206345506e+00
-9.199005122355675690e-01
-3.551771936611107794e+00
-1.346430531750970383e+00
-5.572826110066217975e-01
2.920619549882068622e-01
-3.931749016320615908e-01
-1.724005202115365398e-02
6.896091764403365909e-01
-1.676266824392026233e+00
2.227299582732866767e+00
1.011223348028369440e+00
1.510110312302565538e-01
3.221623779332908333e-01
4.681525118611514769e-01
-3.729505148204358654e-03
-4.313312644983188782e-01
7.855287815534002238e-01
-5.853159328252706128e-01
-1.069601614484986252e+00
5.021800337594323205e-02
-5.078386018933993551e-01
7.941651553447667267e-01
-4.828243139591645305e-01
-5.986049950216136839e-01
1.747875536179328559e+00
-3.612024161126915489e-01
6.136293137505480777e-01
-8.233117304251853508e-01
-5.080909001813362913e-01
2.585467252688537498e-01
2.670602503231122582e-01
1.594372587298899413e+00
3.054947849563499629e-01
2.628996640978337185e-01
-1.041550400956417377e+00
3.051621992149478602e-01
-1.579390599638514359e-01
4.480543043083440868e-01
-2.341910786527128696e+00
-9.013534548921640077e-01
-2.745442712392934803e-01
1.197844700195425327e+00
1.127370990767000203e+00
1.543196095049976513e-01
7.273579714778758420e-01
-5.095266314339835789e-01
-1.897632330490542252e+00
1.547607720775399931e-01
6.247721630653986225e-01
1.482246016752253759e+00
4.739737942894296507e-01
1.250241109606241352e+00
6.037516112377804278e-01
7.660115010419581427e-01
-1.196019547283359907e+00
-1.300890191128450057e+00
1.078778331185915151e+00
4.517536442041741873e-01
1.633860749063767548e+00
3.966963224053098314e-01
3.245930185150415204e-01
1.416529543730221441e+00
2.282160025944840742e-01
2.105090813045293885e+00
1.268616137135159638e+00
1.550618774503693897e+00
4.373837346109950563e-01
-9.517127964877022395e-01
-1.396324136205541189e-01
1.503931833001565410e+00
-1.041475898724571136e+00
1.447901546143614437e+00
-1.110376889626678798e+00
-6.117464901494836793e-01
1.391432269989093529e+00
-2.080229594147485095e+00
5.401721057815311866e-01
7.261515340539123065e-01
-1.073858573948625716e+00
-1.430073960595275251e+00
8.125189771548704254e-01
-1.035858155230253930e+00
1.775543665653639636e+00
-1.123716999312510678e+00
2.530666573136093334e-01
1.148171962597818174e-01
4.825954945271007657e-01
1.312875279728040079e+00
-8.316702979397504469e-01
4.276311562969782876e-01
3.178182884503683581e-01
6.155595642272854162e-01
-7.781827399615214302e-01
2.027631594081790167e-01
6.686930477444066323e-01
1.344739265795519056e+00
-9.541309196484415445e-02
-1.749677855346229549e+00
1.322840916537618927e+00
5.078042569699629805e-02
-1.082255429268881519e+00
1.972558824111958931e+00
6.134299130834398872e-02
-2.366181387684948678e+00
-1.457691512400161260e+00
1.309663396164090665e+00
4.542140892838228416e-01
1.098433125018034806e+00
-9.662378347820796409e-02
2.703855693220574841e-01
-1.044120480399442163e+00
9.346246635121088220e-01
-7.688932557510224086e-01
-4.199203290441794190e-01
-1.380237288996523315e+00
2.143409873513338670e+00
-3.087418051545680053e-01
5.572771897654073270e-02
2.712255606267375829e-01
-4.825405934750087167e-01
-1.092622278703049954e+00
1.419341374705345826e+00
-2.178988960344976356e+00
-5.182143735039648202e-01
5.874136986819240569e-01
-7.402539135607404397e-01
-8.559614443284128127e-01
4.416037841408546605e-01
-9.795769236660315515e-01
2.347005687532741636e+00
-3.720110507903468533e-01
-1.220148630166623782e+00
2.922048754415200178e-01
-1.067291676531452627e+00
-3.788784936891693711e-01
-1.985625856258077970e+00
-1.011290295313074239e+00
-4.830407912879899346e-01
6.470213276928072910e-01
2.894499585925435214e-01
2.315126525727649653e+00
-1.567538580803108150e+00
1.493733368457592858e+00
2.611940168673878016e-01
1.372726237869092314e+00
-1.355440967620849646e+00
4.896656795445573085e-01
-4.762122883168372622e-01
-2.302649885873150115e+00
3.368929786932853276e-01
-2.440270169463879812e-01
-1.752408315405687977e+00
4.235829231131066908e-01
3.979192108405530948e-01
-2.953926566910775042e-01
7.534112061520979731e-02
-8.556790274522962925e-02
1.698827311834356868e+00
-6.590971987870758442e-01
-4.362587602541085907e-01
8.360939569509189262e-01
-6.255206005318839635e-01
1.399152209123703638e+00
1.866564631081530090e-01
1.819407234959038444e+00
5.142391950605768036e-01
-1.535405241468332349e+00
4.259298003497172802e-01
-7.623078770946656313e-01
5.403739167421819367e-01
5.305340259077012677e-01
7.213491960674149883e-01
2.965610227814464706e-01
2.475848978566562442e-01
1.789719916855887494e-01
8.252582877210674905e-02
1.692471505391362485e-01
4.833268200187002539e-01
6.666315508067726103e-01
3.983143342957242705e-01
-5.719500104856285461e-01
5.434216033434970949e-01
-2.437136390597859359e-01
-2.467509310732707739e+00
1.430811387010262115e+00
2.809948606325977649e-01
-7.379744356848094711e-01
6.010212501513997330e-01
-1.415211522214986084e-03
7.044717602251669986e-01
-7.491391178396648032e-01
-4.406063418082101224e-01
-4.056355855791634046e-01
-6.015169765065292440e-01
2.236534029411966884e+00
2.168976481199441364e-01
4.924619075111796168e-02
-2.163333458263089870e+00
-4.467819720382435467e-01
-2.133159094054709326e-01
1.315396871886969743e+00
5.324613561763814895e-02
4.780994056201559039e-01
-2.432246698653618200e+00
-8.753279039538930384e-01
-2.433087273074515666e-01
-1.233415393674246463e+00
-3.312142686733809960e-01
9.754013278538845588e-01
-5.173127268958455788e-02
9.093151163323939246e-01
-1.265337591832727204e+00
2.402745866219040960e-01
-1.595063031465967507e+00
1.193143622850314056e+00
-1.259657953787688189e+00
-8.342837413949601988e-01
-3.810343675388775386e-01
5.701447893494608898e-01
5.853759578461400354e-02
-1.304359236696664093e+00
-1.512794263253204763e+00
1.780746766183156193e+00
-4.499244432519471926e-01
-2.042960713280271567e-01
-4.368739635524942488e-01
5.437743059212547525e-01
-5.097307360329036419e-01
-7.939272835047174182e-01
-2.016863343618449989e+00
1.946623792651718698e+00
-1.054129512014864378e+00
3.766222720303386007e-01
5.077635687472527026e-01
-3.022488253096009547e-01
1.775394028564427629e+00
8.437350540146076883e-01
9.385661903350140944e-01
1.771411387904277879e+00
5.628091829152692682e-01
8.509953366395311969e-02
1.639389792657895306e+00
-3.132545834813650620e-02
-9.296330603603759624e-01
-1.550075233973165822e+00
7.254598145591906189e-01
-5.037177237559350429e-01
6.301562238032109020e-01
-1.445735515489916745e+00
-1.244543314525887734e+00
-5.875929564812224504e-01
-1.293633775355096605e+00
4.648036992973992865e-01
-1.700086689995385481e+00
-3.243326715171882535e-01
-9.191908597363016575e-01
-1.519304886169459134e-02
-5.221558314116012678e-01
6.470891303838874897e-01
1.638977662605770828e-03
-6.900229724009113857e-03
-7.324989923715244933e-01
-1.207693441852200289e+00
5.501400804043042880e-01
-6.299081173011562562e-01
1.111338045254836482e+00
-3.645920251065470907e-01
2.165581588181015038e-01
-1.438265308248585672e+00
4.866496429550404464e-03
1.436145622534388266e+00
6.595442718439752383e-01
-9.118561834284600875e-01
-2.878872177327655435e-01
-3.157259541390152191e-01
9.367706709616170357e-01
-2.390774679404735537e+00
2.187407740563977576e+00
-1.074767845903615182e+00
-7.722799908117924939e-02
9.775499178244729803e-01
9.583361965036563124e-01
-2.527517074478488057e-01
-5.970432731634976037e-03
4.661189136611093575e-01
-5.568913691040070502e-01
-1.821227532430120366e+00
-5.038705153864472264e-01
1.320659222485023598e-01
6.941500010065037030e-01
1.240847666319230130e-01
1.072231022972853109e+00
-2.337198977467536576e+00
-8.093499964993322582e-01
2.015862792337298259e+00
5.688704244941533358e-03
1.099302722749171179e+00
1.654198165441797874e+00
-4.950100357458787625e-01
-3.964892081383371986e-02
-1.674079046695860828e+00
-8.605819000928029983e-01
1.226566856675207901e-01
4.643940469384332248e-01
1.227361470237149366e+00
3.128192438171500250e-02
1.989560675324820727e-01
-3.684812966126078670e-01
-1.206621947868359079e+00
-3.143864129780632455e-01
2.430315581543759595e+00
-1.396932073535672725e+00
-2.843609375652897953e-01
-7.513113611387125523e-01
-2.849518607783633195e-01
-6.915735032897133427e-01
-1.437643101499346820e-01
9.530765459071098844e-01
6.085535928712714204e-01
8.026699947874057495e-01
-1.247607734094463350e+00
6.427660086070298151e-01
-1.372140040423256879e+00
1.551873580936698194e-01
8.974171034470818098e-01
4.152778063211280957e-01
-1.263056184880082755e+00
1.128783063516184848e+00
2.092302784951236838e-01
-1.497020118185266591e-01
-7.343137671633946928e-01
-2.043449857892486732e-01
1.023821091440630937e+00
7.511166482230979824e-01
-1.876352583946546249e+00
1.265592736906627325e+00
-6.191607912226360089e-01
-1.516302737475153206e+00
2.003994820652067466e-01
8.138415285896538620e-03
-2.096915296489142155e-01
1.671083230053929780e+00
2.701275843028092538e-01
4.977052566300950165e-01
-5.110038145802834331e-01
4.550568511031447549e-01
-4.736989543972963679e-01
1.406346097047696864e+00
-3.285363591466650135e-01
5.124753432134488973e-01
4.456373677856979021e-01
8.643080747610184522e-01
2.979844747145118378e-01
-6.554094356168788105e-01
3.571886947091747477e-01
-4.654220224706538400e-01
-4.749307069532986425e-01
-5.330689730814230920e-01
-7.361699407464078471e-02
7.451761329479444917e-01
-1.555215917889334554e+00
1.124018748621585129e+00
-8.698892037975126668e-01
4.698318339540788480e-01
-1.196787450027898103e+00
-1.072734814797991376e+00
6.674164968070809278e-01
-2.745631183140380682e-01
4.926950308236502374e-02
7.963767200896176846e-01
2.219069005471535849e+00
-2.444032010210369366e-01
-1.173315375850087605e+00
1.618193001027477540e-01
-1.439514255410404120e+00
-8.878760458254355559e-01
8.816706044463813452e-01
-9.157872984850670139e-01
-2.078206036515314881e-01
3.291358487061886717e-01
2.246975272167529569e-01
8.588065261156041519e-01
-1.858149567941171476e+00
1.143252726691483812e+00
7.291942211037113486e-01
4.153887058617201089e-01
4.039223035687154462e-01
6.704010711685266521e-01
-3.617115905211309990e-02
1.264277495854191802e+00
2.548551820130537729e-02
1.300737189792786595e-02
-2.316689159440625367e+00
3.022128575724826183e-01
-4.518618152950347189e-01
3.027503158905874014e-02
-1.945220961693453487e-01
4.354554158247243567e-01
-3.644160443841693908e+00
-6.540464850777669703e-01
1.826697839624319863e+00
1.090982143382251690e-01
-1.383123734422682993e+00
7.074615813591558222e-01
7.358632519050978260e-01
2.491991464798012368e-01
-6.683305496103630894e-01
2.450486739171840345e+00
-1.442745390080029999e+00
-1.481828104204730052e-02
-7.925603960448154850e-03
1.341880795960679551e+00
-1.520915588737053792e+00
-2.076713173648031541e-01
-1.174189555725807937e-01
-1.335086207642407041e+00
-3.862997437684952962e-01
2.114150630394109331e-01
-8.746519782934339959e-01
1.940952316549395540e-01
2.333613635640337525e-01
9.216094924376373732e-02
-2.509685338827167267e-01
6.913963417997689431e-01
-1.049955554381772238e+00
-5.774581220301035211e-02
-6.415190127816834398e-01
-2.584601397381229293e-01
2.670507545085880063e-01
9.725283474156637409e-02
-7.175313591450790396e-01
-2.932829323025205603e+00
3.626002883239685115e-01
1.111583488420480714e+00
-2.601571515808497326e-01
-1.591874455520295273e+00
1.392976243230491518e+00
5.368663010606481434e-01
1.182122117554232021e+00
1.265729889595221369e+00
3.025994913749701087e-01
3.297058758965599329e-02
2.570719858126457869e-01
2.309615647602265009e-01
-3.762419396104598260e-03
1.643763534629851142e+00
-6.637744041270708939e-01
-4.166901918072547090e-02
6.018770094443229857e-01
-1.390162994163245402e+00
1.164268049162651808e+00
5.460026717412578418e-02
6.129049476889786296e-01
8.586065570465083452e-01
-6.668017756316312328e-01
8.069552594488701436e-01
-1.211987400806049608e+00
1.590607968393402682e+00
-1.008814742446662915e+00
1.573520569070881781e+00
-4.710867072786429910e-01
-5.441936891591399039e-01
-4.927529330548945374e-01
1.346440379565149170e-01
2.942106284145171724e-01
-4.748299568845467666e-01
3.393102855852975774e-01
1.125415628794181888e-01
3.238749254449209691e-01
1.188625195278881774e+00
-3.278770499667337801e-01
-1.571847696104110126e+00
-3.668404635297672911e-01
-3.568327051557892426e-01
1.357468752536287182e-01
1.214026727255345550e+00
-3.560986155040346546e-01
-6.988850620460730356e-01
3.207345538755181358e-01
1.199538078151881182e+00
7.958356087926017342e-01
-9.314818111624706409e-01
