2.485583352590691408e+00
-2.178412539084728206e+00
-2.015811156945359173e+00
-2.519760790876504064e-01
8.217419579111078232e-01
4.994640858176793152e-01
6.498918958571056059e-01
5.676697427318913025e-01
-8.317695322175571171e-01
-5.677325115726057359e-01
6.332372516100510662e-01
-3.605110145935630506e-02
9.379103357949913899e-01
-7.803299354890134154e-01
-9.052481708504542812e-01
-1.416836067659026366e+00
1.184134847089681752e-01
-5.154561416220877490e-01
-6.072952456594915560e-02
4.804718217657533152e-01
-4.806228215875854026e-01
-1.631832294581019305e-01
4.683225738982674802e-01
-6.774121463054156855e-01
-6.093280274085866033e-02
-1.542236933877110250e-01
3.276492481456760864e-02
4.283115548781941673e-01
3.305866554627550080e-01
3.061339523048745015e-02
7.759708671263858548e-01
8.398066255265954627e-01
5.165787622319337746e-01
-2.901547029984219428e-02
-5.594997869280458058e-01
-9.050303030517801162e-01
-9.978333293790151437e-01
-4.322224455297780654e-01
8.052964495079997231e-01
6.886357046804669757e-02
-1.689395237650814785e-01
3.911932165368121606e-01
-5.305406203558344913e-01
-1.588760761876686356e-01
4.240178078211185309e-01
-4.559660614743739071e-01
8.637081835827089549e-01
6.150865459345846720e-01
-5.203088541164893055e-01
3.707353798767840658e-01
-7.918406688544228356e-01
5.100042314563382195e-01
4.637152658140545891e-01
-5.933634138456640450e-01
4.257087277592173646e-01
-1.327127465111432869e-03
-4.888465176882708096e-01
7.834568565888555547e-02
1.566726758922463159e+00
-9.667726197201882421e-01
6.307627965532232039e-01
-3.815385102403665574e-01
3.410592179330451668e-01
7.969046175849683333e-01
4.346035792237294970e-01
-7.910484673870641359e-01
-3.323240135855722865e-01
1.481733823972322117e-01
-5.398960556464718064e-01
-5.385094357638269269e-01
9.620978303703053847e-02
-9.780028720262801123e-02
-5.664289479002178052e-01
8.821737403088779628e-01
2.721076483033704196e-01
8.351084604772185394e-01
-8.350527154730122970e-01
5.342922386133772683e-01
8.398388055063874535e-01
8.346428781116510542e-01
-1.856420899444777284e-02
-5.468244425095574179e-01
5.816102473646767024e-01
8.093555648525592172e-01
-2.415105737124887408e-01
-8.416108701805984360e-01
-9.211166429486157270e-01
1.143811453467928896e-01
-7.404025989370954797e-02
4.059755928224011434e-01
-7.704026864473156877e-02
8.244168575972883328e-01
-9.645178783491121788e-01
-3.987589963258251213e-01
-7.586359423086967979e-01
4.253486193943734062e-01
-2.280517615801123110e-01
-7.981509744336936496e-01
-4.415026459120139357e-01
3.576077467028557777e-01
-2.387757411253101925e-01
6.061910285586304958e-01
-1.416761847492287174e-02
-1.948923186031508159e-01
-4.092183783021210441e-01
2.892014230972492772e-01
-8.631436679870911899e-01
2.275143258219587405e-01
3.031170149749478071e-01
-8.863372819804682390e-01
-7.036940838647061103e-01
7.326264260776720327e-01
-4.539859162258075287e-01
-1.475538933886610948e-02
-4.127350638245763648e-01
2.419065488453704393e-01
3.239249493461244800e-01
8.454529547574174408e-02
7.924493373983856337e-01
-2.526745698417975916e-02
8.560901794626749606e-01
-1.214238070109714407e-01
6.035509794717799359e-01
-2.320079731412594271e-01
4.576410660484007131e-01
-9.508509235185074182e-01
5.579095894348218287e-02
8.950414284085606020e-02
2.680388574370837773e-01
-1.623632865951192272e-01
3.736368216370438144e-01
-4.238407598457876180e-01
-9.099457079033426155e-01
5.853289033152588861e-01
-4.905856216424973049e-01
5.839821024788920401e-01
2.833916495994535101e-01
6.769339066119388626e-01
8.686135271291630655e-01
3.352068519629829435e-01
2.806339344004094016e-03
-3.958765041641929550e-01
-7.933140842758716893e-01
-3.573281862521522356e-01
8.365552447179660511e-01
-3.663261861535429542e-01
-1.054012419960494995e-01
-6.008252043804804821e-01
5.599307771230228603e-01
-4.759517802763548744e-01
7.304168414643268381e-01
1.338810290449488072e-01
3.085493849081697437e-01
-2.613567972886219337e-01
6.274974231685293002e-01
2.526505268459540154e-01
3.910062691711773120e-01
7.502569653387738402e-01
5.918576431443334229e-02
-7.477316524269939091e-01
4.737594239988309752e-01
-7.859657690052683776e-01
-5.847565914363381800e-01
8.313546245093261788e-01
-1.810619326366722515e-01
6.662418668693126378e-01
-9.734987831277142067e-01
4.013851988479133492e-01
-7.993004150210216707e-01
2.834391492851211503e-01
-9.276844360453506688e-01
-6.385874466549579243e-01
-2.844536234447294643e-01
-5.750911965430339778e-01
2.939689410138219827e-01
5.882221106732457017e-01
1.172501319652691221e-01
-1.415881491806973980e-01
1.054888157924385617e+00
8.997136032289516638e-01
-9.556786989893885087e-01
-5.901633197969251565e-01
1.382990201137546116e-01
9.032317796342106409e-01
7.168146680760709710e-01
-1.411778051541361378e-01
-1.915913409534062195e+00
1.117142080835358264e-01
-1.140070885543424950e-01
4.835378918555348626e-01
-7.722935437265738834e-01
-7.888841218615418871e-01
-5.822974354248449114e-01
-9.852841778175021048e-01
6.653240059726217570e-01
7.709936105823256280e-01
-2.795485395389838423e-01
-4.129187157569764732e-01
-8.778894083884254407e-01
4.740905965635144881e-01
1.176048623329786214e-01
7.621654068404268845e-01
9.373913204007151556e-01
5.377438437394661541e-01
-3.073765299731110456e-01
-6.395368725294325873e-01
6.043850587992770640e-01
-1.328645887447053031e-01
3.849885358898947896e-01
1.270246373553465258e-01
2.814744778941267178e-01
-9.491398616767461327e-01
-1.973665394359507275e-01
6.311909766327419291e-01
-1.611740541735171561e-01
1.222364998336873398e-01
8.237789608919368067e-01
4.208562253226744154e-03
4.753142461204362124e-01
-3.251052054957479509e-01
7.791665878271416545e-01
7.971728000231790290e-01
8.159447827978993928e-01
5.979935469146751004e-01
1.225919031215139121e-02
8.702614083213884300e-01
-9.645640791376806078e-01
2.085216409377803615e-01
2.340803925106325067e-01
1.949478919875662353e-01
5.277951200467199122e-01
4.803627006795321286e-01
5.838051378276942760e-01
-3.090206635733271590e+00
-6.556058061773928358e-01
-6.820365695448618037e-01
5.818026114583658703e-01
-4.503674368052530408e-01
1.421367734070660749e+00
7.051646955936836658e-01
-4.575180011696409199e-01
2.808428131812508166e-01
2.509648515295310744e-01
-8.104005643336935627e-01
1.719035462357985100e-01
4.339474195056225447e-02
-6.102051848194274264e-01
3.266213826019188637e-01
9.350724953498712466e-02
1.422973895725339055e-01
1.952786539658759590e-01
1.893177448581197631e+00
8.490722689795999756e-01
7.844016150736297099e-01
1.659736414412656957e+00
-7.142836459434500629e-01
3.082102784924491967e-01
-3.076282629404183400e-01
-8.140191853844598313e-01
-7.389581810845358145e-01
-6.029921041720853747e-01
8.961021024045339178e-01
6.136966019765577318e-01
3.256128183366211459e-01
-6.174919626214936397e-01
