-7.358080261712824921e-01
-8.056243813255203889e-02
8.837555409369282078e-01
8.467040146584903226e-01
1.382037452129503130e-02
-9.788415731853383761e-01
9.526236707496793521e-02
2.546269421459808058e-01
-8.778635771753375838e-01
-1.620869300754606002e-01
5.775920850967597442e-01
9.585617739787963831e-01
-4.384697958694494524e-02
-2.510581371769118331e-01
4.002619928232684643e-01
4.493780974327734601e-01
6.807693008124759970e-02
-4.919088223700052165e-01
-6.704258729667882388e-01
-1.858178320825354390e-02
-7.092124721435011381e-01
1.834568311418409703e-01
3.247176371770030823e-01
-1.116393270468989396e-01
-3.832171663511019233e-03
9.840380560379899944e-01
-8.001927061258158336e-01
3.137446651024231592e-01
-4.168870166740614724e-01
4.817080226780794394e-01
8.665033304616895915e-01
6.939780783004110276e-01
4.032841599899081864e-01
-2.434049310856520876e-01
-4.579600087924438068e-01
6.638703596746737823e-01
-6.972528000539424120e-01
1.285451649574522737e-01
-8.913124232665008417e-01
8.741026743578588221e-01
5.887897970855819896e-01
-5.846238381943855700e-01
-9.110206338980979535e-01
2.308496589722022208e-01
-2.216222693789249298e-01
5.781365114193064425e-01
-6.397169563587334906e-01
-5.538316030197019124e-01
-2.666982505364838829e-01
-4.667710342539863611e-01
5.588055760292012231e-01
9.142742826432377345e-01
6.314020230277399559e-01
3.190447293888820646e-01
-8.560433480616524982e-02
-4.702323637790017941e-01
-3.635443487821261588e-01
-6.089715470352536908e-01
-6.671577644504722571e-01
8.974185236693756895e-01
-1.301761198816202558e-01
-1.718532456645593953e-01
3.369605011382301729e-01
5.634100086159541387e-01
8.822102288203703679e-02
1.500619604569166654e-01
5.861739440025892645e-01
8.773725084565313637e-01
-3.564595100672223182e-01
-7.493659595112767136e-01
-8.803989031907608620e-01
2.726686350354652344e-01
-3.950503655702359840e-01
-4.298604726598427295e-01
9.494928886637417076e-01
3.748511960184477410e-01
-6.892196551481539757e-01
-8.092640616924760000e-01
-9.249674289118152704e-01
-3.531281965267589751e-01
-8.866765924879047578e-01
-9.310998890897221880e-01
-8.823154455784543160e-02
-9.153836643339943180e-01
8.101679381546473824e-01
-5.159361391799794916e-01
-2.491872771736036718e-01
-5.464169538403098603e-01
-7.406310122223145331e-01
-5.245297839872455903e-01
9.320359070442225669e-01
5.316274894303070209e-01
3.530026400072048265e-01
-2.288966721611134236e-01
-7.474138800046807862e-01
-6.589180754744992097e-01
-2.437563694884605781e-01
-6.198553437295253321e-01
1.664001223438964505e-01
7.672447939013626872e-01
6.776260368316500138e-01
-7.683855134058235059e-01
-4.830894750832306350e-01
9.483145070980916191e-01
9.617139229716105131e-01
5.326603343298632609e-01
-3.931725116415534238e-01
-4.394342655101737272e-01
-9.013674226633794362e-01
3.981654025480043657e-01
9.158168272637106089e-01
-8.125929722703737479e-01
-1.251577056106847330e-01
-9.829412509479789062e-01
-6.152682206035509083e-01
-6.628620947069254754e-01
4.620329122960262769e-01
4.556226489209120878e-01
6.067702411955357977e-01
-9.760586317523896049e-01
1.054980578239350653e-01
-1.559645892862560057e-01
9.780854826987284145e-01
-7.753964789399749868e-01
-4.816076137545199920e-02
3.165024152849216232e-01
6.659671240269877668e-01
-1.225777420208242763e-01
1.851880476185576718e-01
-4.641967897487881967e-01
5.327546956584561233e-01
-9.979102392153909040e-01
9.257801166100443346e-01
-7.632348159825159684e-01
-7.859734418442365644e-02
-5.571651990394979048e-01
8.063625610536495625e-01
-7.979456023689193156e-01
2.158264190946730388e-01
1.304980928057499767e-01
9.855238633646354884e-01
3.301085697704175814e-02
-7.857362998445234226e-01
-5.788537438296958992e-01
9.813611960058321593e-02
-8.571366226377292730e-01
8.370104210150433044e-01
5.471242288553557209e-02
-2.725454148341958316e+00
-1.967499751562871158e-01
-3.985499609686165012e-01
8.942794488937984010e-01
7.990804455477908963e-01
-4.428677869684300994e-01
-6.392218848721946678e-01
9.592070106814607477e-01
1.213196459169199048e-01
-4.986738898793161567e-01
-3.753448747238796734e-01
6.611161363444770789e-01
-5.147127984316939298e-01
2.266064296746443940e-01
-3.101223582970096260e-01
3.522904106296305127e-01
3.609412484086580442e-01
-6.228578202141110687e-02
2.913368081100971008e-01
3.329451455268050974e-01
-7.122523547719452619e-01
-9.705766924125480699e-02
3.220977377053264590e-01
7.750281549308901674e-03
4.990732905964418986e-01
5.915637591372697734e-01
5.346526231291501841e-01
2.115165245352477186e-01
-9.476108668447318362e-01
5.079899675826271555e-01
3.794790940807213353e-01
2.660342932050492326e-01
2.703895661756989810e-01
-2.076009867144956722e-02
-2.133460498014436713e-01
-6.324301149346114315e-01
3.198713548066554058e-01
-1.618637710258941098e-04
-8.870177736830813231e-01
9.133318140187962619e-02
4.825186694361849327e-01
-2.062899746121809041e-01
9.437701141393846083e-01
-1.729504349863446588e-01
-1.755252117708694382e-01
4.947939386694799602e-01
5.163902997770435377e-01
-2.839836632769678904e-01
-8.615438076278276736e-01
4.194892444469933146e-02
-5.918037569440199874e-01
5.086328491069800339e-01
-2.566059097073550288e-02
-8.231550255042081599e-01
-8.917804712170807058e-01
8.628279936834017949e-01
9.265210292900869504e-01
-5.892947749576213923e-01
1.312401823854672411e+00
4.376167389145693143e-01
-2.432874576095209740e-01
2.976317883413517329e-01
8.718395828904839107e-01
-4.306284564810840543e-01
5.826205665820540780e-01
6.924667431841335929e-01
3.181615119579297435e-01
-6.792556963351286115e-01
-7.946540432506756790e-01
-1.024307517502927034e-01
2.799319315790143037e-01
9.080246870048624963e-01
-8.933267691316111314e-01
-6.447492463739319390e-01
5.694593793232822776e-01
8.113053615255714224e-01
-5.560098761680998258e-02
-7.640605401321323153e-01
9.821784979119561054e-01
5.007415642439583259e-02
9.969434381208974738e-01
-5.592564934204471427e-01
-4.005924809247765062e-01
-5.409896219667220674e-01
-2.071875614168621205e-01
2.471461697106269728e-01
-9.234458906717470938e-01
-4.213974703306506697e-01
-2.910697033373139675e-01
8.400842104404557809e-01
9.554822395031874471e-01
-4.204469525499754390e-01
-2.578181543086706107e-01
5.617749006308274673e-01
7.228366095749192421e-01
6.883624185923142846e-02
-1.462466213738089493e-01
-3.580454365364222902e-01
-9.159438736189005059e-01
8.170213769687795224e-01
-5.037746276798131806e-01
-4.546790480892961561e-01
-3.456950476141902318e-01
1.216967490063445290e-01
6.422451556737986955e-01
-4.992604132129214722e-01
-8.294332014552712184e-01
6.982711678050006476e-01
-4.915214039055562090e-01
-5.827479777484068091e-01
8.479301919740940274e-01
-4.635531858727193200e-01
-6.767663517452155997e-01
-4.325920086186421099e-01
6.696478929272700054e-01
-1.419291023751103609e-01
3.132517168806598917e-01
