-6.434408011346307577e-01
-1.147145566054249555e+00
9.521625790971527392e-01
-6.596480590183279036e-02
-1.615831982996702942e+00
-8.394992117827528855e-01
9.657883443668002776e-01
4.864580049668317807e-01
-1.570839861490894440e-01
-6.165127159549671498e-01
-4.433328778165173678e-01
8.720509717451420117e-01
2.961647350423040614e-01
-1.708671013458349097e-01
2.704454574845866488e-01
-9.300671606901410593e-01
1.119281693794600852e+00
-8.910723658134966918e-01
1.675487335491264274e+00
-1.182792091737009804e-01
-7.382992470279463315e-02
8.562541055122636635e-01
1.793824058166438196e+00
9.781374227519888942e-01
7.700530711631609071e-01
-2.006206611432816533e+00
1.047060160040506727e+00
1.594236404918133232e+00
5.823123581256229864e-01
-1.134540588276072154e-01
8.505465824998700852e-02
-4.766741289332137588e-01
-6.248762312952996778e-01
7.801378695645250216e-01
2.481847007473735878e-01
-1.524448106921034274e+00
4.708670118496414148e-01
1.012903556807729089e-01
-9.194013968620926569e-01
-1.722394187472867100e-01
-2.319078238040907236e-01
2.516890354933015495e+00
-1.049640907045564342e+00
2.554078250693911367e-01
1.365590101567506931e+00
-6.962719389409961768e-02
6.821174256404761715e-01
6.550656984870517618e-01
2.290494152411322037e+00
-9.740183142160199758e-02
1.853799104416696153e+00
-1.142121491029444602e+00
8.832229687310400035e-01
1.217923144977166305e-01
-4.578721490723479670e-01
-1.352413608894525332e+00
-4.291949476726091839e-01
1.117958589173725509e-01
-2.909285309242138351e-01
-4.746985884130299205e-01
-1.384909932355343543e+00
-1.278568048002227231e+00
6.620674235361801996e-01
-2.586871707219320568e-03
-4.249306053128392158e-01
-1.388992015739421326e+00
6.519189009183944117e-02
7.336486244317644845e-01
1.325030644280588144e+00
1.820306347701088623e-01
2.336966822590343662e-01
-1.022545351513680645e-01
2.310001302423681846e+00
-1.594960218785885786e-01
-2.563558699136480601e-01
7.232086485908391094e-01
9.961137880499451591e-02
1.122286316772596715e+00
-1.801235905989937436e+00
1.006872735230317506e+00
2.110206106476968824e+00
2.020601687872639884e-01
1.372833335151778078e+00
1.831086810686961830e-01
5.762640201270711193e-01
-9.499152795352483469e-01
1.166593411587353440e-01
2.661754891436994286e-01
-8.019755112970365640e-02
4.863857134313790409e-01
-1.118037900971793064e-01
-1.165326786691551986e+00
2.578396924842819016e-01
2.693782620131082717e-01
2.499759109542470270e+00
8.076471645305074443e-01
-1.387361495186203664e+00
-9.356534472913722311e-01
3.041451455164499995e-01
5.679175835008661716e-02
7.034362174541188839e-01
-1.047964396705303391e+00
-2.329286591949820961e-01
-1.975450302164076799e-01
-2.219628612034826309e-01
1.548875386729129666e-01
-1.797583821704861418e+00
2.152392340505316248e+00
-1.126505402515835641e+00
1.248209440484429195e-01
7.292933130006360454e-01
7.791460275315061912e-01
8.819752556982539682e-01
-5.207230754247047511e-01
-1.356186323500510937e+00
7.989791958242540293e-01
1.602713014050284102e+00
1.190525661076765829e+00
1.305854741837331856e+00
-1.595262302350124450e-01
-1.625014742678555058e+00
6.392825069394021398e-01
1.507364376012979290e-01
-1.181906681466532216e+00
-9.425127651170768228e-01
-1.202818478406696201e+00
7.734099835301039283e-01
1.346070455991931869e+00
-8.729972056354040610e-01
-1.321823704857769011e+00
5.514794469570685198e-01
1.405069582540853013e+00
-3.626646356460428433e-01
-1.206053946409215705e+00
-1.192055112652719157e-01
-1.025492973588278262e-01
-1.011535888209604966e-01
8.593516298788684837e-01
1.076821334799342306e-01
2.669289908604133288e-02
-1.754919870479090815e-01
-1.253099834062209039e+00
3.909453563378818552e-01
6.388846691465129846e-01
1.148378561606524739e+00
8.344902337194859410e-01
1.631221439495489145e+00
-2.205722981293809504e+00
-1.354871384704011028e+00
6.568377120422003168e-01
1.760583299812902569e-01
-6.349934366457470059e-02
1.649176375127300531e+00
5.569245014829039553e-01
8.819892615414126613e-01
5.170334901603763633e-01
-1.330057061157243536e+00
4.569282313009124241e-01
5.897151323786439248e-01
-3.630970719431636518e-01
1.727737321421578098e+00
1.154752328962340924e+00
-1.470667493354712141e+00
-1.531084613300221775e-01
-2.883048848472343773e-01
3.155368515802882134e-01
1.974077104035119490e+00
1.463783892027852307e+00
8.067096751332047955e-01
-1.026071277671719795e+00
2.488797749121652303e-01
1.429372096424066818e+00
-1.927569290055278328e+00
-1.391891677629180091e+00
-1.500132513364378806e+00
-1.269868325808604315e+00
-9.764754794182330944e-01
6.466797583359141788e-01
8.180903955760400192e-01
3.099213470452235816e-02
4.485015255500736419e-04
-2.735274891428658428e+00
-4.356118621280405945e-01
1.409226999977528649e+00
5.763102328206984870e-01
5.657042468304178673e-01
8.990635510393818475e-01
6.952726840050237334e-01
-6.075946663610548061e-03
2.060992218816410926e-01
8.290969600030685394e-01
-3.238245175396395337e-01
1.410541600916758620e+00
6.780835032559497932e-01
2.417112653096134267e-01
-4.911862938312902549e-01
-1.850530277987205707e-02
-8.777974193047263229e-01
-1.790933201023149346e+00
6.727149301321272423e-01
3.295526277973881868e+00
2.307650347827579773e-01
1.171770433135182587e+00
1.224005011319071246e+00
3.951424479374301968e-01
-1.644587893348016028e+00
3.149378950457209503e-01
-1.071812779990017200e-01
-1.983904830148741638e+00
6.177479439240096681e-01
-5.469062604982106723e-01
-2.165932200991978807e+00
9.770604686137035477e-01
-1.139242157668471644e-01
1.977614532762456578e+00
-2.397046576032690002e+00
-3.327641181179626928e-01
-1.331727598313764638e+00
-8.878578543573725224e-01
-2.585313295793368882e-01
8.186393177514659225e-01
2.602828946402948596e+00
1.771938846402518530e+00
-1.095265463205002732e+00
-3.547772546368297419e-01
2.190895650777223036e+00
1.935074313160132231e-01
1.870421111436480210e-01
-1.352498257635892598e+00
-1.276768094622222849e+00
-8.514879733895036606e-01
-5.772601712576151678e-02
1.136746210561238257e+00
-1.149850845659723619e+00
-3.168644688925251751e-01
-5.739758150535836378e-01
2.122306626860911427e-01
1.319845382313985738e+00
3.487310065797057934e-01
-2.710339965897983761e-01
-6.094554251259315381e-02
7.362663570805069169e-01
-7.688163683078039767e-01
9.823315362457503142e-01
3.287330566656458952e-01
-1.798269904282963294e+00
3.710597508451475846e-01
-1.058089480559559092e+00
-7.086199321566594156e-01
1.442487428957037965e+00
4.148112583429820477e-01
-1.210158191934174621e+00
1.271921950057012474e+00
2.244092201196836278e+00
-8.489098437461810587e-01
5.192547162699145957e-01
-1.191127176350194494e+00
2.240161140834902032e+00
1.190956830560287866e-01
9.859460200851014600e-01
-1.236436591588392364e+00
9.777333253956583814e-01
-2.489559616174763790e-01
-1.404290731599770574e-02
1.559021535102212530e+00
3.382936587097559733e-01
8.165482675096762399e-01
4.931269543367070018e-01
1.691895217967821080e-02
-2.987004667249266165e-01
1.016407579195263367e+00
1.504848847894951991e+00
-4.404413014593886455e-01
-4.494553793893596438e-01
2.767696145501873928e-01
1.616352524460806794e-02
1.974527690573578131e-01
9.533731087986920816e-01
1.563876304924173732e+00
-2.942211934562232734e-01
6.155539254503126362e-02
1.484693521738201467e-05
1.009189896447229451e+00
6.474308718705948928e-01
2.865211114403538595e-01
-2.966416623436589073e-01
-1.066407110257223234e+00
6.593051681292717570e-01
1.171559207083530785e+00
5.757705077775351343e-01
-7.620592591023496176e-01
-4.187513892329240428e-01
1.091637222790937001e+00
-1.226285513337997291e+00
-7.660428784481644326e-01
1.000000000000000000e+00
-4.187513892329240428e-01
1.000000000000000000e+00
4.569282313009124241e-01
-6.718304452620179612e-01
3.882824967301984342e-01
1.000000000000000000e+00
3.710597508451475846e-01
1.066231105208015562e+00
-7.838932944190538654e-01
