1.186916546303390163e+00
-6.854817945991985573e-01
6.249582755955243041e-01
2.159355568051370522e+00
3.119632983436796958e-01
6.983410508235454728e-01
2.080598066724807627e+00
-1.886467577541901752e+00
9.110631771146390778e-03
1.886555294092318480e+00
1.227457096725564023e+00
-2.308828011872861019e+00
1.302900201301159466e+00
-1.064472982827357583e+00
1.536189797694413883e+00
1.304914625320487520e+00
-2.897779057432641192e-01
-1.360211455188892860e+00
-9.609862383885005022e-01
-6.169782471703209037e-01
6.783371022768247549e-01
-1.242672202288896521e+00
1.536852213722632587e+00
-1.459037710119801989e+00
-1.613826862800246786e+00
-3.599328806187225560e-02
3.056949002489869560e+00
1.153277101606407395e+00
-1.008611606189989462e+00
3.013167084869158519e+00
-9.792705230051027554e-01
7.748256569457512288e-02
2.949520924257812204e+00
-7.569717302116736324e-01
-1.578834998833927639e+00
-3.314278240636174822e-01
-1.774842209573844309e+00
-3.324304794132807439e-01
7.491503776732950648e-01
-8.486796165937912084e-01
1.756353467112742317e-02
-2.014999096047555227e+00
-8.112249737513084202e-01
1.370850732003429107e-01
-1.176377412592990446e-01
6.184226714695317817e+00
-3.894735475269884839e-01
1.100788338987513049e+00
2.850610236719935742e+00
5.282765676919471964e-01
3.319089753189922165e-01
5.015285366553516866e-01
-6.020712773681810015e-01
1.394060250883977892e+00
1.512547327498530603e+00
-5.832126950240585916e-01
-8.666308291147961640e-02
-1.934429561281505450e+00
-3.672228064005064740e-01
9.520396124370380520e-01
1.179552238230904715e+00
7.824258618583546099e-02
7.821736329096613538e-01
2.799840586538009823e+00
2.022872399058510684e-01
-1.123783508020766320e+00
-1.265022309608134332e+00
2.249056652877346352e+00
9.176673621664387381e-01
-2.134468567027294483e-01
1.552392910023977723e+00
3.914414834790290065e+00
7.152702768450873716e-01
-1.888754330964929617e-01
-5.361633560798436671e-01
-2.460999510481878705e+00
-2.071168178111367109e+00
1.122827086519655682e+00
-1.058142781615463601e+00
7.780138493003099232e-01
-8.276008180405995951e-01
-1.508853115081983387e-01
-1.288321074983583170e+00
2.624533605220809918e+00
1.387008241906273476e+00
1.351738498538414435e+00
2.428870137708407650e+00
-1.915449205416906331e+00
1.522944534838739594e+00
-1.099173051368699250e+00
5.551421521398928194e-01
1.123407647505863416e+00
-1.133893715154146831e+00
4.609049942177208536e-01
3.602575532027135208e-01
-6.835159575658483755e-01
8.767125235628439039e-01
6.858130180797377129e-01
-2.740583268105213133e+00
-3.401446091345897704e-01
1.383551556082548206e+00
-8.535712378986100024e-01
-1.801255219255890605e+00
-1.451113197721396464e+00
-4.685889319924919638e-01
3.287781759016191074e+00
6.674757998850167073e-01
-7.024750892809739078e-01
-1.966481211108688232e-01
-1.685101092183955984e-01
-4.800548768080470374e-02
4.176457777513320480e-01
-4.841970227000862437e-01
1.043671741402913966e+00
-1.262265664185623137e+00
6.879230679194880960e-01
-1.513437662785132032e+00
-4.366218798060567119e-03
4.760446772450555031e-01
9.539695244546497754e-01
-1.017327280785177979e-01
-4.985032204698480740e-02
-1.576844666051097299e+00
-2.339131840414773178e-01
6.226828807923076026e-01
1.384114785399130021e+00
-1.333809307373368780e+00
-5.612114946424747730e-01
-2.128181147230699399e-01
4.431618719260993489e-02
1.054210100904845682e+00
3.966384467947431935e-01
6.409347181581631636e-01
-3.207154483928926769e+00
1.052255615156859170e+00
-2.521783343102705910e-01
7.816527329292040083e-01
-4.098166094213140376e-01
2.673985018055379248e-01
1.347388403228637621e+00
-6.661851745433191585e-01
-1.928332645339148055e-01
-7.081029974780630454e-01
-2.143257612444772864e+00
-1.149815689558191245e+00
2.531341783283881153e+00
-1.182070657559372906e+00
-2.292513054520370352e-01
-3.845038009927070344e-01
-1.204614144653799457e+00
-2.381713996688261670e+00
-1.792558711314088615e+00
-9.754662999695924430e-01
-2.824465295371736850e+00
1.511523649078816423e-01
-9.214295827962522001e-01
2.322363409700639592e-02
-4.807947104011055517e-01
1.917969483962536970e+00
-4.748116538206874626e-01
1.361495964365329048e+00
-2.852459729517997644e-01
5.963958900243826466e-01
-2.639749950593123895e+00
1.263288995012939564e+00
1.033865696930763356e+00
-1.688661534157080979e+00
6.375954521673152797e-01
1.798142796620932904e-01
2.629303535460708829e+00
7.642259448986101766e-01
-1.759678436215522890e+00
-1.371929322548584018e+00
-8.903934049860251498e-02
3.701257872884706757e-01
-8.068399961293578615e-01
-5.478117261274311200e-01
2.214394880343268923e+00
-1.152890808766111053e-01
1.883762783602189295e+00
1.290087416103078422e-01
1.848853481444360458e+00
-1.558597786389364304e+00
-3.985755975675516760e-01
-1.848119290437999496e-02
-2.009077492982323410e+00
5.876966261260280211e-01
-1.951733095475034929e+00
-6.208513923215307484e-01
-1.012903132984074084e+00
-5.156331168752816829e-01
2.434286040471767554e-01
-2.229020698753357621e+00
3.516621783363326870e+00
1.073712457236704720e+00
-1.403034005156461594e-01
-2.859998863327980478e-01
-5.607876286791828591e-01
-1.010636359299736275e+00
7.580007400255327488e-01
-1.158927417425112960e-01
2.987213416146527467e-01
-9.659119667636228979e-01
4.342171253928941432e-01
-1.020450800325495733e+00
1.373333120331720059e+00
-5.944177906230858621e-01
2.323319298460842841e+00
9.432932012206106664e-01
3.411531397455238590e-01
-1.092078166145847185e+00
1.993695115669166462e+00
1.958128945170964474e+00
-1.548450807135446361e-01
1.757735111795800886e+00
-1.611347113105901840e+00
-6.602526810655218181e-01
2.981248935736045880e+00
1.182771721542180243e+00
-2.848352965286509608e+00
2.654952608890111532e-01
2.172411491532639516e-01
-5.889193917511212906e-01
-1.134923331310388361e+00
-4.157044427671452436e-01
3.343874162090676450e-02
-1.342890806399953396e-01
-7.962386737214891541e-01
-9.142371292736626298e-01
2.656213421806947750e-01
-2.005417526992038457e+00
3.134287040470021601e+00
2.651642726723328902e-01
8.316938537555064181e-01
9.052334775704362624e-01
-1.695596207579330938e+00
-2.811919528773573873e+00
-2.410794542567803678e+00
-1.912512554696573552e+00
-1.272432747781264473e+00
-7.069253474618364397e-01
2.869792552510144645e+00
2.199834033784224374e+00
-2.132612516823799709e-01
4.230433634112500396e-01
-1.530807770278053148e-02
-4.442887734317415571e+00
-2.303423640707227271e-01
-3.886334568982448001e-01
-1.826694932562296758e+00
-1.521465404604439353e+00
-2.707522603346820933e+00
1.332372367858268181e+00
2.662334206811037163e+00
6.422425456583066294e-01
-2.142447668140239792e+00
-1.366056478420737630e+00
1.266517701091065096e+00
1.897960202287923170e+00
3.188401600911907607e+00
-2.297153633806660267e+00
-1.194839702152995731e+00
1.056557837403908628e-01
-5.977700814117000716e-01
-1.709765382385364907e+00
