-1.890077596542055982e+00
-4.143264035362203224e+00
1.148228188903859914e+00
-3.480968609190993046e-02
-5.061107991916575788e-01
9.738346788747350713e-01
3.673147073239018567e+00
6.735782480570766673e-01
-3.210300169852542851e+00
6.280277269152152453e-01
-1.095122857362000213e+00
1.406670898548196824e+00
-1.830428140256290748e+00
2.961781046079079438e+00
-4.919355141108141538e-01
7.496393263856945266e-01
4.252456101671800992e-01
-5.700646840070033861e-02
-1.390358213121422715e+00
9.312079257691949774e-01
1.868376440081999990e+00
-1.933793954129372050e+00
7.288799391676890060e-01
-5.185634436419257476e-01
-7.872197630715357386e-01
-9.671313702914854371e-01
-1.891573040372746872e+00
-1.744890623188476431e-01
7.844887962142019777e-01
2.236861140348318511e-01
-3.515429868663750290e-01
1.327623337733985887e+00
-3.360998615455930150e-01
4.833072367305398243e-01
-3.670249393322473797e+00
2.051751397521072440e-01
8.463008611047659335e-02
7.212373763703078255e-01
2.966642132617535399e+00
-8.878492492297295202e-01
-6.027743685064292922e-01
-1.172851816435182215e+00
-6.045379223966836912e-01
1.325599526798847627e+00
-1.252752230220254948e+00
-1.594643245798963438e+00
4.523391305659343331e+00
2.192751187382135036e+00
-7.454288217118731907e-01
-8.921673958614653177e-01
2.592458879747475131e-02
-4.385954370467191610e-01
-9.795146916224075628e-01
-4.551920526847731407e-01
-3.934195531175099791e-01
2.676637482225510123e+00
7.880503324073382387e-01
2.029229036759490068e+00
-2.789506055964467990e+00
4.220861016915827824e-01
2.652241243721819686e+00
-9.881976727689609774e-01
2.353062093069305583e+00
8.556467182644679204e-01
-1.104512959733232824e+00
2.972454865959275772e+00
-2.523831917282065573e-02
1.734150803323236956e-01
2.663987973605976389e+00
-1.314021736076371294e+00
-2.601005184271383719e+00
8.408196225759547726e-01
4.491528501404299378e-01
2.280847816851145016e+00
3.218962198000541175e+00
-4.533201946357582890e-01
-4.210012175194443595e-01
2.055016651842653808e+00
-5.320396919438363792e-01
3.817719930643596271e+00
-2.190629051580209374e+00
-2.839538389619542968e+00
-3.531597818545174405e+00
9.391388733576541137e-01
1.056584911058201737e+00
3.522383065334352970e-02
1.398678354670224167e+00
9.286175149356714620e-01
1.880040659921833113e+00
3.125620597468591999e+00
5.014768276236429845e-01
-2.250488828734840574e+00
4.302297161171362294e-01
-2.709958963666365683e+00
2.513664596303647691e+00
1.463834019592547442e+00
1.020078855795508499e+00
1.943909903661763749e+00
-3.132777756881489406e+00
-1.744353588915403819e+00
-8.172640580460323045e-01
6.784264076226648177e-02
-4.514442529531215165e-02
1.456848882028840997e+00
-2.919882426243604057e-01
2.406423142619947164e+00
1.733730358218239731e+00
1.690754261648811152e+00
1.649090179504677733e+00
5.042376867096856619e-02
3.663416106090904290e+00
-8.006628490557805566e-01
-2.658116361816922346e+00
7.177262842287949196e-01
2.080181809661385273e-01
2.287939696223570074e+00
-3.215319252939091710e-01
-1.589098087300056250e-01
-2.491683615839656585e-01
1.249280830520693941e+00
9.042251649262813551e-01
-8.859416464230497334e-01
5.753660673468551784e-02
4.663618323871465243e+00
-1.817121905901811996e+00
2.911014753463658788e-01
1.006750432700793396e-01
4.080873150964007934e+00
5.042301769534679456e-01
-1.019403880409132546e+00
-1.030060970412138621e+00
1.225924393219385289e-02
2.512172732029731126e+00
2.135410155620526051e+00
-1.099429388786584028e+00
-1.038426660448911187e+00
-5.506660981430948620e-01
6.625827132853553403e-01
-1.127261415553609147e+00
2.972666072833442946e-02
2.481925513828904251e-01
-8.957608415232729548e-01
-5.927416837746522782e-02
-1.106162719492971513e+00
1.442571645479382658e+00
-1.226200568220923159e+00
-8.846624186378788668e-01
1.354328661997434013e-01
-1.322720613546112700e+00
3.837524240245074880e-01
-1.537220900501561793e+00
-1.486177353711638727e+00
-7.788051341146721152e-01
-1.030476373693783199e+00
-4.171777835616632402e-01
-2.124985507530402495e-01
-2.378380038473276059e+00
4.634152765740853774e-01
-1.106788402239098357e+00
7.706961539809309425e-01
1.853203772211874156e+00
1.432769142771191273e+00
2.601732255981294983e-01
4.926714187914050247e-01
-2.935991966591974256e-01
-5.524540534563553429e-01
9.238772373086483469e-01
-4.352806911864008921e-01
-2.220204669690217791e+00
2.865327534055138958e+00
5.677999413311379806e-01
-9.419072080247516965e-01
-1.053329905665839838e+00
1.330426611418880745e+00
1.646429108487548199e+00
2.964150770467371743e+00
-2.952626868328987353e+00
-1.589010451608200869e+00
1.144542292319529420e+00
-7.604369075292762847e-01
-1.934545275471293291e+00
1.253311255245331823e+00
1.314557016960204106e+00
8.444583743078299953e-01
7.478378803204879244e-01
-4.565980122310087097e-01
6.598219504974337513e-01
1.198266816564860227e+00
-1.409003486458849375e-01
1.252972394595890160e+00
-1.407684033923899125e-01
7.946691359971695956e-01
1.480688180838212631e+00
-7.347919169444351306e-01
1.485235465657872567e+00
5.510560672677524696e-01
9.885246915624954500e-01
1.384838210848745588e+00
4.431813023271410579e+00
-8.846967806035418436e-01
2.119739400287658171e+00
-4.706943718075731198e+00
1.524673441971024168e+00
9.146502617931427936e-01
2.763040297715322891e-01
-6.398165457069188156e-01
-9.034345255933203811e-01
-1.577950537372070805e+00
1.539679742646023586e+00
-1.022948315033537670e+00
-3.569651055930145866e-01
-6.144722860920165397e-01
-3.630977865666233373e-01
2.143714958055210840e+00
-3.921046213179869566e-01
-1.086225983265070250e+00
-2.738349129206922019e-05
-3.577241613751768745e-01
-1.979559248794850457e-01
4.055621453827946143e-01
-7.282645765764732548e-01
1.047370782463229677e+00
-7.497512287061380842e-01
3.152237023797832549e+00
-6.587618235720997806e-01
-7.410767730467511250e-01
9.175751661796401060e-02
1.541722214403230096e+00
7.771296425770661820e-01
6.887828409918864692e-01
-1.884914544193083241e+00
-1.882177313225374515e+00
1.121200328033804983e+00
5.297154787208788740e-01
-9.061522365223200204e-01
-7.630628508470560512e-01
2.769653543709248655e+00
-3.348107026783735951e-01
7.113238467276282728e-01
-1.330084058335630370e+00
-2.925514319938487873e+00
7.434769995201179205e-01
-1.084169746209154628e+00
-1.232301740521110744e+00
-6.534041818858382644e-01
9.010614495111113342e-01
-1.065352900702381422e+00
1.400375955842537934e+00
4.359776839779835877e-01
-4.200967620152167292e-01
-2.532834471926395548e+00
1.586611765455044676e+00
1.239290737111095497e+00
1.022605570797607416e-01
-3.483746624615315923e-01
1.842592288043065185e+00
3.856910635616396799e-01
1.203562870079834202e+00
-4.091726743737001959e-01
-1.862079254131517592e-01
1.323385715608701885e+00
1.182287949613521905e+00
-2.891948612892686343e-03
2.139897334292832631e-01
1.234229767277929435e+00
-5.541959401977413630e-02
2.995642717639501740e-01
-4.304951308048211023e-01
-7.690970921607971356e-01
-3.209937449886124838e+00
4.735465188094062361e-02
2.164545416170348680e-01
1.434874889484105243e+00
-2.309623646763748539e+00
1.256695801921042799e+00
3.054059955897843182e-01
-5.805221274885933314e-01
2.904226397314034758e-01
9.522307911274797698e-01
6.400588375747053860e-01
1.232452398785124081e-01
-7.784552748217429263e-01
-5.610210896106138795e-02
1.599131741004382157e+00
1.850425627493914316e-01
-1.406943356071008289e+00
1.785133692076947165e+00
-8.210051289335966729e-01
1.778209097167371411e+00
1.263922063625932068e+00
1.685672745012535834e-01
3.873381860146802413e+00
5.355114368990986362e-01
6.911151380212385842e-01
1.724836257591435551e+00
2.811362156990009353e-01
-2.091264162173076535e-01
-8.853955270937271527e-01
1.985097722445538782e-01
-1.034445267501716281e-01
-2.216558024701613117e-01
1.679280575876852977e+00
-9.032243097675125565e-01
8.060797788916798101e-01
9.838619173856217870e-01
2.480338228038566406e+00
1.393663758233441685e+00
-1.553975368525149614e+00
3.531405760047596210e-01
-8.903703447423647610e-01
1.908551171126771751e+00
-3.224286248310931358e-01
4.611960025304007726e-01
-2.161877236170568206e-01
1.515559764285706379e+00
-4.757061626906476381e-01
-7.433550372657919958e-01
1.081615849595833678e+00
-1.088680469945348728e+00
-1.636509734467852528e+00
-3.983141690088735087e-01
2.933950837604267115e+00
-1.919028995465042742e-01
-1.587644865182627596e+00
-5.333556040438818258e-01
2.458345753325579253e-01
-3.281328261271407865e-01
2.085928735122500655e+00
-2.482071010659429255e+00
-4.797931190308499794e-01
3.569588692690315312e-01
-3.998423461109316124e-01
2.698742002767621218e-01
1.778111252039142887e+00
-2.871374466823166660e-01
-2.182715566906286986e-01
-1.841047652863384343e+00
9.832951179374349593e-01
-8.480809764919252647e-01
-1.392141064026880759e+00
-1.765300553359018476e+00
4.197472961322221696e-01
2.764572091601102954e-01
2.627851801748053884e+00
-1.333999069404220306e-01
9.790165619949164899e-01
8.763518100996842142e-01
5.202592507552743495e-01
1.050574828887299139e+00
-1.527177731783073478e+00
3.810209125763295734e+00
-1.504979730619788736e+00
-1.920065687793989895e+00
8.999792710238818660e-03
-6.798495261526045219e-01
-6.253587542654606146e-01
1.164159553964173588e+00
3.588360997037297051e-01
-6.806052761625395187e-01
4.790358776074038261e+00
-3.022757428135619540e-01
-2.478001348955926719e+00
1.418542361697757714e+00
-4.006956748838396365e+00
-6.437494356466589851e-01
2.576437234584505465e-03
-8.884665559833818116e-02
2.332377005486429233e+00
-1.989439436808021711e+00
2.351489323721490443e+00
2.779894677099774558e-01
5.037624455348214125e-01
6.869270566405451250e-02
1.387512560888381818e+00
-4.824327370849665342e-01
-1.940341972617394939e+00
-2.119969200372424090e-01
-5.349308757596084041e-01
-3.022269383614670790e-01
2.009647809407154595e-01
1.414500055237448484e+00
3.877451540438903166e-02
5.789341951989002144e-01
2.727976359920609273e+00
-1.361151340078268435e+00
1.750325884394638098e+00
4.644783936227763199e-01
-2.690363933491776383e+00
-2.169826933414957360e+00
9.241948769840494515e-01
1.398639200776848668e+00
3.017097000369135529e-01
2.034810601349962944e+00
1.542148395503502467e+00
-2.165398622165209952e-01
-8.738914011402622029e-01
6.991331742798514437e-01
4.406499457169883449e+00
-4.023577204246638894e-01
1.097096772121673780e+00
4.307458082739911376e+00
-1.418953748800147796e+00
-8.140994126280817200e-01
-3.940079471536457878e-01
1.686218294605516865e+00
-1.022830515654883143e+00
-6.855071230683122963e-01
3.862227773587890156e-01
-1.430844961021500161e+00
2.450060349274448157e+00
5.428063450733020545e-01
-1.105630415824683244e-01
1.227865570227404390e+00
-1.392488837487093623e-02
-4.303263352350649384e+00
-3.999893891006404689e-01
-2.449257614402494676e-01
9.592975537799475205e-01
-9.822434466767580030e-01
-2.373285046625582539e-01
9.902229268252962235e-01
-2.193995064674714612e+00
2.499070096596138213e-01
-1.195778738880264758e+00
7.507854955621320325e-01
2.828442837780198893e+00
1.241494812706754214e+00
7.714272532717307840e-01
3.059628184117808125e+00
-6.664988967519225316e-02
6.025016034130443732e-01
-1.602035962503255695e-01
1.518728161278764865e+00
2.126948793971040086e+00
-5.764814331054893826e-01
-1.179809056410157764e+00
1.799690038840303652e+00
1.084529567877066114e-01
4.768233878984905472e-01
7.304204055414171837e-01
2.001674939016894417e+00
8.528259109287441575e-01
1.897447173261224140e-02
1.207593020327146771e+00
-9.468760125735087296e-02
-1.447062278501267230e+00
5.516840027797111912e-01
-1.458515478460460812e+00
2.192351436693384392e-01
-8.215339634840778116e-01
-2.092243684469508480e+00
1.219700479799194603e+00
-6.261241674183186667e-01
-4.036915294714946700e-01
-2.859562752842876865e+00
7.163389841029466076e-02
-5.363966562499176582e+00
-3.361039329360419048e-01
6.557437921582253137e-01
6.067507915599605894e-01
2.858198497227965040e-02
1.872017905373356106e+00
3.747788316027546585e-01
3.242838198441189146e-01
-1.452301642967536832e+00
-1.294799056952594674e-02
-7.985562141479545240e-01
1.593004705059533288e+00
4.298992888305125937e-01
1.071534925213165845e+00
2.073459249675439597e+00
3.122103563129975945e-01
2.657036405692052988e-02
3.262061592643634156e-01
3.717845555783716449e-01
7.080407151906047414e-01
1.816021736854975144e+00
-8.507515563297651795e-02
-6.435537248038397662e-01
9.779825241725342844e-01
-1.509396224575191292e-01
2.285183340069642632e+00
-1.513160417525632351e+00
2.538098859155853981e-01
1.126442311202356938e-01
-2.214455779177383121e+00
1.342023104673157885e+00
1.114230263442933744e+00
3.934549324301250817e+00
-2.643148935773850017e+00
7.409481494859716522e-01
6.287595064524713617e-01
-1.156945449125349468e+00
2.590843413983578536e+00
1.229183425221181070e+00
1.042834783659862596e+00
2.245482172534828957e-01
1.399182397857731963e-01
-6.019179112536513498e-01
9.908338376523939672e-03
-2.097422217637052277e+00
8.071009381173737118e-01
1.189182870585833829e+00
-7.805945162954746053e-01
2.523113602905366015e+00
-1.973989871524661766e-01
-6.201868490882642693e-01
2.304619040650748740e+00
2.677175741067404857e+00
-7.334986775491070254e-02
4.580521838814913815e-01
-4.896292534326988632e-01
-1.207152912838660441e-02
-2.497748627955899359e+00
-1.205471155437521924e+00
2.150209670900571635e-01
-8.634396820939789219e-01
3.142387147027479344e+00
-5.974327214196718527e-01
8.381310166609999834e-01
4.583329545236550784e-01
-3.399199809921860549e+00
-2.278410755122460607e+00
-6.709933203173144012e-01
1.654605305235429036e+00
6.913329630722740982e-01
-1.728606744714282772e+00
-4.885446194086804361e-01
9.324864129830818804e-01
-3.358857523357976049e+00
-6.987300551301844909e-01
-8.049803906597200465e-01
-1.765874510448874890e-01
-3.292864958672746534e-01
1.706981258442002769e+00
1.049006680748668430e+00
-1.184750233948858256e+00
-1.535324145401754659e-01
-3.741865324036449669e-01
5.358341882547441870e-02
3.123624623681003909e-01
1.024760697804381337e-01
-8.342700541938865566e-01
-7.742407005034074308e-02
-6.942099394638633347e-01
-8.983873392612833353e-01
6.415479431366142293e-01
1.204532631497617245e+00
-1.505526146806735799e+00
9.427433734711865299e-02
-7.143259768236782659e-01
-3.982399335554185349e-01
-1.543021328968158690e+00
3.324941418446927255e-01
-4.938303752870409902e-03
2.021965383628880009e+00
9.921324864083430617e-02
3.357574980175170865e-01
2.787268631644535422e+00
1.390063349015025596e+00
-3.585148567710788603e-01
-2.024188393327213120e-01
4.833650203407279244e-01
2.856235957719225560e+00
2.661073343606405128e+00
1.826506995966367786e+00
3.101873499452967309e-01
3.573880733520050645e-01
5.681677773308179136e-01
-8.000819392872036140e-01
-1.111067273796718241e-01
-5.497672209984778569e-01
8.050670081020239177e-01
-5.723948413717144801e-01
-7.519643639151296632e-01
2.438244532426400379e+00
4.612727395988938106e+00
-9.358342499912394863e-02
-2.010593398401074428e+00
-4.738102143072116523e-01
4.574880652871692099e+00
-2.385531444438192761e+00
-9.834163461431674191e-01
5.658207497594056612e-01
-9.471793415731148968e-01
-7.187046911382732883e-02
-9.612868170456901895e-01
1.167447119790274934e+00
1.736482550627562293e+00
-3.808544438670810051e-01
-5.515037643484176355e-01
2.307123346849363266e+00
7.416415023123388295e-01
-2.400239316510783816e+00
9.732654841818383362e-01
-2.667191988577256034e-01
-2.388048055612066012e+00
1.075643233365169316e+00
-1.940936606760993222e+00
2.514425495257333054e-01
1.410041949560561392e+00
-1.235038065236789162e+00
-1.123986521062955823e+00
6.940613216923362527e-01
-8.706105554100340704e-01
4.352830542056263519e-01
4.384709913653558333e-01
-3.318886874581691515e+00
2.489069115408320876e+00
-1.807498507247681019e+00
2.316568410475769113e+00
3.679484474606927180e-01
3.913698907374208447e-01
1.401066762279665312e+00
6.246282183345547301e-01
3.305739539706168628e+00
3.328358927708665038e-01
2.625881834530744419e-01
-1.619145878183020582e+00
2.900972615195566290e-02
