-1.379210850547100797e+00
4.146041232711137337e-01
5.669758531487183451e-01
1.214806870593134525e+00
2.496197641137868573e+00
-9.651035354290615764e-02
-2.842393164897931257e+00
-8.112470457481399944e-01
-1.038436703272369588e+00
5.602846624870509995e-01
1.415375522231411498e+00
-1.734985008104785953e+00
-2.065083233482007063e+00
1.506138039714719490e-01
2.531648425504995359e+00
-5.075345306717031768e-01
1.440899290969136715e+00
-1.466899434148785375e-01
-3.647422804755132697e-01
1.605427859772803556e+00
-6.648892262141394838e-01
-1.395449917574172805e+00
-3.820395064669210416e+00
-2.063990481834354629e+00
-2.331262086719655180e+00
-2.644284563183260772e+00
-2.248029057732249480e+00
1.811286891375083474e+00
-1.053945214031092453e-01
7.342530607662707265e-01
-1.516569037235487860e+00
1.535174063082144436e+00
-1.641920430547091359e+00
-3.058382727644064492e+00
3.151839218038428037e-01
3.301602179740855014e+00
2.400895889563455121e+00
1.664667619863083869e-01
1.839869536334505451e+00
-9.973501033715230779e-01
-4.735517810916937798e+00
-1.706190197912924589e-01
-5.498245363135826347e-01
-2.404677501937279693e+00
-1.275405577914882072e+00
3.554658430047028084e+00
-2.081546769223555859e+00
-3.331749333193243956e+00
2.050781422945329169e+00
-1.050349364138273955e+00
-1.308438687967438563e+00
-9.607146400710409040e-01
4.318937218437969294e-01
9.461267757509319587e-01
6.156701065110724291e-02
4.102435490549296127e+00
3.287494909453021918e+00
-5.237402064263859680e-01
1.029489831319591708e+00
1.695367042592766105e-01
1.306677672775159671e+00
-1.968687157816048305e+00
-5.860709941991945060e-01
-1.911057889683525746e+00
-1.648495568499376729e+00
-2.142984862101284360e+00
3.652958965355762588e-01
1.750540045248668131e+00
-1.797389850523395838e+00
-1.940240256161346988e+00
-3.296401505545423771e-01
2.089043955374664474e+00
9.171175788696678266e-02
-1.470852341332385960e-01
1.136667429993958978e+00
-1.580179473767898912e+00
1.258565333411223675e+00
3.727771320062959859e+00
-5.000585669940145195e-01
8.000632633318734976e-01
-2.017199936043811981e+00
-2.445171597417774123e+00
-3.645375697853644459e-01
-1.835553080714709684e-01
-1.504910893771317815e+00
-1.561593040736664717e+00
3.407393262147750956e-01
-7.899729278500240426e-01
4.487761233611084477e-02
-1.875250693811805203e+00
1.778136356664029583e+00
1.996493517724250211e+00
9.595113644653132656e-01
-5.432794441715511624e-01
2.247702992526837917e+00
-1.246698863592669237e+00
1.903898992245123933e+00
1.582054837382621315e+00
-1.171981467067758187e+00
1.496100970627013860e+00
1.165460232773469995e+00
9.555508035074483653e-02
1.719516178735251311e+00
