1.785226081564575074e+00
1.986065849218291435e-01
3.610564871012821531e+00
9.813372412782590537e-01
1.476513079255022121e-02
-6.947647893930525287e-01
2.249384865083363660e+00
-1.342464484803357616e-01
3.185353137172351468e-01
-1.142717426886558085e+00
1.026652711334458568e+00
5.030606419190554179e-01
-2.488607930312133121e+00
1.316071236553226498e-01
-4.622914647696121371e-01
3.639270508352324685e-01
1.577799771025070186e+00
-1.271749478215182583e+00
-5.314219311230060638e-01
6.165832145918268559e-01
-1.254691499108763875e+00
-5.229737389069096798e-01
-7.796534633225417343e-02
-1.194031257013778990e+00
7.081940716308278150e-01
-3.600827042581424386e+00
4.434386930324103027e+00
5.049315116188851649e-01
1.419907003401674084e+00
1.328355165862107556e+00
3.084529607174637977e+00
-1.657465802812252198e+00
1.636827658727862511e+00
-1.125696455062071610e+00
6.389454138585908272e-01
-2.047806006517122746e-01
-2.251594296620647473e+00
9.155209325069235682e-01
2.698531201577706873e-01
-1.673644949405080462e+00
5.300968406307097203e-01
1.517573939932843619e-01
9.920572691738675786e-03
-5.814971211863755318e-01
-3.537690122958895955e+00
2.385823340776743073e+00
-8.198085182032193163e-01
2.594202732451921234e-01
9.451869373260441964e-01
-3.485222055510540928e-02
1.170444190669333917e+00
-8.582887434524333337e-01
7.294234043279337332e-01
3.082956417835065910e+00
-2.123845297111026653e+00
-1.165603152934657771e+00
-1.617661972594963693e-02
1.683760635377466341e+00
-7.137717594589239045e-01
3.606368349062268885e-01
2.472189023433676858e-02
2.175665585810642177e-01
7.557170084799964549e-01
-5.658007709853624112e-02
-5.191855117181352064e-01
-7.144542529260877739e-01
-1.400181354282361124e+00
8.502984774457530426e-01
-1.306691414918916827e+00
-4.620713816012882447e+00
7.797835444085529089e-01
-1.870511001698323517e+00
-6.917548053378919093e-01
-8.728563794742898452e-01
-1.084591181942931692e+00
-1.346255319191910882e+00
-9.711933597068952428e-01
-7.441887960310074046e-01
-5.394819287554304399e-01
-1.514879334913710407e+00
-7.652072397217525301e-01
-9.133404105530792405e-01
-3.636269892443193541e+00
2.910022571880015896e+00
-1.751222153348729993e+00
-1.282381959343472211e+00
5.738880625537350344e-01
-2.119575278639100613e-02
-8.234261105185361473e-02
9.855428915997501704e-01
1.053821707100685678e+00
-1.822613120173599111e+00
-1.268440541956353140e+00
-1.837681916708691521e+00
1.047162845594443281e+00
-9.839119229514170506e-02
2.066900012053777269e-01
1.088177700280825499e+00
-1.962912014728420695e+00
5.657057620277998744e-01
4.869388816218207516e-01
-1.329683786120618771e+00
-1.855455288165563044e+00
4.978811874183303843e+00
-5.926869596659050110e-01
6.695101265764950016e-01
1.150340663793367524e+00
2.158680158995603282e+00
-1.349803065625691190e+00
1.867860762765390259e+00
-6.923678778124605637e-01
-9.243566783333361236e-01
7.845337674496681846e-01
3.987049812340761612e-01
-1.039014926589987953e+00
1.897928715932084121e+00
5.215417744239476683e-01
4.540561168911581846e-02
2.108656773351623936e+00
-1.355499784772306870e-01
6.264543118106200570e-01
-2.151254512191687507e+00
1.660230087541411326e+00
2.791645102391719035e+00
2.698034777978092214e-01
2.879476566887873457e+00
4.994146466737346413e-01
-3.460388143487408419e-01
5.336157142082659233e-01
5.165896386651451788e-01
-4.270040116059506952e-01
5.154802163519778269e-01
1.039782427254350106e+00
4.215282202344989848e-01
1.000661716253192335e+00
8.259380557568775372e-02
-2.063206163888354983e+00
-5.757582335041363519e-01
-2.913472282191781559e+00
-9.875606828448771912e-01
-1.079101843295293267e-01
-3.686463080192003972e-01
3.904428850200775125e-01
-7.279183895160015183e-01
1.274388677129414837e+00
-2.193717485433919756e-01
6.300833938446592786e-02
-1.283846447940816926e+00
-2.364364922626718712e+00
8.012911203158579188e-01
8.371334363226826669e-01
-3.215561024598665885e+00
2.715331345832618926e+00
-1.308268141615568647e-01
-3.073394216592902906e-01
-3.512702122004595084e-01
-3.106066012550893429e+00
5.469111729066710170e-01
2.439941275096028317e+00
3.419953730104512424e-01
-3.646911894341663407e-01
-2.932469794562372112e+00
-3.670923494333958037e-01
-1.995307626402584855e+00
-1.736543135622969247e+00
-6.250789537981749078e+00
-2.275418030112627665e+00
8.367850903471336643e-01
-1.206747397784561304e+00
2.274786217338329308e+00
3.673621787733463706e-01
-5.915786006804550912e-01
1.713609402498000034e-01
5.922234143509993443e-01
-5.952875568909156145e-01
1.226431676348950006e+00
-7.215014468207915366e-01
7.797100104701095713e-01
-1.077284914416143158e+00
1.359424534610115032e+00
6.399125088905672776e-01
6.895764014470804337e-01
3.225286717972109529e-01
-2.262201117788067983e-01
4.266499241233455142e-01
5.843983356693760456e-02
-1.668560063094021384e+00
5.862802682155262568e-01
-9.694977335947533303e-01
-1.429561606656008621e+00
2.544225590433065953e+00
3.200996474825241189e-01
2.501981916010836748e+00
3.786068822742840734e+00
-1.469807489322866312e-01
-7.090428266310566663e-01
1.808857976867420947e-01
-6.580862283668206247e-01
1.273815530905873405e+00
-2.420627848618924549e+00
4.061219088175829661e+00
-4.152374668065932362e-01
-6.311076772624394371e-01
-3.628665125143588632e-01
1.391240220382541359e+00
-3.260571884013123700e+00
2.063859245248954588e-01
-1.317331817566165464e+00
-1.664495420884821941e+00
1.227174701530846512e+00
2.369230568693037053e-02
7.274528170700229612e-01
7.037196600872807073e-01
2.312079378375930805e-02
2.194401060506404599e-01
-6.549408879916390980e+00
-2.735093149125777945e+00
1.430056386936094270e+00
-1.500599351198275977e-01
-8.438095421867723989e-01
-3.468582557207438577e-01
-1.790229120219192005e+00
-6.119637910390469671e-01
1.251387061109688004e+00
6.513460733025999705e-02
6.440335279592213080e-02
-3.438672629406721443e-03
9.348084501040561101e-01
-3.691572300745662005e+00
-9.171854436910502617e-01
1.387608476374292410e+00
2.744973463655036472e+00
6.576366017419951193e-01
-1.221510769968613630e+00
-7.549058835159251357e-01
1.279843497457951562e+00
-9.238242237817684277e-01
2.090693231223328397e-01
2.228085350419960697e+00
1.318879881220602401e+00
-4.850240509463180638e-01
4.623329910862150616e-01
2.182507437037433107e-01
9.676211077877142630e-01
2.793262511260968139e+00
-3.055181774310653520e-01
-9.390869942659523240e-01
-1.498708497610938828e+00
1.514736071288393715e+00
-2.539269641377000841e+00
-1.301273438447285713e+00
-3.645054065665956911e-01
7.985057932727803731e-01
-5.612636058808218031e-01
-4.129740945183439926e-01
5.175534278508903130e-01
-2.485367903020925251e+00
-2.075836120892560199e+00
1.467491346382319151e+00
-4.793516044305475843e-01
5.292066939912662971e-01
-1.700165427013322406e+00
-1.670094757966086974e+00
-8.377511184435073588e-01
6.608376032072854622e-01
-2.193447473294024841e-01
1.757271786034857453e+00
-1.807151052045460338e-01
-7.151249843053111288e-01
-2.097778535600556715e+00
-2.896271394681446676e+00
2.648360757513084973e+00
-1.296638202277709206e+00
1.536562320308963336e+00
1.095003778147016327e+00
1.909787263502368271e-01
-2.065559623715387816e-02
-1.707142471721554866e+00
-1.200184859373317758e+00
-1.802193396903634115e-01
2.276890754129310857e+00
2.405174100439353424e+00
-1.523888192165475441e+00
-1.285342518183241634e+00
3.219781520188326418e+00
5.741026176321485153e+00
-2.107015508225239309e+00
9.676995955968661356e-01
-6.724084122721514234e-01
2.480773931639122104e-02
4.923899591386689534e-01
-2.117540554188985347e+00
1.524077499181891171e-01
1.634467116162620082e+00
-3.967191062784122257e-01
-1.351642143626069270e+00
-1.064203273898380042e-01
7.707938655286773744e-02
-1.425493021834685736e+00
-8.193455100527208268e-01
-1.185752065752406104e+00
1.655118875127409295e+00
-1.164711423686034752e+00
5.667707861013874249e-01
-1.669872826289531043e+00
-6.636855836412471898e-01
8.930872964028783167e-01
3.151198732039709238e+00
-9.327492050526298151e-02
-7.832469115606552901e-01
-1.800533215672858400e+00
6.675230859862557597e-01
-3.212891367605555382e-01
9.228205935030096008e-01
5.065023461079064537e-01
-1.082208184229188852e+00
1.581938516950326612e+00
2.183922600664267577e+00
2.495619403753660315e+00
-1.561616635697562483e+00
-1.871106399053549252e+00
-8.529785003388493658e-01
-2.839682243386552063e-01
6.155016526606128524e-01
-2.917960133900164843e-01
5.517180062864603940e-01
1.388469227233837699e+00
-4.789479756431374025e-01
4.230843127838025963e-01
-5.938822472130918406e+00
6.184357731341586506e-01
3.836791474416489933e-01
-4.389074057043447219e-01
-1.284078039712931663e+00
-2.570879731549134295e+00
-4.527433932439776321e+00
-4.961538037824683167e-01
-2.054630764959881173e+00
-3.823218223967158824e+00
-1.197376412136092805e+00
9.850853952628848553e-01
1.596475780821123625e+00
-1.829759720474469997e+00
2.239629582135119201e-01
1.034906886614571198e+00
3.873984425858145730e-01
2.478348411875310742e+00
-3.368870264405356973e-01
-3.522571420529904684e-02
-5.443378951984992886e-01
6.709779207416996516e-02
-5.231652441249333707e-01
-3.211811902957815157e+00
-4.879705981087154587e-01
7.540858617844371503e-01
-1.435840896749523976e-01
-4.550945162423251089e-01
3.559183871266724530e-01
1.710961080857839600e-01
-1.077150199216400317e+00
-7.233993924550218280e-01
7.899840007035797695e-01
5.171629146077053596e-01
-7.337413614530574613e-01
-8.643470461315458930e-01
2.754745006843642763e+00
1.983265739646650760e-01
2.141814602142949386e+00
-2.691987455498806581e-01
8.494753049878797091e-01
-2.662051227708393419e+00
-5.373429616340426040e-01
4.241624198851649541e-01
-5.633379081065130300e+00
1.973419167953647690e+00
1.341131746445952899e+00
-1.919981232271088967e+00
-2.403231368974298177e-01
1.268612116241401910e+00
-2.012013705261577745e-01
-2.720281447227668625e+00
1.392574615007361682e+00
8.826119759364094985e-01
2.268250275296528784e+00
1.323494210819859296e+00
-1.585307381611710476e+00
-1.305111745303843218e+00
3.116743569784837797e-01
1.280485133994861080e+00
-2.612355743411260978e+00
8.230678285394190663e-01
1.373634414217979272e+00
-6.908037501477153342e-01
-3.444687333248036554e-02
1.109932459037826225e-01
-2.570258756838931902e+00
-1.596334664315259833e+00
3.222330137471268507e+00
-7.674574201742796475e-01
1.055948404083990155e+00
6.902298476766020041e-01
2.782473419005745963e-01
-3.626454364038355083e-01
1.133475791486014128e-01
9.892282983794298268e-01
1.093004035542291863e+00
1.192972597226349851e+00
5.992037244015682163e-01
2.863160158425255286e+00
6.836978424165083279e-01
6.130844684533272027e-01
2.672823710290552324e+00
2.349878529418514272e-01
2.136325843334668129e+00
1.181550207767149696e-01
1.639095318903393661e+00
1.230136389561249821e+00
2.953933388678605110e-01
-2.733585757484143786e-01
3.352434710879279023e-01
2.790797934599309471e+00
-1.487819932920001476e-01
-3.658157051739569510e-01
1.605474547631510207e+00
6.312614224728160250e-01
1.798222597927842559e+00
5.158451460489446028e-01
-1.517426230248873686e+00
1.405074167773918248e+00
-3.258916751526068190e+00
-1.167247167994946544e+00
1.481106830806677710e-02
-1.769460787978194005e-01
7.034209945031382194e-01
-5.671935046213835152e-01
3.079903435677153745e+00
-1.201107223213411013e+00
-1.121459743087745986e+00
1.461862560468114580e-01
-5.805699917192430615e-01
9.697119060708601079e-01
1.070853402256130016e+00
9.707812215733010452e-01
-4.689502772602986980e-01
-5.166647228227909672e-01
3.736541461178592982e-01
8.595666617253518993e-01
1.871178857058738432e+00
-1.142029605302958828e+00
5.445371347932288497e-01
2.018338199251075160e-01
2.764447349786238739e-01
-1.605092790614804255e+00
-1.010305479175904741e+00
3.148561808945218865e-01
4.768055413200410209e-02
5.154024957396556861e-01
-8.037940093852823376e-01
1.609652828429287030e+00
-4.218707897130450912e-01
-2.398974947997875251e+00
-1.058727428010252769e+00
1.015346060549235929e+00
1.245618206580857645e+00
-1.538843811862908861e+00
-1.216443748383039924e+00
-1.149118579846937660e+00
-2.118828820258620849e-01
-6.147676744870360643e-01
-2.299712603091834229e+00
-1.659609011145930291e+00
-6.539541259591220568e-01
-9.592373191275365141e-01
-5.385222295851667118e-01
-4.592877470428077813e-02
8.545272020280686442e-01
1.105414144441577040e+00
-6.060204618017197564e-01
-1.167618909978752617e+00
-4.335775037154103728e-01
3.947255830492588657e-01
-3.063979052099503608e-01
-1.208955424707933934e+00
9.730671957099912284e-01
-1.489204165589711915e+00
2.287228340668508331e+00
8.049131361427845910e-01
-1.400544807788691726e+00
1.258642041262594713e+00
1.166285514929540579e+00
1.624655283619035107e+00
2.437129121271475185e+00
3.430046032421472990e+00
3.247111506588629126e-01
3.038394891782436158e+00
2.747247604993237058e+00
-3.108145030617460502e+00
-1.403570335436802985e+00
-1.141388621690521576e+00
3.879345496891901668e-01
4.487626973079548720e-01
-6.316312436573268130e-02
-6.618633621978446957e-01
5.298331441670557140e+00
3.079880734129115449e+00
-2.062611837199962439e-02
-7.778681698176661552e-01
-1.273631932089432928e+00
1.461706357622075014e+00
-8.488015580264334226e-01
2.020956596175719766e-01
5.239097248787004668e-01
6.135968723417906112e-01
1.551855487155099356e+00
3.953769340346869665e+00
-1.668116957492717933e-01
-8.255761054209915795e-01
2.048343730059604795e+00
-2.144250899110248521e-01
1.545876069716154655e+00
5.224162441300322923e-01
-4.152463443718272806e+00
2.033992812634675962e-01
-3.293941640224735234e+00
-1.876205096233693470e-01
5.254506670464195173e-01
-1.890965661859955182e-01
7.778344811042103846e-02
-2.392868745007252329e+00
1.179519993148669954e+00
-4.461458297371597159e-01
4.215723138209798160e-01
8.496881538306226833e-01
-8.602965113179724677e-01
-2.999703299969874171e-01
-9.662704968534258088e-01
8.400526704564525993e-01
-1.661953107773119331e+00
-1.593970424721204981e+00
2.927042877932983345e+00
-1.112363370896744863e+00
-5.033207966515255150e-01
-5.350519273385527796e-01
1.086823833996335198e+00
3.530317749859525622e-01
-6.801083865203698675e-01
-9.960448717585268508e-02
2.757027981527052085e-01
4.086690455356671858e-01
8.362360094564980084e-01
-6.347395264401570758e-01
-5.636155514506000497e-01
-2.899518444124273842e-01
-4.584677160783998673e-01
-2.687859718258424291e+00
1.268427602609079496e+00
-2.829454261372976731e-02
1.498877921503897870e+00
7.123130438003965059e-01
1.747632769200595293e+00
4.845252402892597510e-01
-9.357867027967083917e-01
2.471494098616364266e+00
-3.798947758786193063e-01
2.427570737376238408e-01
-2.551263261960279749e+00
1.100246690842860753e+00
2.253599370290510606e+00
8.064779176144426520e-01
-1.887026790241100871e-01
4.884918404902678368e-01
1.378551654377907276e+00
-2.082881540380197016e+00
1.029719154441705919e+00
4.768497719296337145e+00
-1.723825648735579197e+00
