-1.085246141520137542e-01
-8.425592792413811871e-01
-8.170808357613597028e-01
-8.688790258694973900e-01
1.665937987846295432e-01
4.612038029188423316e-01
-7.000556594702382895e-01
8.116461842486044631e-02
-2.610487774298693164e-01
-2.963236603475787323e-01
-2.888422617462893527e-01
6.359060006365659934e-01
-2.427264261569705983e-01
5.884882064683429892e-01
-4.010327044688288822e-03
7.501549417952591003e-01
-8.922057300955461567e-01
7.888547234918830142e-03
-2.310626026582316417e-01
8.504936126714908173e-01
-8.328865778927485586e-01
1.219664261941679761e-01
2.286077445054157664e-02
-5.157595124673026721e-01
1.847678645099866124e-01
-4.420869767584345578e-01
-4.329691653480440827e-01
-3.103000425949533625e-01
6.834928354076890145e-01
-7.657280074585770535e-02
4.706130631981106927e-01
5.337727622819272710e-01
-1.142209378262686315e-01
-5.818212225638939028e-01
8.655419543328009002e-01
-8.569428171777837555e-01
-5.208355630016094917e-01
-9.084283705830389355e-01
-3.179346328403636068e-01
6.218363157095185834e-01
-6.130929528211059854e-01
-5.146606560183353274e-01
2.568738990235630570e-01
-4.285458486685862489e-01
-3.321460968628842103e-02
4.685777470759378005e-03
-4.593960637031839767e-01
-3.826780865665726505e-01
-1.754916795891643400e-01
1.749902856498053438e-02
4.721899082019715976e-01
4.779961022546710403e-01
-5.074103065683222002e-01
-9.256039510730922348e-01
3.498252468649922786e-01
2.449584107477436046e-01
-1.535249381210923580e-01
1.960499756607019251e-01
3.834482707321458239e-01
9.879907967185608264e-01
4.289444090690237577e-01
7.803437545811802156e-01
-4.422583303774751950e-01
-1.838823877092645720e-01
6.003379259439483029e-01
7.924355980505612962e-01
9.815453415112764812e-01
-5.706114357630582834e-01
4.687179842403490504e-01
-7.595545783038994969e-01
8.237776002350856164e-01
3.783577300153140310e-01
-8.116522843492308681e-01
2.453616458461067573e-01
8.901664043405623783e-01
6.527713921907820627e-01
-6.362806870990238561e-01
5.941438751525032202e-01
-6.505078738212066725e-01
1.038682720228085721e-01
-6.206146990497536375e-01
3.172668986788704792e-01
-8.583523333011966461e-01
2.966932607990950821e-01
-2.571430112724648609e-02
-7.276975267100795897e-01
5.451659966526054557e-01
8.580977488638599215e-01
-5.504072365980303694e-01
9.356471203291429894e-01
5.956241867115199540e-01
-4.730818856810596884e-01
2.354732964228258840e-01
6.062786921699718778e-01
-2.614443913483626147e-01
3.516083642540663856e-01
9.395357011275300430e-01
5.128190360948838844e-01
-1.217003018651761082e-01
9.153947417306040890e-01
-2.594609134194429956e-01
8.757139573703458524e-01
4.067120465509004301e-01
4.038825886040384727e-01
-1.692791263304618266e-01
3.786340737841968895e-01
4.555225183979010328e-01
3.309399650914703894e-01
-4.713417485097146642e-01
-4.138645749738594226e-01
3.871260900007649219e-01
2.302765844767249437e-01
-1.469948352639054434e-01
-7.113887663478355439e-01
-6.979046859625359644e-01
-8.332446102913002584e-01
2.342968059866485930e-01
-8.150910136742939294e-01
-8.729610715198350412e-01
-5.394064204504191995e-01
6.293462327165559866e-01
-1.002938437451732501e-01
-5.317305343688978336e-01
-3.057661610525927998e-01
2.674171559174347568e-01
4.106857734244195868e-02
-4.107717945903555101e-01
9.687782872692933811e-01
-2.160861379023693019e-02
8.165314643929253435e-01
-7.835642680018388706e-01
-3.627739866336929797e-01
-2.233548806369825002e-01
-8.971709666271698858e-02
-9.318242672722516495e-01
9.242129190634260638e-01
5.302726239096984262e-01
-8.623154321144761436e-01
-5.388258735412250200e-01
3.874963499905046405e-01
-7.828404481086910227e-01
-6.690053849095061178e-01
2.141739530510435863e-01
3.935340104783877635e-01
-1.684803416030082879e-01
-8.709403797127648339e-01
-8.465429518617542115e-01
-2.447731141434572599e-01
-9.256264217886238654e-01
-8.192436595287955203e-01
-8.440299762829952535e-01
-9.575128805107480101e-01
6.853708038064292296e-01
6.571270010235477077e-01
-1.006197767479024563e-01
3.946683376183426351e-01
4.695275825477633891e-01
1.185760398276340943e-01
-1.059132720766651214e-01
-4.707243609063342937e-01
6.597775968272157066e-01
9.387295740339345329e-01
-1.615193086645327902e-01
-8.754623074568281815e-01
8.839775513057765988e-01
-7.441624855693755869e-01
-7.905957335404107944e-01
7.221737838783013341e-01
-9.548986965767127799e-01
8.213700501576517432e-01
8.288101589835046301e-01
1.082192826097354565e-01
-8.151604594604104914e-01
2.373551306390238036e-01
3.323525628320471714e-01
-7.884944755117182513e-01
5.423952649727992181e-01
6.975958185294139913e-01
6.055226531186435057e-01
6.480999662245290338e-02
5.421327531238375741e-01
-5.110545890661841728e-01
-4.392470258777523284e-01
-2.507019251901247969e-01
1.393665098745036079e-01
-5.388098248290769110e-01
-6.602227777627867056e-03
-2.948449300432971487e-01
1.251598797478006286e-01
4.607116838516738255e-01
-9.789293409333168494e-01
9.100422747140195501e-01
8.948417234819845412e-01
-5.199291914580723706e-01
4.985701018593804434e-01
3.122074041798437172e-01
-8.868969206979513409e-01
-3.751755772811371514e-02
-6.673416675570540413e-01
7.755340684380001015e-01
-8.955745327124042809e-02
-8.062650370589519166e-01
-7.384524761042838836e-01
-5.780432126160437445e-01
9.575707658741783312e-02
6.238047669348856239e-01
6.534045332600069145e-02
-7.557272074569385545e-01
8.439480388681441791e-01
-6.177680330398380715e-01
7.735844372932283441e-01
-3.947983334571032454e-01
1.024797863798689868e-01
4.132958240468382893e-01
-3.330726741687630721e-01
5.101940274428540256e-01
-1.742369932211287331e-01
-1.191426448954899797e-01
4.082255745699299165e-01
-1.440095522036810571e-02
-2.947988592243784289e-01
3.362448888172151484e-01
8.620941885519362025e-01
-4.223655556718708404e-02
-5.295959168728798794e-01
-6.787002652053648610e-01
-2.363259387579315085e-01
-1.715324809992384569e-01
6.873928542378755502e-01
-9.390937417698979051e-01
5.790195444936050428e-01
1.040537814433613040e-01
2.829699654707757972e-01
7.831138337372962610e-01
-2.754966550011055393e-01
-4.883565563914005203e-01
-3.432438314781882660e-02
-9.713847947611429223e-01
9.104930648238898083e-01
7.739302817704556414e-01
7.078525395167445389e-02
8.723392475435454152e-01
3.793224780687247666e-01
-3.057780246130090696e-01
-4.624608334070634541e-03
-3.798422720707419487e-01
9.443457512850774727e-01
1.551992184458967916e-01
6.879828486863119874e-01
-8.079652036885136557e-01
-4.738949118562567620e-01
2.350219148825229976e-01
-6.674932303101626108e-01
2.486211215681044528e-01
-2.690656272971612140e-01
6.718382783951137860e-02
4.924422539751824868e-01
-6.145504050615480107e-01
-1.083051941384243211e-01
-2.276653828104595600e-01
-4.419083105327681338e-01
4.030926869893811659e-01
-6.792059470419078426e-01
-1.837636798339012945e-01
-8.292546663834075016e-01
