3.904987377420119810e+00
-1.077150505837784156e+00
5.446064347065860956e-01
5.703232844753554076e-01
1.121194895679508585e+00
2.214671490751272120e-01
-1.456257313793523300e+00
-1.261783164298596605e+00
8.567785831670364782e-01
1.081365220255013915e+00
-1.591121747411404330e+00
-4.424242651494530998e-01
-1.278601550830596345e+00
-1.896534907481112198e+00
2.544260326117959714e+00
3.428722024455512329e+00
5.165905649192319427e-01
-7.150682128823662165e-01
-1.204282036054640237e-01
5.249316308692790756e-01
-5.097547015792275316e-01
-6.205361377757936392e-01
-8.667607949922440103e-01
2.389071292984832784e+00
8.712849498789808633e-01
9.282828597571444185e-01
3.983952057422728843e-01
3.277077697745769402e-01
1.013225089212691721e+00
-1.560415202738353102e+00
-4.815026564872580295e+00
7.906176842174318375e-01
7.315377661931630193e-01
1.579941798285013910e+00
-3.151415978568617771e+00
-2.261097121661307607e+00
1.713610997253364854e+00
2.841932580842189693e-01
2.579980200226713816e+00
-8.374061493764375363e-01
-2.657500912962711404e+00
2.079769322202968063e+00
2.276724474939613607e+00
4.659805951031644078e+00
2.742859103641364982e+00
3.864830082929896493e-01
-1.880273994580577979e+00
1.766225129705916386e+00
-1.939288427180434704e+00
4.318079824079775753e-01
-3.571399026213036287e-01
3.209448259097614553e+00
9.255296017505072470e-01
8.591189144928946808e-01
1.906538997089994636e+00
-6.444935777990313808e-01
8.207980294806294097e-01
-6.291202874242368681e-02
2.593194976279884489e-01
7.218840594540674171e-01
3.618781805199532631e+00
1.445511598847599277e+00
1.773139875160929968e+00
-7.405026685060491776e-01
-2.313048638166820048e+00
1.454673542277441056e+00
1.258376341691332945e+00
-1.566962180304805941e+00
1.619203270899372438e+00
8.804718306755096036e-01
1.406563503747863542e-01
-3.545946729089270444e-01
-6.066373878915253259e-01
4.892690043170452308e-01
-5.648486861331689646e-01
6.080242065497303283e-01
-9.647943811689683180e-01
2.085417046262454832e+00
-1.976756601967890603e+00
-1.533354899830650986e+00
1.273788977992497795e+00
7.094693316356498469e-02
-2.971841442208832174e+00
5.832071924286627018e-01
-2.029480533785369412e-01
-2.049874908329932577e+00
6.213614664785309660e-01
9.791956592771301482e-01
-1.452916037270800320e+00
6.189964261016633884e-02
-4.698636872483762383e-01
1.961802331826342671e+00
1.334348061150075315e+00
-7.689038922684472421e-01
-5.992953912566969521e-01
-1.704104233425596804e-01
-6.258749994207202239e-02
-6.390440874710562325e-01
1.046017406590799143e-01
-8.547407071114038191e-01
-3.184569682985696204e-01
-2.114351902831948848e+00
1.502007336115952718e+00
-8.358342902695128362e-01
1.625699396193076351e+00
1.295805422180004163e+00
-6.063732953220000166e-01
-2.527592684542969703e+00
-1.090672955681955436e+00
7.452807738480710098e-01
-1.911350159993248088e+00
-3.241429036397304175e-01
-2.559276798201814973e+00
-3.129024952254301772e-01
1.538666318099428887e+00
-5.527675963868246001e-01
4.974951740870700578e-02
3.631184617076754079e-02
1.450952572761712966e+00
1.369215598177718762e+00
1.143557416366464269e-01
-5.839880409019239105e-01
-1.654237572983711102e+00
-8.465735385703303528e-01
-2.958675174901833849e+00
5.368058033362016479e-02
-6.741274133992565532e-02
7.812395498588228238e-01
-2.981766811281392759e-01
-1.905385533697032896e+00
1.876138728407123590e+00
-4.288168220027310795e-03
-1.506169473007772597e+00
1.699043766660493393e+00
-8.996490920325888041e-01
1.248433914966838421e+00
1.157015094528614618e+00
-7.387573058627185940e-01
-4.547605419984633579e-02
4.103957471898248777e+00
-9.657742402639941659e-01
4.425343158291400458e-01
-1.257546715978934415e+00
-2.443179985353196582e-01
-1.847951966789292300e+00
3.237514441049639480e+00
5.346062211775735040e-01
2.570832476709537517e-01
-2.825080129209935342e-01
-7.068786584668329542e-01
