-2.222759622051157624e+00
-3.576152712443790627e+00
-4.627533281433097834e+00
4.720632569114029398e-01
2.470220742916903744e-01
1.124280445940081474e+00
3.910525669838673224e+00
1.335818443092370744e+00
2.308773855944592057e+00
2.023339783357225308e+00
4.088994887948500523e-01
-3.093550294920311750e+00
-2.221655842368473355e+00
-5.458222954443692210e-02
1.230542768016422706e+00
-4.297803925316033280e-01
4.355621729309285151e+00
7.486182082733583432e-01
-3.131033585597589930e+00
-1.563231646635895533e+00
1.131238983772143936e+00
3.529681842412245585e-01
1.820060557077057828e+00
1.637195943232512052e+00
1.333787861147785581e+00
-6.697938915262213744e-01
1.050464195574695614e+00
5.765402386187823414e-01
1.703444852433869450e+00
-2.264524108468118913e-02
1.140320372036413898e+00
1.489684567705271023e+00
9.785336042637899912e-01
-4.150667245679019679e+00
1.468342563498594711e+00
2.460935916093975884e+00
6.275643767778317506e-02
