1.723880874634015292e+00
9.701614739566071233e-01
2.384652948733698263e+00
-2.011940535554093135e+00
-1.301694973008714840e+00
-2.892315058587315718e-02
-7.216200854018827160e-01
2.747786588177833167e+00
-2.866639709155937021e-01
-1.064621125268435442e+00
1.114773173011446739e+00
-5.408983691173510522e+00
6.371432453194009193e-01
-1.863017698569184644e+00
4.028874130739451331e+00
-1.860801822213874468e-01
-1.568642467685045006e+00
-2.267206960292753593e+00
-4.522330574101295575e+00
4.805122299717984546e+00
3.104732780878362242e+00
3.023994676379115898e+00
-3.682831261782503196e-01
5.104792855669699314e+00
-2.634712772704425277e+00
-1.745290212433933785e+00
2.775908875288475741e+00
7.768581333732542671e-01
1.655996391623577146e+00
6.886030838545886823e-02
1.332162241578582318e+00
5.291606093478140593e-01
-3.294893159170222852e+00
2.313692163710150851e+00
-9.749016341907967842e-02
3.242824221330207202e+00
1.499163903375125839e+00
-4.169638848603003378e-01
-6.878519728617621398e-01
5.294936103571043162e+00
1.328963591501969299e-01
2.147005612954519638e+00
1.632916913034484718e+00
-1.900999220037649540e+00
-1.180549459309444771e+00
-2.485008376967284605e+00
-1.150086474520749968e+00
1.086548290224317093e+00
2.997861942310033889e+00
3.169755266113685632e+00
1.430932493549702977e+00
2.929482047312412796e+00
-3.932539442081656844e+00
6.077122677614158475e-01
-1.338936714932774441e+00
7.310610370168679761e-01
-2.429666541178261974e-01
1.989234658581854998e+00
-1.661720591718719664e+00
-4.332274279504343184e+00
-8.401014256135330704e-01
1.247067818101116776e+00
-2.728348344355487676e+00
-4.609011138704472543e+00
-1.902791352461683960e+00
-6.238491478823064540e+00
-2.406355300953080700e+00
2.066553706065880347e-01
-1.659704414150768859e+00
3.595887182501403601e+00
-1.598158910740945737e+00
2.115446326613297678e+00
7.990952367265609091e-01
-2.378849051341861198e+00
-3.481861520231754881e+00
2.888191045008123403e+00
5.112139002373157659e+00
4.564050138493686681e+00
1.891880202616549767e+00
-3.247883859572423759e+00
2.790958190341221279e+00
8.865585393839776618e-01
-3.576965070212790643e+00
-4.979404135024781297e+00
-1.280936897633524474e+00
-4.427866379706175692e-01
-2.007704172994349001e-01
3.587461563213843796e+00
3.282687567167259957e+00
-3.472124976824353393e+00
1.471393959451545275e+00
4.697218067721419921e+00
7.048654055608062352e-01
-2.165114803198623150e+00
-6.688293242112024473e-01
-3.975486041983137042e+00
2.424068752754116485e+00
4.009485646340792186e+00
1.023286070765063949e+00
1.996515410393621570e+00
-1.937551657484432033e+00
-1.449749644105278623e+00
3.015335848170970223e-01
-1.185821858072607649e+00
-3.134416001319985323e+00
-1.998138810276785637e+00
3.227718666285254834e+00
-6.542355125333902066e+00
2.984201816288966302e+00
-2.711392557704586537e+00
-1.348973861214683545e+00
-3.388284733493738710e+00
-2.315628645538017505e+00
-2.248566035744840708e+00
5.141324016582382583e+00
-8.243141897201153867e-01
2.570933922063547872e+00
-1.354870117150974496e+00
2.344256380478903168e+00
-6.562215401170425899e-01
-1.332254296047723496e+00
6.641995857055557062e-01
3.741714061778601330e+00
-1.716118809781922883e+00
-2.559716354537626692e+00
2.586860008522131604e+00
-1.624312780234586473e+00
-4.985400901935049589e+00
-1.696193254945860041e+00
-2.815436124555187103e+00
3.397476154353768152e+00
-3.074022680353415637e+00
4.731464958629372775e-01
-2.374335531954275602e+00
4.205665243509899121e+00
1.914390418652090364e+00
1.351906167717380924e+00
-1.714816909716748494e+00
-3.651915705695150116e+00
-1.607917805759326635e+00
-5.471140111620749202e-01
-1.657564068642717547e+00
9.406482317055581133e-01
-8.521142403441089863e-02
1.655319710550662293e-01
-3.500575360676380754e+00
-1.611564387966105238e+00
4.136992547789414942e+00
6.049008965472064681e-01
-4.437313304787640078e+00
-2.334140260773523767e+00
2.950367910238262503e+00
1.021929220655011239e-01
-3.385806907879944649e+00
-4.140037756794248125e+00
-1.857604916615144042e+00
1.499365316895123978e+00
8.407277303091454934e-01
-3.408445729367359789e-02
2.754560326767033995e+00
-2.747359602398848022e+00
3.141196737788140569e-01
-1.097907905321600097e+00
-3.171197067122593971e+00
1.780450096114197800e+00
-4.866153157615866753e+00
-4.027821354688218669e+00
-8.551726244667869903e-01
-4.919552228690040607e+00
4.709354725602867831e-01
-4.377016007043175172e-01
-4.629798207524044251e+00
-1.137502720443874571e+00
4.415298931727011045e+00
3.283373243205616632e+00
2.249319234757904074e+00
2.670300158256602607e+00
1.174902818875788624e+00
1.057081573678507969e+00
6.493055917713894232e+00
-3.601971539918918719e+00
-8.297404338810077107e-02
4.356020391846587181e+00
-1.142582671118675952e-01
3.450231269943651480e+00
-4.348097583321684390e+00
-2.047758395647382379e+00
2.428899813503202942e+00
-2.917752380628644282e+00
-2.754888239457712107e+00
-4.633520598311933192e+00
3.898628862550423957e+00
-9.029422919742456921e-01
6.198520883244780233e-01
-1.328524502945957364e+00
2.558658474094165136e+00
-5.326219888326222396e+00
9.899386438275037392e-01
4.000228993156862423e+00
-1.219752381647588590e-01
1.875481254137855602e+00
-4.673932196242484238e+00
1.032755330403616556e+00
-3.110007338366864271e+00
1.708989040456307951e+00
1.455310104227288459e+00
-2.393512522499577244e+00
-1.234578360026008514e+00
-6.690830297044055019e-02
-1.217677406846691124e-01
-3.392407290966216404e+00
-9.663774444643884465e-01
3.548532903241610192e+00
2.003832882306693985e+00
1.478955741856010864e+00
2.127242483022024899e-01
7.306422795355465016e-01
3.101812807837392327e+00
3.271974427503654859e+00
1.785931748500756644e+00
-1.638301157361354843e+00
-2.637192003978867660e+00
-1.005995728602549377e+00
3.093032852467985538e+00
2.611198005324135263e+00
-4.592853384772905834e+00
8.741712287700444950e-01
7.403023575172753556e-01
2.470385766628804824e-02
5.550857541511833304e+00
-7.085513818374078454e-01
-1.521252575647415783e+00
-2.587492290766684189e+00
1.137254663622217610e+00
1.812674017223466327e+00
-3.023976499298993925e+00
6.029156417702540516e+00
-2.293057329066801042e-01
2.780851515593124601e-01
-6.010356840088889596e-01
-9.877492943663805924e-01
-1.931433173416570392e+00
-5.254712968220132119e-02
4.221120983498126478e+00
-2.470232446925138881e+00
-3.208646460594061889e+00
-3.692199244638103561e+00
1.479492330223167063e+00
1.595907526639854357e+00
-5.334461784949904306e-01
2.901874331389583256e-02
-6.306240208608746567e-01
8.507611418785623325e-01
-2.612886592216497661e+00
-1.530736337726351870e+00
-3.869011708445639464e+00
-6.315557100143490032e+00
-1.029655900898122090e+00
5.938282601852453269e+00
-3.098979962034991154e+00
1.702559946464220486e+00
8.347027377912310531e-01
1.228898441530454022e+00
-1.327749149603653311e+00
1.513459483695841934e+00
