7.242336344951392224e-01
8.312946474829900900e-01
-2.109569209532292655e-01
-3.058200232438956778e-01
-2.004322773506769018e+00
-1.318971066823862559e+00
1.100247395689352370e+00
-3.483085853756381356e-01
1.331567033827504964e+00
-2.846477105106682282e-01
-6.753305841438017598e-01
3.075940908884903902e+00
1.045103748019702516e+00
-2.061139611786482750e-01
-3.725600463669608287e-01
-1.930958980773731959e+00
-3.266906797356298742e-01
-2.191117926894965151e-01
-1.988946949716692281e+00
1.296282684017442954e-01
7.236281559467988567e-01
-1.851448910827236283e+00
9.492409198958761118e-01
9.854782341961705328e-01
1.189510844688173030e+00
-3.800219012977036348e-01
-1.570522257355003060e+00
-7.699506938355312746e-01
5.945255388632821880e-01
1.140050646849168459e+00
-9.896850168636313061e-01
-1.029362287921805397e+00
-1.235289838034974830e+00
-7.154601855249060893e-01
1.356631796547413060e+00
3.274886467678557733e-01
-7.492999125947664707e-01
3.887204307980936413e+00
1.068675709723480249e+00
2.919020659286386543e-01
1.219686270569588782e+00
1.574929296817976665e+00
3.076318672904101437e-01
-3.074162256469426535e-01
-6.743022322347876907e-01
1.218431717331381892e-01
1.081990209739925213e+00
-1.336562671234753807e+00
2.413949509442563812e+00
-2.920226843475586254e-01
-4.646022305754612391e-01
1.056376339590006319e+00
2.245047260956697377e-01
-1.650227747014920698e-01
-3.524147390960858495e+00
4.111961383275285264e+00
-1.578715756070330656e+00
-1.828313372913188406e+00
-5.329715148187749163e-01
2.881506442813007940e+00
-6.309899527346686243e-01
-2.801479774973151260e-01
-9.685487171872708689e-01
-6.212532610224527074e-01
2.002468587171902570e+00
1.371199811706835581e+00
8.742170331669929517e-02
1.604995422412272665e+00
2.481219525240428436e-01
1.337881025151295811e+00
7.312897813482402976e-01
-8.501544050615058579e-01
-2.733039378923603380e+00
1.733422777706770557e+00
-8.018663459443801100e-01
5.890383127753531234e-01
5.277176304623828473e-01
2.486714060540899385e-01
-1.895930286750081573e-01
-8.251281925948552587e-01
-1.939560332823003996e+00
2.624491786325483522e-03
-2.755478763212964033e-01
-1.347763974834923939e+00
4.142545915708468751e-01
8.108696609889314288e-01
1.119443093997614325e+00
-6.150564718336316572e-01
-5.053460159985152522e-01
1.960467604801442887e+00
-9.703362573297742433e-01
-1.976695066227682762e+00
2.596298392516474540e-01
2.007610499622953792e-01
4.272432693286093430e-01
-1.953507166004772033e+00
4.531238877390147968e-01
1.077659800960229175e+00
4.432515103249193844e-01
-1.302065728044937032e+00
-8.988798836325451180e-02
3.729718186772527644e-01
1.407301410610522607e+00
1.958857044142130910e+00
-4.210501387831077635e-01
-2.699148379007089704e-01
2.303648968302058064e-01
-7.832900344246941371e-01
-1.735137025379823061e+00
-2.818059934237397535e+00
1.770207265875861635e+00
-1.566521171231781251e+00
1.593359550488432586e+00
-1.200502500271506623e+00
6.445550679694953544e-01
4.149621464804166493e+00
8.503941511975375844e-01
-1.405802697564346726e+00
-3.941924339467916205e+00
-6.899162609036257887e-02
-2.301025881399916262e-01
-1.125524146154496696e+00
-8.095041092979838870e-01
-1.858722601414315445e+00
-2.842158521748214262e-01
1.314012106952495706e+00
1.123915464527269203e-01
7.290625536899302261e-01
-1.167070105512711065e+00
1.877848868551418526e+00
1.901916629705850958e+00
3.416963110341068699e+00
2.855206780306273062e-01
-1.263889836846264547e+00
4.446348970010668977e-02
3.543964098979623945e-01
-1.912035234242682513e+00
-6.565121088827499118e-01
5.203870221489037551e-01
1.818843464644516184e+00
-4.455929464893748637e-01
4.379513602986840337e-01
-7.052833892659432502e-01
1.918747013369730192e+00
-2.199778566274179781e-03
1.354767906948464162e+00
1.043608026951420076e+00
-9.367257207859720491e-01
4.406450288021077077e-01
-1.857974962620713377e+00
4.234864324980370243e-01
6.247032712791451559e-01
9.382703330022775789e-01
-7.391649963521895739e-01
1.093605056811086440e+00
3.434384672516249681e-01
-3.787428113427177001e-01
2.306104933489325326e+00
-8.924492275118715012e-01
-4.777920320987842917e-01
-1.074195078598694231e-02
-5.040279758507018038e-01
2.703386432638587689e+00
-2.796844763625680130e+00
-5.701351698366735610e-01
6.058587122816936343e-01
1.511851136549129837e+00
4.382580437562462183e-01
1.163415338764070439e+00
-1.302661393959664293e+00
-1.408403429016363173e+00
5.060755128239011746e-01
1.411570804584318495e+00
1.116215715076013915e+00
-1.250843268555637433e+00
-1.799187502915065906e+00
-5.014220622257390403e-01
-1.362858213452897038e+00
1.074367228317178791e+00
-5.843535930923127175e-01
2.036528368061968131e+00
-5.669927660917267742e-01
-2.345523025127413674e-01
1.984223354853352550e+00
-1.484302246843872242e+00
7.733019631570725583e-02
2.281842041442783575e+00
-2.109223633926678332e+00
-2.943268100239138541e+00
-4.098118311149439030e-01
5.456006671965663024e-03
-1.723609812921689244e+00
4.517127529499309624e-02
1.303222508942450397e-01
-5.207845150840505477e-01
-2.923793435338813973e-01
-1.374350367040027221e+00
-6.901223607613062860e-01
-1.396077088628139062e+00
4.438117814073291534e+00
4.952857618833529374e-01
-1.220920680671932768e-01
-8.853917227572882798e-01
3.886493655476539466e-01
-2.618349837355262721e+00
1.162916849457344304e+00
1.054531567731024744e+00
1.257912003051810390e-01
1.031516451579995053e+00
-1.516060582510130761e+00
6.183647632122736271e-01
1.173300121368517024e+00
1.303869524108805189e+00
-1.456372868670078535e+00
-4.469547338863280039e+00
-1.089599985387881276e-01
-1.100894198502859300e+00
1.263066964503990919e+00
1.145846063265534065e+00
1.684150148297886007e-02
-8.896343402411609480e-01
9.555075971510248456e-01
-2.186444401446002717e-01
1.034337061371985556e+00
7.388950596475811761e-01
-7.139728148419453024e-01
1.056846862408523879e+00
5.451245272023290678e-01
2.591362150824679800e-01
2.062216921177674189e-01
1.852285107657100360e-01
1.524426320836211879e-01
-1.366187320210461298e+00
1.853570738810750074e+00
1.230108454927607564e+00
-1.258632653644392585e-02
-5.917105885155780065e-01
1.278854811900393074e+00
9.870060215629179734e-02
-1.164883387406174364e+00
-1.637704478663015939e+00
-2.547936449555097127e+00
-7.554850418266313428e-01
-1.312974432139287551e+00
-2.201050976921214097e+00
-2.672020727068041834e-01
-3.564382947918828037e+00
3.798294707226407829e-01
1.103347845890721324e+00
-2.681512374759940975e+00
7.023507517740138484e-01
-5.805986930434681170e-01
-1.918327423610341365e+00
-1.181673092983015483e-02
2.038172637132832588e+00
-5.414159986076716446e-02
9.129309395796092463e-01
9.089018182727710560e-01
-4.809522130269629492e-01
-1.172036315999041567e-01
-7.689365747465196632e-01
-2.476309914106483934e+00
3.287570595592611555e-01
6.127211093836815170e-01
4.539579437885096075e-02
1.879265858199173245e+00
-1.325566891293119554e+00
-2.872534050335256994e-02
2.853387870627095424e-01
4.232327043147957046e-01
1.709567025131064177e+00
-1.102355346199613617e+00
2.289565137240299642e+00
1.050397475950461956e+00
-1.805339281757722958e-02
3.730269969176697176e-01
3.016378284126405851e-01
4.344645587443390911e-01
-1.373838946238628012e+00
5.382954953328057401e-01
-1.053732242289891818e+00
-1.355021730460783447e+00
-3.487663886837624738e-02
-3.597326236549289180e-01
-2.101497027324588096e+00
2.331258798821396194e+00
1.188238096283822154e+00
1.118617187070445607e-01
-5.384496374079374981e-01
9.652208080815070090e-01
7.203952062415996949e-02
2.032509048473770008e+00
-5.056565315314866249e-02
-1.427921266548669577e-01
3.098146673889636382e+00
-4.092596880786514846e-01
1.394668325574497825e+00
2.644715109953998500e+00
2.118754120409990893e+00
-3.744358867162387305e+00
-4.064206650601998039e-01
1.170543170601169747e+00
2.129207699308253599e+00
-1.538500940247426729e-01
-3.097388158751236964e-01
1.213878671828853451e+00
-1.817758997565827706e+00
1.145029184328224259e-01
-1.881279121812984734e+00
-5.121568825338413955e-01
1.440722276884590425e+00
-7.873833776922924965e-01
6.912038149917257845e-01
-7.530684501969758804e-02
7.240074201413457811e-01
7.678774897364581964e-01
-1.175303746967339080e+00
-5.913674187103004076e-01
-4.953324874331192507e-01
6.931182015857001444e-01
1.677548817457896080e+00
-1.027666741340419909e+00
-6.056536476473471931e-01
3.649371421259347326e+00
3.879288747897279288e-01
-9.009785780040486802e-01
-2.060214090537025866e-01
3.422800334866368255e-01
-5.164296153202235784e-01
9.772619614202208149e-01
1.064516334461626190e+00
-2.669359365256292804e+00
-2.048959636714003274e+00
9.260312212276308186e-01
1.007857836420886111e+00
-1.452737116916323235e+00
1.961116532294273851e+00
-1.692181921860606231e+00
-1.936260404612202723e+00
2.549296866658983696e+00
-1.905617099957254701e-01
-3.604641632399541162e-01
8.939832021877672785e-01
-1.494724852304642360e+00
7.927339210580883755e-01
6.340037215048954788e-01
-1.033970032255244753e+00
5.151695298314045157e-01
-1.431194241638433340e+00
5.399303232503269712e-01
-6.651179713804669102e-01
1.193369290959345408e+00
-1.877519271141590007e+00
3.187529229163238442e-01
-8.191427310637572345e-01
9.434969650261418872e-01
1.434552397761315601e-02
-4.105326006141826412e+00
-7.720463668630481724e-01
-1.100612023821935459e+00
-1.664898524182783390e+00
6.145536387921953780e-01
8.991572651791119863e-01
-1.550858467488106074e+00
3.948982969341874316e-01
-2.052756265841011452e+00
-1.108496000191090847e+00
3.844490947111506296e-01
-1.675401132797528225e+00
-1.790005965577438740e+00
6.066865924681255073e-01
4.430977333696217713e-02
-1.562901225498101176e+00
-1.777933467050654137e-01
-4.224284814339324678e-01
-2.149470175650797010e+00
-2.043338562874381203e+00
1.302092655133674448e+00
4.138231796060130030e-01
-1.607106277024032970e+00
-1.687672182978569246e+00
8.268647494345683635e-02
2.240344533542385719e+00
-8.196118561355250076e-01
-6.335445286061944792e-01
3.533823496628548666e-01
1.200353940071611891e+00
2.631071478886683135e+00
1.903523893690667101e+00
-3.014467152974983910e-02
2.067514495621444404e+00
1.345865557119768186e+00
1.865457035558852672e+00
6.870806902004766847e-01
1.224400130804003339e+00
2.783053792506169799e+00
1.664415272813240865e+00
1.872026784562468849e-01
-1.083218289199421980e+00
-1.365767499764132253e+00
1.282745397249207109e+00
-7.719870401646350411e-02
-3.100635141425103214e+00
-2.122126958187083634e+00
-2.517878023344961136e+00
-7.822065805447819820e-01
3.656776734745613711e-01
4.841271392080415126e-01
-8.380805499127604863e-01
3.536540779806677026e+00
-3.045570829799461032e-01
8.002658027138932484e-01
6.719746235404079615e-02
3.989496016093120878e-01
1.010327829520808018e+00
-2.191121459746157019e+00
2.338658005678673213e-01
-3.804351660083430398e-01
1.357669562945875263e+00
-1.052851480315201371e+00
7.264736079101097310e-02
-2.920142927468248661e+00
9.475230028060170895e-01
-3.454249425381941685e-01
2.332067818274351501e-01
6.978327277686862118e-01
6.342061547584820769e-01
1.097698017262176196e+00
1.634171675521353118e-01
-6.023878758171608006e-02
1.150207962014813345e+00
2.609425876711164438e+00
-6.088280855395677982e-01
1.008485883839871367e-02
9.330604237388812061e-02
1.283263709152774545e+00
5.355990770698256576e+00
-1.565319868223053357e+00
-8.058068546869847637e-01
-1.267424052842776483e+00
-3.493232242515091901e-01
1.294441961490383486e+00
-2.300730921538008289e+00
1.520663876921748425e+00
-9.334219328377413305e-04
2.584152001650074304e+00
2.305123259162870308e+00
4.150291519310225774e-01
-8.573863653675861674e-01
8.122275309246532737e-01
1.193182234441164224e+00
-6.224646535218791854e-02
4.620133469597153542e-01
-1.597240451646710913e-01
-4.851257987222117873e-01
3.399696452129453705e-01
-1.579967565945620933e+00
4.194448261273739931e-01
1.665125919932153309e-01
3.865274126872294547e-01
-3.494405169204467310e+00
-2.356691601819059123e+00
-2.456209388007744465e+00
2.348253258517221553e+00
1.305352806920319519e+00
-1.297714370393289629e+00
4.887001060987919976e-01
1.205064946073155729e+00
1.387861141902609452e+00
-1.147694642739057302e+00
1.412544145098244996e+00
-1.386691808961080463e+00
-2.248215501739323940e+00
1.867104278928793937e-01
1.609817797066155354e+00
3.001435757317580499e+00
2.916443507500447563e+00
-1.727944149976401889e+00
1.522019139786695563e+00
-8.821887714156836369e-01
5.356853449684705337e-01
-1.819295521709246577e-02
1.220660977298690053e+00
-5.631077355870008905e-01
-8.807405904604223568e-02
2.227966654711506678e+00
1.132190278538315088e-02
1.809676176777763601e-01
-1.460245106407231930e-02
9.434935659919386763e-01
4.355345027369058597e-01
1.995541817872511503e-01
-7.477883865822754217e-01
1.116756138042831692e+00
-4.339983227872087346e-01
5.920454822759074753e-01
9.328807534545793256e-01
2.231009558009347804e-01
1.425115498355387977e+00
-2.997684301236962501e-01
3.105002580213304109e-01
1.917734440330301826e+00
2.444172215898461786e+00
-8.657872665000738710e-01
-3.369888911497431749e+00
-1.365980792279428035e+00
1.146061330817630841e+00
3.044474108812975088e-01
8.880747721614671297e-01
2.607099954323627844e-01
2.778101015770291227e+00
2.264223636784882032e+00
-1.286187491393168125e+00
-1.740665004614597722e+00
-1.954150607755357205e+00
-1.631450262917508498e+00
-3.737276580702832085e+00
2.404227698743666153e+00
1.600637097703848433e+00
-1.566265197920919228e+00
1.548913325623130888e+00
-6.034851095213012995e-01
-1.096672275027677390e+00
-2.319193649322806916e+00
-1.434012361244441924e-01
-1.431860116001997474e+00
2.141022522457699306e+00
-3.287579650919507657e-01
3.273270656646627863e+00
-1.617900650619119141e+00
2.133409984046211960e+00
2.408316089583439901e-02
3.404362831310435489e+00
-4.858204345681615410e-01
3.567258998628475286e-01
1.788518547988738439e+00
-4.152187799983661165e+00
-1.260751506368670283e+00
-2.055677618594978551e+00
-3.994960441591421940e-03
1.118072261128879363e+00
-5.800510652928808630e-02
-6.735954087527649126e-01
-1.431364015820428603e+00
-1.353547958373018778e+00
-1.134045041954876709e-01
3.213715108889378946e+00
9.040009228002936492e-01
-1.107800556908845380e+00
-2.046822129237150900e+00
1.981248164426149483e+00
5.993953452943648896e-01
1.150770858490415050e+00
-8.181018222045076671e-01
-2.135472144258999894e+00
2.937239230064736528e-02
-7.907106132686592126e-01
-1.070998216285479421e+00
-2.206976066567616801e+00
-2.839384510933201100e-01
9.245934890163320929e-01
3.255817359964491509e+00
-1.510462069650320815e+00
-2.078260425012789625e+00
-2.614493128539503886e+00
-2.818204942774857447e+00
-5.833028148637945387e-01
-8.351509614635985734e-01
-1.248893060942794619e+00
7.692868938536259193e-01
1.545839829601974191e+00
-6.240412932381469435e-01
2.307684570534123569e+00
7.120416710135690774e-01
-6.857160458450605178e-01
1.523770208624491085e+00
-6.157702750553472049e-01
2.372512277926245972e+00
1.528376997658963177e+00
1.503896971607608712e+00
8.658632704467558172e-01
-3.162120644393521252e-01
7.947252104012482166e-01
-1.794960101460174151e+00
-1.775462516135639213e+00
-9.350608048796226202e-01
8.445587594321102287e-01
-3.866591522062648445e-01
7.074436039546689869e-01
1.090854080315873720e+00
1.867022182794420448e+00
3.655069822810895097e+00
-1.179082130157339092e+00
9.103067817998354849e-01
-1.212846967869422699e+00
-3.503330054364899304e-01
1.610501579222904267e+00
2.887249779379641890e+00
1.557944307599842926e+00
1.196592831930209488e+00
-1.354761011342242583e-01
2.511193114912597224e+00
4.043888393269496895e-01
-8.201808630848657078e-01
1.184475051635614840e+00
2.009220481217121712e+00
-7.909202972703888168e-01
-2.198943520671923224e+00
2.824159743878460027e+00
-3.205143788748299749e-01
4.750906435201714961e-01
1.383489394480899026e+00
-1.345911303774962375e+00
2.785765698500915377e+00
-6.711630352278590284e-01
7.275607921885094420e-01
-1.275104546602362499e-02
9.444999200719770283e-01
1.379558594625031720e+00
-1.799831078335383916e+00
-6.041315137438820759e-01
-4.164037272330979866e-01
8.275295507653896987e-01
1.206603931198645840e+00
5.116264766129612340e-01
3.165664668898156009e-01
-1.298062679183247525e-01
1.327709319201665794e+00
7.796709390283595997e-01
-1.551169180545590165e-01
2.042092580644924382e+00
8.391662469000960023e-01
2.440621073423123732e+00
1.435480333507834327e+00
1.321155167558721866e-01
-2.280281411826929006e+00
-1.151433429848612633e+00
9.689001099187786181e-01
-1.215626662780829426e+00
1.927533104639365558e+00
-9.448978745850201699e-01
-7.836231121949499556e-01
-1.169259855006254512e+00
1.225901692705136048e+00
-1.273876044134236274e+00
-1.520121819806468988e+00
1.169068504505389461e-01
1.357391332061079536e+00
-4.721186516908124631e-01
-1.182802769618651051e-01
-1.178202775502312116e+00
1.106593846171105344e+00
-1.826344499001213428e-01
1.605507936628758792e+00
-1.303784103523598858e+00
-1.874984151588114267e+00
-3.627426246494463324e+00
-2.197510409821441524e+00
-1.323739529279202021e-01
9.845201840639359325e-01
1.128576838739334454e+00
-2.499025123770894474e+00
3.791232645848015004e-01
-1.256773541718319676e+00
-5.086179895338400342e-02
-2.555951324001233260e+00
6.126413028229913404e-01
-1.195667526182168316e+00
1.110765226874481426e+00
-2.159209918874100687e-01
-4.680443909809539615e-01
9.992770900125556022e-01
-5.204473738622305001e-01
7.710322316530284770e-01
1.443307647086117917e+00
1.238016734347878955e+00
9.510116700837105697e-01
2.410168869653597667e+00
