-1.817728555008710570e-02
4.511237095973382738e-01
-4.126632984056220477e-01
1.389636382961594308e-01
-1.060458231185537059e+00
1.234167944228791447e-01
1.944260049140454083e-01
4.242171914084972295e-01
6.298345888312636420e-01
1.384141894712321852e-01
-6.900412938359711257e-01
3.312831025668926954e-01
-1.268497653759777188e+00
-2.826637324660307149e-01
-1.506405876150907375e+00
-6.890545471157867308e-01
3.326921942945509914e-01
1.782062665462467388e+00
2.796911948306188833e-01
-8.170764283665910011e-01
2.033691661929811101e+00
2.078469272280895730e+00
8.708096444648567580e-01
-2.946908359266328103e-01
-2.910406882759943303e-01
-1.581655479176690804e+00
8.740995181397350766e-01
-1.874606031619335117e-02
-3.419689998835570566e-01
1.378477262242947532e+00
3.302606653518767865e-02
1.515669498511506674e+00
-3.924633603982937147e-01
2.757407893087919781e-01
-4.688687166632268810e-01
-1.640871800170331296e+00
1.074777391223002282e-01
6.976282591361410157e-02
-3.877049822441665516e-01
-1.472225743319993951e-01
8.146735480841903188e-02
5.471721094199823998e-01
-4.088767647910653280e-01
3.984929252047131887e-01
2.625647191407498929e-02
-8.408946721422717596e-01
-2.523635956455001939e+00
-3.327005573689952866e-01
-3.563146574702431013e-01
-6.288537532205059621e-01
-7.398281307114211724e-01
-1.848450541003797243e+00
-4.175795755238209672e-01
-1.269443520359302191e+00
-3.875117437467807679e-01
-2.106516258631224492e+00
-1.229766669444026350e+00
3.641227816098371872e-01
-1.422163173770005506e-01
1.143722823490262108e+00
-3.910398805045528503e-01
-1.124144149249613145e+00
1.330454090885268226e+00
1.978427429805973192e+00
1.575958753621914621e+00
-9.359109837030802348e-01
3.841720339082457802e-01
-6.879596556049990541e-01
-9.619741867184354867e-01
-1.523280768393139306e+00
-1.642276791033859054e-02
5.179889984779699752e-01
5.444423598734603464e-01
-4.440757317493396750e-01
-1.753013548917006448e+00
-1.940178017544861078e+00
1.223366399186476938e+00
9.394324570246181949e-01
-7.361464172696345898e-01
5.040692173975737100e-01
-8.277567103533994830e-01
-1.990882234597209699e+00
-2.967434256462976316e-01
-7.027503260813420249e-01
1.195848485126806748e+00
1.088328393209534450e+00
4.537274062778480777e-01
7.392898227963620172e-01
-4.915991617027454241e-01
3.015796907362478657e-02
-4.585139180670665116e-02
1.000415822305514180e+00
-3.708468916892047051e-01
-1.308378465698544435e+00
-4.786013456146143707e-01
1.184492915860764495e-01
3.716048082722582524e-02
-1.018739063145306156e+00
-7.892271801331420811e-01
2.086047390253019884e+00
1.352508619046327354e+00
2.626148508569836171e+00
1.251179218145686445e+00
4.906505487648530894e-01
8.178968623948431604e-01
1.167744521151382164e+00
9.804547512344634862e-04
3.903866403815133279e-01
-7.738252750152403436e-01
-2.357155827253888114e-01
1.400362453579544031e+00
-1.661617676088659457e-01
-4.535796237431352629e-01
-9.003720487912938442e-01
7.147222450037949981e-01
3.602264592325228887e-01
9.602691628532709911e-02
-6.887694207227364196e-02
4.604137725760582556e-01
2.484705294232188166e-01
-2.500202827553529294e-01
-2.316628960429052420e-01
1.319970114619021251e-01
-2.228416572939295293e+00
-2.029309884035723488e-01
3.942849489962983456e-01
-4.425667284687207492e-01
4.116153615146413425e-01
-1.032872650829647077e+00
-2.352106827250747823e-01
-1.463738537398332928e+00
-9.506035715687136678e-01
-1.823308318496970060e+00
2.415405757658586783e+00
-2.364370097987625319e-01
-1.157938136092325210e-01
-1.338789279130244481e+00
-9.353953661453009438e-01
4.389222735621638449e-01
-1.572519597895586596e+00
1.701632369038252657e+00
-8.192954277984102474e-01
9.899620534372460812e-01
1.157142933225869141e+00
-7.196305517495942272e-01
-2.038963504942191030e+00
1.637431891435129350e+00
-5.322550350037112965e-01
6.638218786633417468e-01
-8.584853480034151940e-02
-9.830983221657806359e-01
-1.578934494831424062e-01
4.828037189381782779e-02
2.954158384112073876e-01
1.083311131069312871e+00
2.283376802997328925e-01
-4.416854273590253843e-02
-1.298717325680262880e+00
3.177687185839771916e-02
-6.863875323498317416e-01
3.419311320150478228e-01
-3.514489600411550563e-01
-2.638573709665172906e-01
-6.773443020949583282e-01
-4.712174108968325004e-01
-3.599897987030284963e-01
1.689511338062128276e+00
3.935406382373082268e-01
-4.664159585672045805e-01
1.375356218865065649e+00
-1.868490818290542421e-01
4.907115870351200781e-01
2.576330443323572861e-01
-2.802600850455535531e-01
-6.236792930482298880e-01
-5.772358927054420663e-01
-5.980826260869807065e-01
5.535581908444238142e-01
1.708867873843894769e-01
-1.070971684857217887e-01
-1.075021980353650264e+00
-2.027264493627222719e-01
-1.728617990838640983e+00
-1.777687422637650894e+00
-8.811428112177354111e-01
2.096993067604940586e-01
2.563870171503205508e+00
5.315386641432387482e-02
1.252997193020860822e-01
5.252859466105063158e-01
-1.055494991426316309e+00
4.222273567691308127e-01
3.199620705624162675e-01
2.356924014430068215e-01
1.799480995509229686e+00
-2.998522830898737723e-01
1.363073492709230061e+00
-1.763783037548078136e-01
9.935029269610261560e-01
-2.229349720281621927e+00
2.860213242672945966e-01
-3.719050660232177563e+00
1.335728422074475563e-01
-7.125812348162763321e-01
-5.380635531109816405e-01
3.257399712631095512e-01
-5.613248063924899389e-01
1.321124454779782242e+00
1.791138992509947236e+00
-4.975712007692784655e-01
1.625810631103594139e-01
-4.729732989954598121e-01
-6.749379748697730275e-01
-5.070916785081464040e-02
1.516412890960167292e+00
6.613013618474208877e-02
7.056951103215159948e-01
-3.595707005473612328e-01
-4.726563870408933554e-01
-2.098768969128426143e-01
-3.143672220275857687e-01
-1.198245536856695548e+00
9.829749521041148963e-01
-5.976936651177487958e-01
9.052970108811274619e-01
-7.430388003033496780e-01
-1.005014280464086474e+00
-7.437657570064520884e-01
-1.641567032636218337e-01
-6.213314184577934940e-01
1.539138085217397756e-01
7.067275096993300698e-01
-4.647349657420188906e-01
-2.959354563422639806e-01
-1.746002121501027071e+00
-4.699849859889432269e-01
1.263235796049558601e+00
1.017668355072750108e+00
-2.869819469521088795e-01
-8.561860729663457459e-01
5.603858455164699715e-01
4.845619800986417647e-01
-9.705281646576013888e-01
2.547002428428388199e-01
5.567611648137701374e-01
-1.980686164896501289e+00
3.570227298746185829e-01
4.451529739935475849e-01
6.067104938443413920e-01
-6.628715515385222856e-01
-1.176659508304128465e+00
-1.856145679574059959e-01
6.483532712622233074e-01
-1.486199996824890401e-01
9.875632629401793344e-03
5.128126185481888255e-01
-2.659253088490873829e-01
1.146197324149645924e+00
-8.636031623292477200e-01
3.085091730270952265e-02
2.438467704298572514e+00
-6.297499687433537607e-01
-1.451257399518402602e+00
2.088080159859846407e-01
-3.241972225560202925e-01
2.556720856049019108e+00
1.504820156486997018e-01
-6.396812004813484664e-01
-6.433237450923747769e-01
-2.039690696522001190e+00
-1.065403242054240307e+00
8.481517715551177838e-01
-4.354932769240575929e-01
-7.100758061148181310e-01
-6.487214206864464483e-01
-1.426326371048225683e+00
7.276076739597454601e-01
-1.364355002508747639e+00
1.588678124334098829e+00
-5.334405749571953237e-01
1.157487243572455027e+00
2.417245679811436954e-01
-4.360236061814534714e-01
-3.842378885182216597e-01
-1.355401643864053041e+00
-9.661252279623105954e-01
-6.137317851785897282e-01
-1.008828749208768860e+00
9.228641625912821500e-02
7.570162563982857362e-02
1.208085993229069288e+00
-3.379050423389114433e-01
1.777061219406314674e+00
-3.653274559405403910e-01
-8.646554020867458501e-01
1.429380699917939479e+00
6.757504922247797863e-01
-1.524576993804333813e-01
-6.491023933601122176e-01
-1.108320805770183437e+00
-3.325090393528860044e-01
-1.443890383293609858e+00
-7.922606596354893060e-01
8.336507018448084949e-01
-1.624866545692486494e-02
-2.334122857552375585e+00
-6.034009117259393484e-01
4.600980819993506499e-01
2.907835768021944656e-01
-6.455489213951381977e-01
-2.918479797315749469e+00
-1.597952913515578777e+00
2.885868375550572629e-01
-1.515332808788318664e+00
-1.162835809137452436e+00
-4.759001336826108042e-01
-1.838893033350373907e+00
-5.879246279732645020e-01
1.178881638879212268e+00
-3.144608204328420697e-01
1.324144239775222109e+00
7.718222038170201305e-02
-9.717022157032134677e-01
-1.013554699897373235e+00
1.062331539737172870e+00
1.244519906205518334e+00
-1.736022589903081892e+00
8.007867934584714797e-01
-3.409578551897805565e-01
-5.901585140619710623e-01
-1.686307156430161713e+00
2.451001053460521162e-01
4.237399882655245031e-01
-1.862617226158035447e-03
6.695879711191098371e-01
-8.367727783036053857e-02
-2.325893408658440478e-02
1.999773686313270904e-01
-2.594674939122614266e-01
-1.957452097906750288e-01
-1.736899761645716245e+00
-1.123255048517297183e+00
7.563428020655100781e-01
-2.089668110549967039e-01
-1.976891497288185029e+00
-6.380107487894378648e-01
6.602132047531066306e-01
2.237706121782213550e-03
-7.750292057331151230e-02
-6.030929173351176065e-01
-5.228123441374118441e-01
-1.045349746763664989e+00
7.051654538100624592e-01
-1.027005294484764741e+00
1.496906753124146450e+00
9.103872041724500042e-01
-3.802723151563752735e-01
1.868598826253202949e+00
-7.740808632220875785e-01
8.315652710387082536e-01
2.293607129524751209e-01
2.726155523607760034e-01
-5.698139442379838160e-01
-3.212556796126725400e-01
-2.061495846086112582e+00
9.067578215954190668e-01
5.216738779943714821e-01
-9.380408914237736706e-01
1.213653781537348708e+00
-1.054647153927970926e+00
6.643814596042160181e-01
1.517831002966488541e+00
6.299923290332342107e-01
2.212114304935610953e-01
-5.566891197912082062e-02
6.820632869949806720e-02
-1.781240692658809521e-01
-2.342011885196032261e-01
-9.636493795112794913e-01
3.906181599033650698e-01
-1.456466498301619561e+00
1.786360259001689821e+00
4.473109710354572499e-01
5.621081154226768017e-01
-1.289576959993746108e+00
5.004746035613334421e-01
-3.160266736610934379e-01
-1.202322942597377597e+00
4.792837633679591924e-01
6.874351291004334730e-01
-1.925277513275271524e+00
1.626677657761896878e-01
-1.550676458144474024e-01
3.631612040114826634e-01
-9.508626469175380791e-01
7.908312622144846316e-01
1.437388028037417387e+00
6.131249872902148068e-01
3.619169170901976873e-01
-6.332476775552031700e-01
-4.027325709565141021e-01
1.401559729497272866e-01
-1.033090783045834238e+00
5.893915385936650264e-03
5.900068586683931970e-01
-4.171224773732026270e-01
1.265839712092251268e-01
6.627034018958680717e-01
-3.362379360439969080e-03
-2.525725796788749200e-01
-4.768791545688852995e-01
-3.345546241133181553e-01
4.520329420234683870e-01
1.816330568981246341e+00
3.094749035879541532e-01
8.286322088027007204e-01
9.095760180390950467e-01
1.126100920191954957e+00
-1.086535339855271509e+00
3.066278411895297373e-01
-2.349429310857509279e-01
-6.021518116564077427e-01
3.722162603079842702e-01
2.734439966625352714e-01
-1.204280414348756878e+00
-1.067874753628675233e+00
-1.035328682238437548e+00
1.145670538955701367e+00
3.305688679173803823e-01
-5.376567293110294798e-01
-1.294594478948472016e-01
1.301553858148850384e+00
8.713849036049174657e-02
4.957525171246267015e-01
1.174548562370127058e+00
6.784392550108372943e-02
-2.272978385702376869e+00
-1.915358199748969259e+00
-1.415852431742434137e+00
4.158683991344049868e-01
-1.157120515751433709e+00
4.597010658491800239e-01
8.051181836862562058e-01
-3.031477079508412498e+00
1.192702966188379454e+00
-1.490948796080616701e+00
5.868326928548716070e-01
5.619102070186725584e-01
5.410592560666876993e-01
1.117306479298267430e+00
-1.171213448421516423e+00
-1.144429708823817282e-01
2.026465396038667766e-01
1.656439915921771755e+00
-1.881172280880554881e+00
-6.339714064350104872e-01
-7.369507857849332266e-01
1.240344808829854095e-01
7.150227286560090212e-01
-5.130499488839449646e-02
1.253707321823121168e+00
-2.130667321977870898e+00
7.328987794534093103e-01
1.436458941701418635e+00
1.040489261714433455e+00
-7.309476749392235240e-01
3.121151549236437228e-01
-4.064099302831176708e-01
6.912189615202027904e-01
-4.786699472364847052e-01
-2.259715199223777837e+00
-9.067620684848305412e-01
1.075933072931721246e-01
6.789627980876073998e-01
4.901944049971580508e-01
9.154309272635160477e-01
-1.836984208981098377e-01
-6.747007085177727514e-01
7.357373175659647213e-01
8.088341490379282739e-01
-2.219322523772729039e-01
-7.515343840942196874e-01
-7.049838882973170628e-01
2.364537929873875011e-01
-9.476358683066284927e-01
-7.094965757010213148e-01
-1.825683516897838865e-01
1.524263904647480718e-03
1.457058716188386782e+00
-3.873413896102398390e-01
7.737419947778917395e-02
4.373157916770231690e-01
8.444795862395490516e-02
-7.307547935422008534e-01
-1.558497242350404210e+00
3.824097089349519640e-01
5.001847937490117024e-02
1.930477343937919144e-01
-3.265073424512754396e-02
1.138604672175915766e-01
