-3.525930697662684743e-01
6.054786085842498444e-01
-1.276778370306108412e+00
1.747832684562197203e+00
1.348029646117813396e+00
-6.004370547676374237e-01
-1.926310614223336382e+00
-3.501029408171068891e+00
-8.418043764408825735e-01
8.259554592989293287e-02
1.738998915169893689e+00
1.716427419602442050e+00
-1.895041751149860954e+00
-4.221045361199367019e-01
-1.749549003984197437e+00
-6.212594257438294187e-01
7.012116061680685464e-01
-9.834435222645082630e-01
1.907037501455176309e-01
2.851198791018417111e+00
-2.897229148012450572e+00
-5.094816126641856791e-01
1.225559149078712995e+00
-1.164695993832311816e+00
2.887496607395085846e-01
-2.834368400777710129e+00
1.469082248229584220e+00
-2.137818431403903929e+00
2.201749646715201791e+00
2.200326831365896130e+00
6.105402153166411550e-02
1.894172027831340088e+00
4.309485890193674784e+00
4.668536671715959319e-01
2.481161152355659816e+00
2.708372747889363108e+00
6.666830155582819106e-01
-1.982552877430220795e+00
4.103259238031712997e+00
2.318557018860998742e+00
2.965264852497778492e+00
7.284594964020520980e-01
-4.743492159370803485e-01
1.677684880016225843e+00
7.956117620590927864e-01
6.983288423947475732e-02
2.447127055075205559e-01
-1.941295713083888597e+00
-3.656465304159782548e+00
-5.101592214331004627e+00
-2.217621613584090934e+00
2.055950881966555066e+00
3.150913509632186082e-01
7.895440948931530256e-01
1.043545835802464739e+00
-2.958647500776712569e+00
1.195535175020170371e+00
-3.999818790277186453e-01
-5.853458934866179852e+00
1.354652456364019431e+00
-1.138806851541865006e+00
6.975541206839411812e-01
-8.902005788267870479e-01
-5.835992070483171368e-01
1.839787535824291442e+00
1.585884648398189212e-01
-5.710370673921142393e-01
-1.523303866284139385e+00
1.136429041874824186e+00
-8.450731818564212183e-01
1.481225148869431907e+00
-2.368443808334891321e-01
-3.507014978829320340e-01
3.525424941420045588e-01
-2.411123389295075192e+00
-1.053553913201234371e+00
-2.619419300437333398e+00
-4.234879579880250766e-01
-1.353513915617525987e+00
-2.312064616904701886e+00
4.986284127397538235e+00
1.872316951376252314e+00
5.343868760242513005e+00
-1.417017419939842204e+00
-3.444749975614770587e+00
-8.323336977479063314e-01
3.226893354793338720e-01
-2.275629330319944854e-01
-1.297349016208951156e+00
3.219791158408392473e+00
-3.094117776881033510e-01
-2.270321821918253935e+00
1.280249274445437901e+00
-1.110781573627633634e+00
1.189407118277175046e+00
-4.266185979133664041e+00
5.813425610901290508e-02
-1.617591090369782103e-01
-2.472131187838539468e+00
-9.351620167757141999e-01
-1.682556225720226895e+00
-1.149942363191247985e+00
6.204218315922505056e-02
-1.338653244887866967e+00
-1.350637882879174523e+00
9.386102365077207965e-01
-1.476768229631680196e+00
1.486490728898156810e+00
8.101397299862115320e-01
-2.774217886992496496e+00
5.398063981011445023e-01
5.304275220915390499e+00
-1.202559142835339268e+00
1.518830411714496176e+00
-3.222478886584521529e+00
-4.640852376605524299e+00
2.151001974486493218e+00
9.851962327703056577e-01
-2.085775178934742513e+00
1.534060171095096070e+00
3.322151233574092810e+00
1.309264887499734353e+00
7.923309765526137527e-01
-3.179684074437345132e+00
4.969347936938843802e-01
-1.539278472893786720e+00
1.798751776347869757e+00
-9.700264478435027815e-01
1.839008432921796832e+00
-2.202666911389106197e+00
-1.452564908642243635e+00
2.559031508764403551e+00
-6.666299736409457832e-01
1.985471197376811325e+00
4.407975389815216971e+00
2.457854244391040943e+00
-3.921489065197513391e+00
7.106102236903379943e-01
-9.570459808325881834e-01
3.199500221506336395e+00
2.209797802718105775e+00
3.005554992974501793e-01
-1.272834367040060366e+00
1.882154882759482062e+00
-3.178481879113418174e+00
6.862119195020744966e-01
4.543691550755707409e-01
-3.447358228875171404e-01
3.592645882908414023e-01
-7.148896295459485906e-01
-1.547456290901702003e+00
-5.296099433132329670e-01
1.760965568765169298e+00
-1.440220912732642189e+00
1.095526884013191538e+00
5.831745705389917989e-01
-9.177095106178425610e-01
4.353639945311945425e+00
-3.347116232692967763e+00
1.811913308853898785e+00
3.417897431060235469e+00
2.009866777075529409e+00
-1.653441209024023362e+00
4.942249894766266305e-01
-2.062747708976823802e+00
-1.760425279716853586e+00
1.313452484776938434e+00
-1.724647234401069706e+00
-1.019766341835041112e+00
2.215948049624279825e+00
2.006910369920780202e+00
-2.384707805380457124e-01
-4.638411960804644352e+00
3.131310902365775917e+00
-1.653339376187263676e+00
1.543118000935525647e+00
2.908807189857521180e+00
9.724958106042145278e-01
1.425468471924459912e+00
2.805515286253824847e+00
1.368716413910115115e+00
-1.879990863367570597e+00
-2.186670639620727385e+00
-1.029306014697445759e+00
-2.973305888067807601e-01
-2.565955487812520808e+00
-3.472637969447080586e+00
1.958954078105714425e+00
3.399311826176106166e+00
-3.315504957447161782e+00
2.233315660001630398e+00
1.638989968461106006e+00
-1.131785617056062732e+00
-5.672744074058229558e+00
-7.141400769250187963e-01
5.080590047647635110e-01
3.956326623655132213e+00
1.435808895792517026e+00
-3.843806240876292968e+00
1.129148329437150267e+00
-2.641816982344737497e+00
1.771777314192692909e+00
-1.237927636112568397e+00
-1.738426567595882766e+00
2.027035661988655146e+00
-1.576187790506539343e+00
1.506079458149143679e+00
2.275124783546884633e+00
7.745426860318237461e-01
-3.290608484559131242e+00
-3.092986785040144682e+00
-3.769783606124357700e+00
3.965715759063145995e+00
5.385737608382962449e+00
-1.303898830984965951e+00
-1.541808311085628436e+00
2.088202810364997219e+00
1.354591248148257154e+00
4.382669262803560173e+00
-1.597330249333761998e+00
-2.254397829208901083e+00
-1.535855318625930277e+00
3.005010880263478068e+00
2.658737185996533636e+00
-1.345421149973216046e-01
4.004238675190388008e-01
-1.614806202656304812e-03
2.308164612992386733e+00
-2.687529494194175861e+00
-5.894541654650022888e-01
-3.136663249265584597e+00
-4.266133282654309689e-01
-8.196659938652262056e-01
1.686048748361761884e+00
-4.117161398465439603e+00
2.187218716424990994e+00
-3.456020370603529290e+00
9.433786089086130255e-01
1.765396853032146218e-01
1.661065308433312682e-01
-3.357348770684518868e+00
-7.515786076725279319e-01
1.442648406165330632e+00
6.799940557313506329e-01
4.013319959558498518e+00
-9.473517489063054686e-01
4.173699728981182799e-01
1.156336494014082783e+00
2.848235651379040778e+00
2.965564740320558279e+00
-3.978632611221968318e+00
-3.687595838954462302e+00
4.587527089568477212e-01
1.444137963614170461e-01
1.809539301948067669e-01
-1.222928090146576441e+00
3.260828649789281997e+00
4.659167295571198686e+00
4.744333871455163276e+00
1.574642284253844560e+00
-1.198582072139492555e-01
4.184716134744981275e-01
-1.552922886372765987e+00
3.776713858605340590e-03
4.669976815370385781e-01
