3.348212058964684434e+00
2.751412307899709919e-01
-1.215678308557447185e+00
-2.467172029100241915e+00
-1.331150909931732240e+00
1.249006456606432391e-01
1.682477585222347694e+00
-2.205813462502265176e-01
-4.724363201269990986e-01
2.608428324943621757e+00
1.066831103034568962e+00
-8.437320323390093968e-01
-1.311652409040017009e+00
1.079414264767818876e+00
1.178720836506193637e+00
-7.559192705798589706e-01
-6.375523051971508925e-01
-1.377266009308639294e+00
4.073916331145983893e-02
-3.791154399139468056e-01
-2.849091356763826244e-02
3.802400081915524588e-01
-1.987777255730756032e-01
1.057707597528203092e+00
-6.191422307295147975e-01
2.098170499130265654e+00
4.038902663389435932e-01
-1.206081858823425224e+00
-2.244870975102915001e-01
-1.001281442844459857e+00
-2.758813043769159368e-02
4.700694890843908902e-01
-1.269507676585143408e+00
7.234506184997802070e-02
9.604078652513843295e-01
1.238596593685135527e+00
-1.776493876170522235e+00
-5.845540926949076566e-01
-6.973174969325585115e-01
-3.952271675830869024e-01
-1.027400931905636750e+00
-1.445045252917147582e+00
1.236612816147185656e+00
-9.099036400998755658e-01
-9.588198997001459167e-01
3.355439724111185740e+00
-7.848638819764965913e-01
-2.856485470183617981e+00
6.810931184683810535e-02
-9.564040436244465315e-01
3.794601379382038786e+00
-1.060532766215874556e+00
2.366099630973175660e+00
8.824864664974415573e-01
-8.282287864425633694e-01
2.181607691215762812e-01
1.390893161982693638e+00
4.002433029631860539e-01
9.733181487260751386e-01
3.924748241555514779e-03
-4.748729859927333097e-01
1.934637788197051567e+00
7.156883555952934239e-01
-1.320986073725372023e+00
-9.064922690383973025e-01
4.217969231268723362e-01
1.016994757765009805e+00
1.127728367186143332e+00
9.403865031261608720e-02
-7.656170276030838107e-01
-8.163875397869324591e-02
8.046215732386243769e-01
4.849006795080351151e-01
1.828687987946567284e-01
-3.775816714106289829e-01
1.326723766533558224e-01
7.450805086360614560e-01
1.048439070318881061e+00
3.148052939679023332e+00
1.949451372903163282e+00
2.080804414034258254e-01
-5.846304440432312788e-01
-5.501874391238621431e-01
7.525185837862788940e-01
-8.197938021621519189e-01
1.013288339940405347e+00
9.904298338672463675e-01
7.765298147200607737e-01
-1.276762580074919162e+00
-2.121574469676930974e+00
3.533127749189610700e-01
1.214406047601993416e-01
-4.056856130692709228e-01
1.275530693363363222e+00
-8.697985576756119830e-01
9.175066725780006704e-02
-1.720926329578921221e+00
9.755369908477000696e-01
5.312733282322338324e-01
-4.877280633667356868e-01
-5.447896070966995463e-01
2.909970726850317657e+00
3.426728507066334473e-01
3.027203129170503715e-01
-7.300583193136551685e-01
7.533999461355671556e-01
-6.455396378159218296e-01
1.658344895518775619e+00
4.612478922778139312e-01
7.155277744862347244e-01
8.248888506849133551e-01
-1.604378259105018745e-01
1.400562728728826922e-02
-9.979532272228771594e-01
-4.583304404811299609e-02
7.893516117479915106e-01
1.245829684481719379e+00
-3.071360732739464305e-02
-2.999241676928707800e-01
6.896286020706466902e-01
1.293231635019828740e+00
3.102191807091069231e-01
8.671529022813514453e-01
-3.696729569996573539e-03
3.383492369207148354e-01
-2.332482661580007388e+00
-1.727219280718394145e+00
1.339002258024010850e+00
-5.510196468137684711e-01
2.435686346559635673e+00
-4.171984081957397922e-02
3.033197381537076520e+00
-1.581328155951583936e+00
-1.141737874646648887e+00
-5.151899045476004968e-02
3.220355642171702781e-01
-5.878533941879037217e-01
-1.467338949362701372e+00
-1.189247870927516049e+00
5.444970128516782859e-01
-2.057331905710859665e+00
1.468400489219283456e+00
-3.052352560409825610e-01
9.304115789197160424e-01
2.309133651984716984e+00
-4.962984332328334580e-01
3.138275344956592550e-02
-1.658897910898260886e+00
-1.171215062440607024e+00
-4.124436714507984103e-01
-7.927475666138937560e-02
3.160481827011124012e-01
-1.287191987931009196e+00
1.116809433630816084e+00
-3.965123551592507067e-01
1.459881684149203274e+00
2.118423119943809718e-01
3.322229740196256387e-01
-4.193205843594119777e-04
-1.688980897704791095e+00
2.121940251308745973e-01
-1.284508864793808991e+00
-2.375524414876754031e-01
3.657169434521652662e-01
-2.834596232760452139e+00
-1.593013367082292131e+00
-7.764818711872484291e-01
-5.104458671106070211e-01
-5.709955125507106821e-01
-1.546625978924968114e-01
-6.579098405353456247e-02
-3.948133368751787775e-01
1.423598189202978759e+00
1.312531564722191346e-01
8.340994867152871084e-01
-2.087415233944256876e+00
-1.405306110742908565e+00
7.163042004243409533e-01
-2.760991256599720778e-01
-1.519436254795927033e+00
3.223382725576786623e-01
-8.583703036889611671e-01
5.545798390697935787e-01
1.189485799031797075e+00
1.286518673629010401e+00
3.365389703673931643e-01
2.707291569041354151e+00
-3.037353455512133982e-01
1.710462472623093699e+00
-1.146095253844563011e+00
1.997819553851206908e+00
4.773612927402028916e-01
-3.938053369313364582e-01
-4.169527329780249869e-01
7.432676943996374685e-01
-9.610545241056498433e-01
-1.561634676494400908e+00
-1.385322857925780582e+00
-4.452531554556854454e-01
-1.995213691101527687e+00
3.926797643819943118e-02
-2.588687604655322272e-02
-6.629126693773813583e-01
5.143027533088477821e-01
1.899148911145067897e+00
-1.078940284604573030e+00
-3.541618049553610370e-01
1.245541809717939152e+00
-1.481688171635184847e-01
1.289546089523552874e+00
-5.842811607017129455e-02
4.373949320855990419e-01
4.109391855089439272e-01
-2.389436503491026542e+00
7.049021729428338601e-01
-7.999699140011740095e-01
-1.057269467058264745e+00
6.336949131418669889e-01
1.762093764805025442e+00
1.711812289937079790e+00
1.141175565416333804e+00
-4.830775328893226472e-01
1.759317061589439346e+00
5.651875913328412437e-01
-1.835688344238611380e+00
-1.415909042189254841e+00
-5.378620110212843919e-01
-9.101123399388616475e-01
-1.787912507838827603e+00
-1.293961931598383019e+00
-1.847366201975169098e-01
-1.230468231363603726e+00
2.909269757564843850e+00
-1.096715823518850774e+00
-7.696088878268043665e-01
-8.655744303605222845e-01
-7.365496007893757024e-01
-7.030364552229781960e-01
-1.414558430818787238e-01
6.779711009889950457e-01
3.710807213712484787e-01
-1.450197135943814386e+00
-1.219972709702743519e+00
4.632088569999116140e-02
-3.621734569330761211e-01
7.282630260437455982e-02
1.044033282709988075e+00
-1.472438486178871964e+00
-1.272685046014769616e+00
8.590000351467785844e-01
7.009834265630300321e-01
-2.389868902959248587e+00
1.018248827312943638e-01
-5.399287872326626880e-01
4.626507102873215205e-01
-1.600250396957536125e+00
4.389991615330762764e-01
9.497407725879358775e-02
-2.564006084290074483e+00
2.383330757745543704e-01
2.818459381247540030e-01
-1.100268423485654568e+00
1.304515166826558437e+00
-4.912664832303128559e-01
6.722207130210527959e-01
-1.023047130964191087e+00
1.766848456758297048e-01
4.856495813458738819e-01
1.592364428835771617e-01
2.547463495205953832e-01
-1.991969043249873117e+00
1.394672319210492062e-01
1.118133146077765483e+00
-1.197504578334660286e+00
3.915308362938571651e+00
6.702231684626769326e-02
1.044403914816478096e+00
-2.897830629394022139e+00
-6.505518989345137060e-01
5.470169117181203911e-01
3.181871496141241984e-02
1.058335679334904800e+00
2.134682885454981527e-01
-1.110639259808366308e+00
-8.175557437250573489e-01
1.161680711719605297e+00
-4.681833643995791383e-01
-3.381706309609214589e+00
2.110871860377463161e-01
1.233260051222530990e-01
2.628384732711064764e+00
-1.376397176707424341e+00
2.686439637475606101e+00
-9.279894161181596601e-01
-1.804034439703812609e+00
-1.123834887741279182e-01
-1.124945850996770025e+00
5.682986679330318536e-01
-1.736545942179261504e+00
2.235000974315873634e+00
2.495953467659578706e+00
-2.602431197916870609e+00
-1.954681369512532019e+00
1.119218269743756933e-01
2.843339881845433625e-01
-9.646068354340656681e-01
-1.991108909218003431e+00
7.615660169348353881e-01
-1.132257300763609420e+00
1.802412442256538627e+00
-2.372867364758028064e+00
9.440976347076922570e-01
7.098019606439902318e-02
-2.876402978412593847e-01
-1.067970883998070608e+00
-3.453740988895713571e+00
4.598119513722069840e-01
6.568450753998295033e-02
-2.052852002881777604e+00
9.721461874294857752e-01
-2.731948584459670260e-01
-5.607023121980032609e-01
1.393124971322291517e+00
-1.148036155702222949e+00
2.720967070478252925e-02
3.999946570107960619e-01
-1.749260054921425889e+00
2.313773114648489226e+00
-2.239720561718246739e+00
1.015835520998476849e+00
-6.256406948455133232e-01
-7.513295662943794140e-01
-9.026854185928508967e-01
4.453128643171061496e-02
2.006109784644272143e+00
-2.409371391298628318e+00
-6.979189831116985321e-01
-2.089037079019330001e+00
-2.308822434935736911e+00
-2.079241649011955406e+00
1.590404517087732339e+00
-1.942170365584550695e-01
3.563557673142255799e-01
-7.495321948660148281e-02
-1.709154282305375805e+00
-9.908503976739927444e-01
9.799206377460749628e-01
3.410757528044667808e-01
-7.590389346030040896e-01
-1.867794334743479778e+00
-2.244839779709344896e+00
8.326728265760621195e-01
3.706292051490895911e-01
5.833954321227040607e-01
4.691163023540098065e-01
1.524056219059861661e+00
-2.124946897009761138e+00
-3.742988631326424898e-01
7.785690463128603911e-01
1.014131619799621520e+00
3.185549015125499039e+00
-8.515889206541237266e-01
1.237722548051331639e+00
5.251245509191412308e-01
-1.983474101480613649e+00
3.987346813140794921e-02
9.285392388237627692e-01
-4.388916494642969290e-02
2.541585077270179127e+00
-4.936399451261944682e-01
2.032403522526546880e+00
8.241077885935939040e-01
-6.531191939375735611e-01
4.392661411337321908e-01
1.471684592489509891e+00
1.319108814385322681e+00
-4.514013105152064220e+00
9.227599054058204242e-01
7.173828057587234852e-01
8.367203404360930019e-01
-7.508191028728321559e-01
-2.474546462034212801e-01
-1.127189109277827672e+00
3.811980549926523576e-01
-5.838254979868665595e-01
-1.238374860600684357e+00
-1.987255867372276774e-01
1.785378179952122002e+00
-1.207335922109504800e+00
7.940901438342622409e-01
5.518884517593758421e-01
-1.821530132247695999e+00
-2.157351485917977651e+00
7.100586306598761777e-01
-1.085555369182783281e+00
5.102387786930442370e-01
2.082074275419671661e-01
2.767416019593967394e-02
2.777283278379957809e-01
1.537369162406867051e+00
-1.184658069344091569e+00
2.157565364192532087e+00
1.804939455453171249e+00
7.189211666202802720e-01
-8.432312153441385849e-01
-7.637773397589314728e-01
-1.607417968066187919e-01
1.585511920717114664e+00
-2.623693063556770788e+00
-2.808241682139929751e-01
5.949783760493112528e-01
-1.279576518479994318e+00
1.356486778588486874e+00
-6.042001323266532609e-01
9.098587729252035627e-01
5.903210541841119596e-01
-6.495906055606942564e-01
8.664580176715920290e-01
2.766702847304770341e+00
2.601532400791908284e+00
-2.271263997270323576e-01
1.140775844612895717e+00
3.886215061464504128e+00
9.616977809433042701e-01
-1.155757393971692526e+00
-6.887032740834587718e-01
2.544084817533049048e+00
-1.683958958692341801e+00
-1.472172290962671104e-01
1.669166089990770763e+00
5.346734327054086799e-01
3.459482185857084335e+00
-1.819739843109224875e-01
-3.483412401099937883e-01
-5.873773883204507218e-01
-8.756066844408115779e-01
8.726807251367170171e-01
3.630291436679620731e-01
3.875173417184804014e-01
1.485313861291465587e+00
4.508008234331036257e-01
1.683164165461376482e+00
-4.050944292514456202e-01
-4.118298508462409635e-01
-6.473075142796076431e-01
1.496796678097189970e+00
6.977713391933695330e-01
-2.997448502990600616e-01
-2.500530757635288093e-01
-6.348526602376272088e-01
1.026186880576071880e+00
3.954206508414215282e-01
-8.633055023309096354e-01
-7.205617976848404105e-01
8.489977299972512048e-01
3.182347445650567153e+00
2.520128087329908118e-01
1.902243138272073641e-01
-1.341681566682821902e+00
1.234936808799578234e+00
1.191228519795636043e+00
2.285663436110975333e+00
4.555922288991404168e-02
-4.482151157210886305e-01
1.397642282473456898e+00
5.502216994180145759e-01
-3.204795688309632351e-01
4.820357948408782733e-01
4.476923767755739969e-01
-2.416915248724864185e+00
-1.554135411517505672e+00
7.357295121301759000e-01
-4.890265910319673837e-01
-1.113414191190144287e+00
-1.743886587375872654e+00
-6.552854106973005077e-01
-1.074585628075132249e+00
3.057833170875596807e-01
-7.732211479182343750e-01
-9.704464153850209662e-01
-1.579517629659364375e-01
-1.797943076848915300e+00
-7.746120054880368810e-01
1.564404348533575462e+00
-3.909483615924196354e-01
1.671039023994135286e+00
9.156030213260144546e-01
-1.107203276475517278e-01
-8.846672841142780852e-01
1.404145948616656314e+00
1.285278488953101705e+00
2.000425791524484964e-03
-9.481023764247077656e-02
3.519542247335428753e-01
-1.060314927291511555e+00
-2.603057972966715372e+00
1.714768607292175062e+00
5.133650474754765103e-01
-8.101906562542278145e-01
8.269562584396550342e-01
-1.326971146610272267e+00
-1.357231145308812614e-02
8.193163437445094566e-01
7.316057368065251865e-01
-9.282415276022051298e-01
3.312438086454590480e-01
-9.429689552313215151e-01
-1.740263237993761480e+00
-2.098081837953049422e-01
-1.764524362247890388e-01
7.059153475498931574e-01
5.498079019897734732e-01
6.398557256396097959e-01
1.659915694156967714e+00
5.514476316559728808e-01
6.952583062906870781e-01
-1.080716182575258179e-02
-5.391193329258491262e-01
-2.097981004991965381e+00
1.994714502303494008e+00
-1.332900325188696389e+00
7.277941517034653973e-01
4.704150183302132637e-01
1.798496495973843423e+00
1.171927684182912377e-01
1.125213318288802444e+00
1.192010129112602179e+00
-1.595469988602905786e+00
8.636467986320192081e-01
3.355858068842710651e+00
5.606333499103992590e-01
2.097139831580907277e-01
-3.787791864681427367e-01
-7.926169283819615996e-02
-2.243600700478339594e+00
6.777034604010839791e-01
-9.024751228166698613e-01
4.370787530774833396e-01
-1.447092466130144306e+00
1.039789952383581184e+00
-5.903687849302503565e-01
2.232909316244011233e+00
-3.176349564002795001e-02
-8.797708277477778172e-01
1.794852896991817603e-01
6.918265230412078415e-01
-3.392470034445635996e-01
1.332446072025718298e+00
-5.154074211996142463e-01
-1.236632906830910317e+00
3.569278536164240290e+00
3.339535218237151160e+00
8.374553649021391211e-01
-1.959300154102268321e+00
-8.375630170630665727e-01
1.000000000000000000e+00
-8.467441012037045800e-01
-1.252773341894400039e+00
