3.580383568254852378e-01
-8.941711278401820451e-02
-6.586994955419509523e-01
-8.511936140906652959e-01
8.040748837548239436e-02
-6.819236528636389849e-01
-6.412058114532002140e-01
8.616509976580590813e-01
-7.400891193860195116e-01
6.372424657120223657e-02
-3.479882122412991663e-01
-3.718425146688240090e-01
-5.148835310022061851e-01
1.683690387909488884e-01
-3.929121897729028756e-01
1.799999483049625759e-01
9.178089719290776216e-01
7.375415529382212121e-02
1.699925035783995675e-01
5.810646033778690267e-01
-8.855822517347458067e-01
1.068704424751087956e-01
-2.343926138693122052e-01
6.795888994978136477e-01
8.233312312247458298e-01
-5.841955072941384941e-03
5.916161525958463230e-01
6.544099054453655917e-01
6.879551563717722917e-01
6.699332411876879334e-01
3.058402319462760754e-01
4.965586510129305076e-02
-2.727156858235515458e-01
4.538197011213145338e-01
7.459183346732916053e-01
-2.282783724725376828e-01
-4.187678837880917104e-01
4.037458409368479550e-01
-4.161852796139013932e-01
-3.070811541038498405e-01
9.486296229009423264e-01
6.208616053107389732e-01
4.541312380477176003e-01
-9.663270726149231216e-02
7.637619885037416623e-03
9.915191818465245444e-01
9.647748865108203287e-01
7.476129273488660854e-01
-3.068024177203818592e-01
-3.206689287168476010e-01
4.834573944582989391e-01
9.502827532400290877e-01
-8.038417321323265696e-04
-2.429019426031406859e-01
-9.702535586874059259e-01
-8.047649536118595126e-01
8.826393400257985800e-01
-3.141394722411861018e-01
6.416757099122398778e-01
-2.633761929025630888e-01
7.462972297075551875e-01
4.020931056695826733e-01
-9.202767726246321445e-01
-8.062291354945254618e-01
-3.175429549294279674e-01
-5.757305911113395069e-01
-4.143890325487149529e-01
7.969930123269208799e-01
2.566677905490086786e-01
4.715459092754161752e-01
-3.719507553571590464e-01
-1.087340837746588740e-01
4.773269570351201807e-02
-1.288891914356768975e-01
-8.176221051175123211e-01
-1.438156302117046259e-01
6.443443035627491877e-01
2.077373380942471037e-02
-2.552938775010542560e-01
-1.596038849125955839e-01
-7.737567559794200633e-02
-1.703431013424132612e-01
5.024108348152001025e-01
-4.901509326469710714e-02
6.760628617147523833e-02
-4.195928158543265063e-01
9.041027050695698009e-01
-5.027718059262924477e-01
6.016926710151164759e-01
5.456297307165485222e-01
-7.444264986074753399e-01
5.375131384123315037e-01
4.588008879112548399e-02
-9.504512855208158140e-01
-9.213191283609862836e-01
3.968579153625151346e-01
-4.612751722399408560e-01
2.811097678301499592e-01
-1.389013111900367914e-01
-9.645558563683409581e-01
8.656106134068488611e-01
-8.553864660437200396e-01
1.149997001044580358e-01
-3.033661907831677329e-01
9.041381456919757031e-01
-8.216811034889448528e-01
1.204640612190588378e-01
-9.153093241509016043e-01
-1.622534640850319398e-01
-2.411062077034555884e-01
5.463947342747137448e-01
8.176542188055244686e-01
2.353138136941481662e-01
5.352917978331548365e-01
6.870098251544074497e-01
-5.976814219537467388e-01
-3.237484875030185449e-01
2.017769289909852048e-01
-9.119511886681719304e-02
-5.455892422789792029e-01
4.589102254509132006e-01
1.169106898917871007e-02
-9.380834425857822456e-01
9.651277202887948992e-01
9.805743958031278851e-01
-9.960904169795792296e-01
3.019221986411895209e-01
-5.323319034111260173e-01
-1.005088630517321224e-01
-3.597819465639913172e-01
8.207454821967203884e-01
1.234953499452120518e-01
3.545008153256503647e-01
5.967388318690287630e-01
-1.052311794894091879e-01
2.053577402599349178e-02
2.981191714137034765e-01
-8.866126667622895585e-01
8.859018856321816404e-01
-9.058679778408447181e-01
-2.926579715188815101e-02
4.909336535859369910e-01
4.705572643157029944e-01
8.399954803363511857e-01
-2.814321044221745893e-01
-7.660731606070847466e-01
-5.391720742682259981e-02
1.812544604093304645e-01
-8.894630734971893382e-01
3.988082089292073196e-01
-6.272897652048470274e-01
-1.488901251742391629e-02
-1.301625480055272899e-01
9.231165448247875549e-01
2.218094575233495735e-01
7.009381697684329282e-01
2.037778969225354508e-01
-2.048035615080614491e-01
8.635281452168892535e-01
-8.122923100571362021e-01
-3.552019351633037836e-01
7.231398196506180209e-01
3.421007856444155948e-01
-6.794396533640758573e-01
1.536296105453771599e-01
-2.508697494479659174e-01
-6.141513903140884967e-01
-1.556601776962638350e-01
8.645001894404713561e-01
-9.134069897651178049e-01
3.420857655289433197e-01
-5.949397364959414514e-01
6.915764472059666712e-01
-2.823349149030573990e-02
-3.187962916887630005e-01
7.220198906993409160e-01
1.856552437704972469e-02
3.276933008542233239e-01
-8.851049420235428400e-01
1.548488782157682042e-01
-2.599393332582973226e-01
8.981358538966126570e-01
7.567892734170418301e-01
-9.991711119846042877e-01
-7.190617612961476279e-01
-2.442406087574082729e-01
3.627035670569440651e-01
-6.531327548545740047e-01
-6.906327095490549794e-03
1.832622973382598275e-01
1.428973017386581112e-02
2.437425180391012969e-01
-1.693527302458839312e-01
8.303139777427972490e-01
-9.967766553953709696e-01
-9.115974533490238674e-01
-6.369029973323490079e-01
-9.776660534309353778e-01
-4.865768986267160479e-02
-9.318033144819111158e-01
4.978330315488190827e-01
-5.137083882086714848e-01
7.803796759890873069e-01
2.493786644998365887e-01
8.382792414946038662e-02
1.730440941237121333e-01
9.668961154854223139e-01
-3.763541399490546446e-01
-1.729974351390528575e-02
5.187758893726739373e-01
-4.734823395070939522e-01
7.717515540921202621e-01
1.586556670776630096e+00
-1.243987368297303497e-01
3.064954297336650590e-01
-4.654497846296588026e-01
-3.660738232813338655e-01
-6.326164075111022633e-01
6.940633228526100762e-01
-7.671103002104671109e-01
-8.884781293734134167e-02
2.245198307759979084e-01
6.113804921059817765e-01
5.105960847956281246e-01
4.309383492468989996e-01
4.824821510295926874e-01
9.700236632009731075e-01
1.726973545914549657e-01
5.297465189096906002e-03
9.399116033641996548e-01
-1.108652331165231875e-01
7.783852513870899159e-01
5.686180482898983701e-01
7.357111049672750980e-01
1.151850617338550098e-01
2.958256964551191359e-01
1.726239450294153599e-02
6.540621357352216503e-01
-4.379413829542715408e-01
-4.927215016112176382e-01
9.372731103609679426e-01
6.160038044115387912e-01
-1.927029320788231637e-01
6.785835049813584430e-01
-3.210757903743381991e-01
1.850877423047325721e-02
-1.374475036347435619e-01
2.173183761522117230e-01
-4.388702305754510480e-01
4.575911000383208194e-01
3.392357029349337694e-01
-6.479169414444041486e-01
9.210607994909365548e-01
2.291203352855444297e-01
-9.772412760341664395e-01
5.512301297690100910e-01
-8.262175042648891576e-01
-2.853073943639403698e-01
-5.856197471913546782e-01
-8.112451177134065716e-01
2.456523233093399483e-02
-1.528486625746798833e-01
5.011842867939184654e-01
9.220683529640658627e-01
-1.735243345182011510e-01
