-2.867175147046914785e-01
6.899328820227463854e-01
-4.469501314348293119e-01
7.585713350301546976e-02
1.161001756268886520e-01
5.657139819888966636e-01
6.722928927486137018e-01
1.793727721867148794e-01
-1.819263719633589016e+00
-8.393466983472984699e-01
-2.751558650037380649e-01
-9.724225152972134634e-01
-1.135996586883065290e-01
-1.150052965275513150e+00
7.468000826065734898e-02
-8.585777701212520263e-01
1.133952707356860268e+00
-2.283565088167739399e-01
1.387516081891542630e+00
9.914175831857158228e-02
-3.079060329261459894e-01
-4.014391550467357739e-01
8.725920326481251266e-01
7.247229123449171473e-01
2.463999656022614060e-01
-1.026313673983597408e+00
-2.369909676522975461e-01
-2.391246674232889446e-01
-1.653990325273478224e+00
-2.203686599276487024e-01
2.403206463515162108e-02
-8.637463483850504886e-01
6.627264767416355395e-01
-1.672687074915505168e+00
-9.435309086762541653e-02
4.604018431662560418e-01
-5.730236770732048956e-01
-9.054402534211666298e-01
-1.300358216570337566e-01
-4.989074350193130059e-01
-4.929039049250719118e-01
6.704357461804315577e-01
-1.301353339816982091e+00
1.255430667012508161e-01
-6.874975614280817715e-02
-7.727068789795058512e-01
-5.348190177711155124e-01
-9.341465763202175254e-02
-1.478260435644253579e-01
-2.390244088316259008e-01
2.252496663846167702e-01
-1.099926559541549942e+00
7.005391046318300008e-01
-1.059764444539527561e+00
6.033893173265957310e-01
4.175044642573652598e-01
-2.516610386165910818e+00
2.028071620776001449e+00
2.534823514669139577e+00
-1.272128544738368117e+00
1.212762282486546273e+00
-1.003143647164580488e+00
-5.555016199644833286e-01
-1.155014143344973876e+00
-2.329550231995637655e-01
1.265406424904257587e+00
4.762002023292741804e-01
4.296606733848016280e-01
-5.310830748756423247e-01
-1.534406465410586007e-01
5.534676389773945937e-01
-5.625925175199341099e-01
4.615136930894143952e-02
-1.501363807895286451e+00
1.070146044408415292e-01
3.610182605272105327e-01
9.381514452018716588e-01
-6.115411776171779668e-01
1.439175911710937894e-01
-2.273267262142780049e-02
2.591117463294883086e-02
7.861286084222642856e-01
1.318902856650767008e+00
-2.713473627367644081e-01
1.226332867662498216e-01
5.174599231394554355e-01
7.015886832254485395e-01
-1.997232304563578031e+00
-1.681045842924753786e-01
1.347698515600911362e+00
1.226431495102261321e-01
-2.264706825302550408e-01
-1.385396161589921293e-01
4.264909495205649881e-01
-1.448189363960847409e+00
5.174532733502813509e-01
7.331078940882467254e-01
7.256829512681128858e-01
-3.882030872980019587e-01
4.033662833593638641e-01
-7.810583342545278640e-01
1.553705787290861895e-01
-1.065778194197873230e+00
-3.076171928335539132e-04
6.067313098176497776e-01
-4.619610269525220581e-01
8.486197632617421827e-02
1.878050325477698568e+00
-6.296586175447536071e-01
-2.541203765567721540e+00
8.487805537058095151e-01
5.818737745871692679e-01
7.426990488709528382e-01
-2.363281530279935094e-01
1.260691285457190780e+00
1.672959718054958467e+00
3.068533214453780245e-01
6.942798366948598199e-01
5.136026179062345154e-01
-1.021331338422699408e+00
8.332430899388260093e-01
-1.876701485615705378e+00
-6.397511801946235144e-01
1.814283855471539697e+00
-6.238847226396915246e-01
-1.059435407799699913e+00
-2.109319708244346891e+00
8.623803741153053259e-01
-1.402488503255016949e+00
3.791560332742438533e-01
2.360240045381955531e-01
1.077742794129918469e+00
-1.193358948545832909e+00
1.411379511561749345e+00
-1.479965511140647783e+00
6.780465400060715631e-01
-2.757206822609175600e-01
-1.421179251492515672e+00
9.366668262483122120e-01
5.786594825047035595e-01
9.917165514886477906e-01
5.924729392503025327e-01
6.935409454138095064e-01
-5.502542644452892984e-02
1.124096652212158043e+00
7.757750417758554340e-01
8.749444192339081994e-01
8.857378565084310026e-03
-1.182460387105486177e+00
2.526049789920137845e-01
3.904508001962241348e-01
-2.712829352642099900e-01
-7.388850729957953112e-01
3.089265194299336326e+00
-5.949693506771959184e-01
-7.058543707751450125e-01
-6.058496336004342009e-01
9.377228930224212888e-01
5.934983882004536415e-01
5.085630995248867636e-01
-2.535743702352583617e-01
2.553009894646350864e-01
-1.707938220145114316e-01
-4.495963684426827478e-01
9.140539639914103953e-02
8.905025335504651585e-01
1.380824101273318449e+00
-2.089299515063214763e+00
1.429945524775027232e+00
-4.969382435988256574e-01
-1.511331535744133925e+00
-8.061606867144811561e-01
-4.275732443498117541e-01
-6.277350348025481086e-01
6.857086825439571154e-01
-1.194308646695097176e+00
-1.530723401535545980e+00
-8.575454443459387122e-01
5.512752533801185129e-01
1.392970491129332133e+00
-8.448732153480318363e-01
9.398707307025837288e-02
1.054577795769879867e+00
4.257854015118397138e-03
-5.749486868411746165e-01
-1.989286303977663359e-02
2.881877326761757896e+00
-5.543462349647673149e-01
-7.289965588986665468e-01
8.870570970703547387e-01
-2.092130338771170273e+00
-1.328168284757164641e-01
1.147485480436718497e+00
4.873668849981125373e-01
1.895468429159521850e+00
6.019195929867746653e-01
-2.562240240899719357e+00
1.022397112379426654e+00
-1.661740297841073799e+00
2.199223865283389534e-01
1.605248566490594442e+00
-1.659110751529936811e+00
6.093467670215065857e-01
3.656255723962529292e-01
4.866721145856892083e-01
1.169707295267168767e+00
4.353414263465704703e-01
-1.009961200175307633e-01
2.889053031875571387e-01
6.130910302629262176e-01
1.504868903692811566e+00
-1.693862920064714284e-01
1.225830143335199018e+00
1.558956876109895084e+00
1.124330412821888947e-01
6.492950096564082951e-01
1.719455019602198709e+00
1.216601697721493708e-01
-9.222543677687858321e-02
-1.965018601809263576e-01
2.650308802011708820e-01
1.810837116345710873e+00
-7.945933249928606168e-01
-4.424736178440298318e-01
-1.925048916354785145e-01
3.322302389057127936e-01
4.623503237600441740e-02
-3.849044350704817763e-01
-2.829959877553709369e-01
8.969852287857651429e-01
9.542120378465004382e-01
-1.479851974926802871e+00
1.155953250585163294e+00
2.235475611758429015e-01
6.588006270297026568e-01
7.846497785443088402e-01
7.993492164645081832e-01
9.366940429304942972e-01
7.039821551228884200e-01
-1.870791915486589074e+00
-5.792463979946240737e-01
2.693612118547415446e-01
-1.348070679879991962e+00
7.456134187620691023e-01
-6.179074521920103341e-02
-6.139906910147888697e-01
2.755997701896988894e-01
1.073378725972656600e+00
-1.239462075314866407e+00
-4.501177125614734820e-01
1.805081307299953308e-01
-6.273360819417568290e-01
-1.799286630709078016e+00
-2.752034302741849237e-01
-4.264181012716675712e-01
-1.569193966262539819e-01
-5.186561007553710523e-01
-1.527533150606287693e+00
-7.444510842887617219e-01
-9.566287444998086142e-01
1.305283689185830598e+00
-1.672383844162412370e+00
7.196234995637035281e-01
1.772101115669929561e+00
-7.184678326486756417e-01
6.664486270751458497e-01
-3.380966600609325856e-01
-2.093754875504126034e-01
-2.097946280948979336e-01
-9.245503598572518689e-02
-3.298424007603044106e-01
1.689904523249107005e+00
2.054081814543355478e+00
8.804640657804279069e-01
2.679246855633392044e-01
-3.063028671684571436e-02
-1.107792272690340196e+00
-6.070597918223223921e-01
-1.106528301903997757e+00
-4.594475526733847737e-01
6.763301470115075098e-01
4.113956331277082157e-01
5.253738810357219124e-01
-7.807165515156491153e-01
-4.740835043865669340e-01
1.218193732086152004e+00
2.183593416143442267e-01
4.265655891565497959e-02
2.470361163212226874e-01
-9.837992851069300715e-02
-9.589232976017498800e-01
-9.832404729537349564e-01
1.491627901197697836e+00
-5.496035485229642248e-01
4.937277132741626495e-01
-7.532646630710563285e-01
-1.377917133823330031e+00
-2.103982644968733773e+00
1.100493819334022183e-01
-4.324917129402016669e-01
4.662387255156199561e-01
-1.306378161659087933e+00
3.600771698108897745e-01
1.518990275944186452e+00
1.711942694032399181e+00
-1.178292145740563290e+00
-2.067233425998306284e+00
-5.812549066995498226e-01
-1.633241177955468748e+00
2.369659456703659406e-01
1.162981652647554043e+00
2.089190252493052125e+00
1.592292134544257109e+00
6.639813988618888940e-01
-1.828095837720512762e+00
-6.594377385891551091e-01
-3.412534392235773428e-02
-1.317528300017104748e+00
5.260273213542719928e-01
-1.818677876610526600e-01
7.770808058026318355e-01
-1.466327303638795786e-02
-1.744853530851187218e+00
7.493519171885154595e-02
6.215641774056699376e-01
1.058641224995744645e+00
-2.492555385087046049e-01
1.340235043070664211e+00
-3.221207637660557926e-02
1.316771325741807885e+00
-1.055135244142852535e+00
9.955081096355087311e-01
-1.884466273806283676e-01
-9.070257486853871010e-01
-1.485336148642236065e+00
2.794076349494941103e-01
3.215179719005119008e-01
-2.277866803781647131e-01
-1.074140999663245610e+00
4.497703246613984351e-01
-1.656252014053517518e+00
-9.156532957148867391e-01
2.385814931520957582e-01
-1.560627348939796488e-01
1.264274409668941335e+00
1.085390650495711595e+00
8.386878003698412520e-01
-4.247618818301016064e-01
6.612812327173392402e-02
-1.479222574043622007e+00
-1.162763571974579691e+00
1.602509710694421274e+00
-5.567298548145845905e-01
8.126080376255548909e-01
-7.547292344002374254e-01
-2.208001824306840444e+00
-1.227196852077722111e+00
-1.148182123467924809e+00
1.636059757206793197e+00
5.483426732218313893e-01
-1.866632664703858469e+00
-6.645575178181239995e-01
1.147963722888382332e+00
2.958419176883557156e-01
8.280448596302502073e-01
1.426510132904191819e+00
6.872617028340078926e-01
-2.442450927666693986e-03
3.763204436548844289e-01
1.832231582786032265e+00
1.456669325118125358e-01
8.975898791639931318e-01
2.582247944919005556e-01
-6.708345812138413189e-01
5.512607823713800981e-01
3.566595847105587525e-01
1.770805539444532395e-01
2.965195225026381998e+00
-3.893019154674261517e-01
-2.029400169725243952e+00
1.270301109522637750e+00
-7.039858764831224969e-01
1.240134854061106129e+00
1.084662664195634729e+00
-9.880392909275477198e-01
-2.095095615324931604e+00
2.046719954834357591e-01
5.958532455790229235e-03
-3.377256602017049136e-01
7.030209411022799726e-01
-1.420269948938165383e+00
-6.960803160924152744e-01
-1.827485620809431888e+00
-6.293444849056651913e-01
5.268731524443145409e-01
1.760685744833714761e+00
-1.941797438874704462e-01
2.293445485943888529e-01
5.088345965777384405e-01
1.121843810504450145e+00
-1.283542946285671504e-01
-9.031804546122650101e-02
8.768770041823708006e-01
-5.118531394239684840e-01
-2.054359735452928604e+00
1.337070988471594557e+00
1.003941901765007749e+00
-9.064130379622259426e-02
-8.749789282609420349e-01
-5.525207246240903397e-02
3.073849518898237321e+00
-1.759098825508065511e+00
-7.538349037168896594e-01
-1.540762940684425875e+00
-3.255486736342128595e-01
-1.352272316658682749e+00
-3.278953744683387739e-01
-2.812198679064171758e-01
3.608347326559460493e-03
1.595920563523773872e+00
2.460178949049131258e+00
-1.321406211818976439e+00
1.046964434297572133e+00
9.633721100742673737e-01
4.963185298554550484e-01
-1.564004303456884903e+00
-3.663571224766759005e-01
4.435044007932240628e-01
-3.264136258815686364e-02
7.910123384656149170e-01
-4.631336766124980464e-01
-2.314918693752232026e-01
1.430035531717924080e+00
-8.675530042467451963e-01
1.356537691581690019e+00
5.588805216625688521e-01
-4.011706137887343093e-01
-1.061910712149291447e+00
1.602409345003580787e+00
6.918792463915414137e-01
2.771490128847148293e-01
5.036595295669413774e-01
-6.892968585389168679e-01
2.708647325714530485e-01
1.264656778169064716e-02
5.040935764408485120e-01
-4.028469074527211147e-01
1.151319249683441681e+00
1.986883639920038247e+00
9.297289193783367933e-01
5.009550619149913397e-02
2.070964397378085783e-02
-2.543999565393337381e+00
-1.693540050241581774e-01
-1.011325125612048570e+00
-2.544694608370224875e-01
-1.744325381335696812e-01
9.695501210003711900e-01
-1.017062113495060593e+00
1.198824919095256153e-01
1.376052163594013056e+00
2.264863125789112475e-01
6.767826070430880137e-01
-5.381527658851650298e-01
-1.313278520428105667e+00
3.959714572682045963e-01
5.800650081945599723e-01
4.483938765816971039e-01
3.942748842647432195e-01
1.207296825320936629e+00
1.325913268841515391e-01
-2.944464604650783301e-01
-1.425749809974689919e+00
7.277745428138791828e-02
-8.178479926785694465e-01
8.627291764134125129e-01
-5.687022723062822721e-02
8.388016770937006816e-01
-3.674373915643194821e-01
1.106757568138534431e+00
-7.427457306091705957e-01
5.050886516380571623e-01
-1.740486966937440982e+00
-2.383831088178716417e-01
1.456397262789425939e+00
9.381748347550625811e-01
2.436732812189560116e-01
-2.242474188976764538e+00
-1.168390042075174939e+00
-5.224184338869767297e-01
-3.357902900985130779e-01
-4.518807060694538524e-01
6.144812056417625623e-01
7.908927888125629746e-01
8.181973568773244221e-01
-5.973062857106264945e-01
-6.471932861202606135e-02
-9.937386031355706084e-01
-9.050130377940740489e-01
-7.609140942596472890e-01
-4.821753602731864152e-01
4.512258233994136392e-01
3.428450811757164929e-01
-1.013129842496654831e+00
-4.558735317869309078e-01
-4.123335338872386457e-01
-5.219012567799579116e-01
-1.595774068134588664e+00
8.307471518932776910e-02
-1.601839256482488760e-01
-5.110066660420831131e-01
-1.040813515308340875e+00
6.930625104884300391e-01
3.771944679659730570e-01
-7.269310479408069847e-01
-1.857261518405125059e-02
1.040662554512909121e+00
-4.337139028084039949e-01
-9.819133759797924466e-01
-8.824096443879755336e-01
7.409269686856022608e-01
-1.832222380837159603e-01
-1.179920180854716616e+00
1.160683468313943090e+00
7.756691330333755907e-01
3.708311515214566256e-01
-3.517649389629013412e-01
-1.076609917845985920e-01
-3.085239554826640918e-01
1.057347431470348820e+00
6.648749337386369307e-01
-1.986252720166558960e+00
-2.102011331198215149e+00
-2.045986483171027714e+00
1.028503838025041084e+00
-6.153384080507553477e-01
3.263411072382423755e-02
1.186678648780454370e+00
-4.403950562406797054e-01
5.902546581091334676e-01
-2.882050842032715665e-01
-7.964656833116896539e-01
1.190374302863203559e-01
-1.159880782803798249e+00
-8.564093248139142966e-02
-6.561305914359052416e-01
-7.032768793072753377e-01
5.733683406753510292e-01
-6.322331671398255803e-01
-1.098129176682340891e-01
7.545461712077579097e-01
-1.886010290106870380e-01
9.714473634873680430e-01
-3.091272020973757639e-01
-8.098976145541146865e-01
-2.303296645283988031e+00
-1.189592064611866284e+00
1.525372470939455827e+00
-2.804148949688662351e-01
-1.357049028056520612e+00
-1.548036322352648042e-01
4.256200925077160968e-01
8.705351272028799547e-01
2.139516409325343815e+00
-1.576409897206225041e+00
-4.862448309269477853e-02
5.472993103229166767e-01
1.870104159760693219e-01
1.299849642587783960e-01
8.461149705168362622e-01
1.092876654380492862e+00
-1.298995804945451082e+00
-1.226502105558147759e+00
9.311563326521146156e-01
2.268129229509958655e-01
-6.513967285154598219e-01
4.104113223762960727e-01
2.051189253546778779e-01
-7.323476160341974017e-01
4.608007530263778101e-02
-2.110364773647352976e+00
3.037414039479903738e-01
-1.908563288483178799e-01
1.222586518270459388e+00
-9.946358178310634734e-01
1.309676729599065670e+00
-6.801689286855899796e-01
-3.889050717510999511e-01
-3.615597592894831402e-01
-1.137174249767640033e+00
-3.984829460517136379e-01
3.659206643550402815e-01
-1.370453466547269405e+00
-1.504912911854435764e+00
1.177502608044892707e+00
7.792160835326507051e-01
-4.293545221095815823e-01
-7.575407154585577230e-01
-2.907330294022696937e-01
1.186368730901986301e-01
2.096939940612303932e+00
-2.046690423372549361e+00
3.377487210553784092e+00
8.998305499249829031e-01
5.935634964698700833e-02
9.744158707604616554e-01
8.652493660083192539e-01
-1.413951338024015181e+00
-6.125564179642062346e-01
1.308160164573646533e-01
-1.225114735668930976e-01
-3.458086385583725164e-01
2.043684986127295655e+00
-8.665084747224286454e-01
-5.192772033850157065e-01
1.950927924780918810e+00
3.246081303322715939e-01
-9.857204797291047038e-01
-8.683535401989299352e-02
7.832120011661524162e-01
4.773298788408995574e-01
9.602902553343420355e-02
-6.862013361178277426e-01
-5.138709693626403174e-01
-1.716424391978199626e-01
6.032317606056968040e-02
-6.417453386435524598e-02
-2.102948894476961983e-01
1.230831016592188604e-01
-6.883804438894327582e-01
-1.313453383776193029e+00
-4.652843386319029939e-01
1.557900320768914826e+00
8.592479256593620329e-01
-1.321462732724068889e+00
-1.455417643393944527e+00
4.523438958059588511e-01
-2.849507749935305534e-01
1.589929965175564064e+00
8.900098979161489288e-01
-1.989605742706470615e+00
7.569212672031989941e-02
-5.136518420024093201e-01
1.296833235798128925e+00
-2.229738067035811344e-01
-2.843352655131259787e+00
-1.224898847863428397e+00
3.251054347397593358e-01
6.242598344204043359e-01
-1.544201238447489688e+00
