1.136244324856358068e+00
3.336047409753130744e+00
5.402759449191124608e-01
-5.533233480474538668e-01
2.727246741041933209e-01
-1.951484191588241934e+00
1.350529804331814798e+00
2.135381428167823614e+00
-1.028889953805256496e-02
-2.791232598010046750e+00
3.673101062166019837e-01
9.694402089051854521e-01
3.784671514784844426e+00
5.439940350026808424e-01
1.856468524587380209e+00
-2.316833054729583452e-01
5.584924176425034581e-01
1.524872786548280734e+00
-2.326583110548269051e+00
-9.780941847939197409e-01
-2.605437905339926807e+00
2.701148771807739379e+00
4.569357331110533771e+00
4.693650115008056289e+00
-1.102758863345810969e+00
-2.463283420265703905e-01
2.516802623360399060e+00
-1.593153914436567398e+00
-2.326985117813777038e+00
1.307043710005981074e+00
2.433536557805642264e-01
1.665401750562141014e+00
3.298135865455960047e+00
4.615423585408339413e+00
-4.054361284208722438e+00
-1.099539540303580143e-01
6.150621073142011896e-01
-5.626807543073452322e+00
1.542903100538724370e+00
3.868496671026729894e-01
2.076628281844326018e+00
-3.041185314952018715e+00
-5.850347008674178229e-01
-2.035025052980850013e+00
-4.905252544824870498e+00
-5.445480789217226558e+00
-1.517571778097358326e+00
-7.659655097805706525e-02
1.252871684772709493e+00
-2.130962678115293496e+00
5.235670573872303279e+00
-7.313413352007481549e+00
-2.289494466427002273e-01
-3.858836602674556859e-01
4.566834081789157729e+00
-2.929621271686045247e+00
-5.211556675317144283e+00
2.336271964931794898e+00
2.308923873955488038e+00
3.313272839222884514e+00
-3.170032536893305330e+00
1.749980499706594417e+00
-3.241609921330298238e+00
-3.044855722753969651e-02
-4.209133115267738035e+00
2.629585980051322380e+00
2.229733476722856267e+00
3.743120046207754736e+00
-2.645187045527437775e+00
-4.024234811012839863e+00
-1.384014809779242849e+00
3.115151351528238521e+00
2.254518324017943165e+00
1.309848642815125475e+00
3.735514635266703465e-01
-1.137060190126707448e+00
-3.914532645714645653e+00
-1.461432636019145637e+00
-3.214172050618109733e+00
1.768338963396591801e-01
-2.212251803221716884e+00
4.868797010539351877e-01
-7.943716080390410550e-01
-2.277719455848479679e+00
2.953778193104890093e-01
-2.967554310864252365e+00
4.832808204510341543e-02
1.250112973331948485e+00
3.150861514383516138e-01
-1.010192707584856242e+00
4.547428747011959871e+00
-2.221477501349760075e+00
-2.956411821347071367e+00
-2.985631264044711131e+00
-1.304585657217449235e+00
5.443087473569854229e-01
-2.650755837197189990e+00
2.702637404333478877e-01
-2.016274528302963276e+00
-2.616055828836497898e+00
7.211230074157242154e-01
8.408019338421852673e-01
1.679366310941158069e+00
-1.991442845517810811e+00
1.441277847079920127e+00
-3.500088549224105172e-01
3.404824845005336442e+00
-2.675680032389332830e+00
-1.634819733540742170e+00
-2.017394029387187815e-01
-1.066076970946481239e+00
-1.462714375493252561e+00
8.082716637541238480e-01
-2.221512737604142806e+00
2.878516711492706825e-01
-2.880166935740878231e-01
-9.914991354222446596e-01
8.683702909267143610e-01
1.681982406458200296e+00
-2.676032720172487611e+00
3.943369070108229568e+00
-3.557518991945621267e-01
-4.357611219114308487e-01
7.567098326748371573e-01
1.998994715234439612e+00
1.080077316309749680e+00
6.906198784254304890e-01
-3.726335521186706856e+00
-4.166552848980508372e+00
1.945691383990857837e+00
-8.633048828724929624e-01
1.436519138101312265e+00
3.848520571485333441e+00
1.374652313290844585e+00
4.842326914264742044e+00
1.131906843225095383e+00
-1.456779178198574387e+00
-1.359162789956955386e+00
-5.663125562048949568e+00
-2.088126813409024063e+00
1.180305642589193488e-01
5.381887388306672015e-01
-2.711454983954763698e+00
2.763087009634884739e-01
-1.780626785922703625e+00
5.259658618050470302e+00
3.954163242942267509e+00
2.752192220824106528e+00
6.726016613268017696e-01
-1.792544018821268237e+00
1.652307575280799412e+00
-3.289830513204961893e+00
-8.613208015114880434e-01
-2.140382328143266122e+00
-1.838655710733175241e-01
-3.618782986305584815e-01
-1.181091569845833744e+00
-3.404531638700953433e+00
6.758589588987790719e+00
4.028397217630722560e-01
-1.329363017377066081e+00
1.592382132306250586e+00
4.616986211840887755e+00
-2.085285188635204623e+00
3.294560724539172814e-01
2.347271676706650378e-01
5.435800436786286660e-01
-3.664643685878232748e+00
9.070352553423538522e-01
-9.321970580472900281e-01
2.331037462460392451e+00
1.136107466503926355e+00
1.790994587179461917e+00
-8.477368322530514089e-01
-2.229345471793094724e+00
9.961244809747621387e-01
3.151305835564273572e+00
1.868914515875035987e+00
-2.979090182659503760e+00
-5.193109018909444430e+00
-3.355246905296133342e+00
4.462668602968958176e+00
-2.151040258782737524e+00
2.355461043319806436e-01
-3.399815473016347234e+00
1.089281890203876779e+00
2.082588782072449796e+00
-8.630088095289165651e-01
-1.175382108251149971e+00
-1.325435255757112518e+00
-5.912518773287555041e-01
-3.270732431720218436e+00
1.554710895181843355e-01
1.587587087832246890e+00
3.846943544796078029e+00
-1.382304498432754158e+00
-3.875853949477223725e+00
1.637620301940510448e+00
-1.956819316111566565e+00
-1.649434429302986338e+00
1.367267608925416988e+00
1.947759709675047857e+00
5.657575100041927207e+00
1.230756595779809004e+00
-2.289365326494932074e-01
3.760293839024668738e+00
2.003255724314339847e+00
4.256661540522238774e+00
-3.315989446340862123e+00
3.585337775480496703e+00
-1.718900110656485847e+00
6.599424485042988398e-01
4.013536012969048272e+00
6.423658617615831012e+00
-1.274622815193921177e+00
-5.548888663089929452e+00
-8.389325821688597529e+00
5.076062152840066233e-04
-1.411314955081109268e+00
-5.362662386393499681e-01
1.508737654042374698e-01
1.580428404590118241e+00
-3.077907843753352246e+00
6.838024416422827656e-01
-5.214743472317180384e-01
-3.560723908054302278e+00
-6.930430138617188485e-01
3.347166658811018713e+00
1.422057511885503001e+00
8.923241461156363741e-01
-2.376496049561409585e+00
3.926218654228984306e+00
1.178638119037951348e+00
9.241915399084410510e-02
1.229447425597950394e+00
-7.471409371640986841e+00
-5.844928708064911937e+00
-3.292532398875536614e+00
2.241103154010225751e+00
2.940184895197102133e+00
-5.493748837690487496e-01
3.014182538599540218e-01
4.307513049119453541e+00
-4.860317470672302353e-01
3.967089377992354393e+00
-2.641294914134637573e+00
4.076362279308331615e+00
5.148692986246832248e-01
4.404233070068491962e+00
-8.020888891082874617e-01
-1.662218580289593017e+00
-2.528565512542871208e+00
2.439400807781581637e+00
-2.351264406324257372e+00
1.101418778717384361e+00
1.804290538719159009e+00
8.071769102826185094e-01
-2.112563384880536077e+00
1.636074438029505584e+00
2.126154823460609133e+00
2.126286643460999493e+00
-2.316647557975914928e+00
5.040702349581955843e-01
-2.620168192629062531e+00
-5.995033806954666034e+00
