-7.251750933880927175e-01
2.474780797298190560e-01
1.281634801670954005e+00
1.071025429712223698e+00
4.208963635366596567e-01
5.856678889992029680e-01
-2.474131201779364575e-01
-1.976553742749843912e-01
-5.192830305090778698e-01
-1.154828169093897072e+00
-1.780594518605387033e-01
2.211868565440053835e-01
-5.590067583193616407e-01
3.313309811507536562e-01
-2.527392758841721321e+00
6.601424754312373855e-01
-6.577095792936200613e-01
7.399755063332903449e-01
2.645586713981066818e-01
6.825900011108884669e-02
5.720455553932882742e-01
2.565035797385136623e-02
6.853015289452090153e-01
-9.307175314650835765e-03
4.609186862809407786e-02
-3.668233018905151521e-01
-4.502462461388439530e-01
3.428975429547772569e-01
-1.063910153808666603e+00
1.040090231618314931e+00
2.572169260318169504e-01
8.750254417824496755e-01
-9.046697385129967017e-01
1.068495575110551377e+00
2.252801363682645497e-01
-1.884583609042372210e+00
1.081823790587590622e-01
2.822962235066571735e-01
-8.617843952513627448e-01
-1.402112816077848212e+00
-2.248240161433928908e+00
-4.398732397882916256e-01
-7.795054673845439597e-01
-2.414172036720984571e-01
2.634205517265280627e-01
1.108528072106717666e+00
5.491765270791031384e-01
7.219842051935807525e-01
-1.980189840297901793e-01
1.775149672449186644e+00
1.291420164896851519e+00
-2.899265333483241336e-01
1.493081439219758055e-01
2.168795025662355602e-01
-3.635729579713294912e-01
-2.356227812073973027e+00
6.013016890395046499e-01
-3.678553518669524514e-01
8.127707887563709876e-01
-7.392292385064146432e-01
-1.997370307311359339e+00
-1.122823400165652075e+00
-2.003962713054979528e+00
6.780288133878450418e-01
-1.074506646318054814e+00
1.186190230755099329e+00
1.376692530085663058e-01
-1.761165557702324191e+00
-1.309163466485888661e-01
1.185923154115553046e+00
1.654978388232738018e+00
-9.501015284323716115e-01
9.117370201550994979e-01
2.753689006019348073e-01
4.650755613061536842e-01
6.138353058070141616e-02
2.322295706101972779e-01
7.431679739530528961e-01
1.953681802147064495e-01
-4.135640871467033408e-01
4.991385719745927707e-01
1.456554768708305803e+00
-8.982695581017526021e-02
-5.739191625758338633e-01
3.336432580228671507e-01
-1.540576021916998162e+00
-2.365603256021689305e+00
1.418020098596474154e+00
-3.093247821903331585e-01
-1.826576215116490376e+00
-2.006282374183892436e+00
2.340689336742733939e+00
-2.790950084577695778e-01
-1.232002895242150092e-01
1.708535270522030913e+00
1.226252759256098557e+00
-1.012924025419438490e+00
-6.090691666908628621e-01
1.426848236012266513e+00
1.090698752069363620e+00
7.397944810186518616e-02
1.472945816978649791e+00
4.240837144933480296e-01
4.910337189444061723e-01
-4.589423967935192805e-01
-1.798269391586456434e-01
5.347001818375018978e-01
-2.255040412455786014e-01
7.911442859597126454e-01
1.021907421596176979e+00
6.871580601979926373e-01
1.050827851283612224e+00
-1.606377278096405084e-02
-5.223965071754930189e-01
4.008075844897466267e-01
-9.837217820264860801e-01
5.253605146925012237e-01
-1.263791726578890329e-01
8.180196614428365542e-01
8.933941600737502764e-01
-3.513156251547069897e-01
1.024421471907707826e+00
-7.235534196707950061e-01
-1.590825091196604646e+00
-1.132314836994132934e+00
-1.824292962762564363e+00
1.282876463313891713e-01
1.024157183615819644e+00
6.034981737315844308e-01
8.188119448887170027e-01
-2.346127362786590287e-01
1.969843806214054638e+00
-3.901007847516589910e-01
9.865275896238486775e-01
8.164419214367293343e-01
1.169724689346543611e+00
2.836989018830679554e-02
1.543157525959355070e+00
1.633644770127564927e+00
-2.176260025024910061e-01
-6.535817737900156965e-02
8.715530091455027106e-01
2.208270621584103588e-01
6.830802129345521223e-01
-4.343750173648078805e-01
-5.093233422965454116e-01
1.743139319268594304e-03
2.533838796010252192e+00
-3.932528214294350177e-01
-2.981617073791116845e-01
-1.002201273545434868e+00
1.809279054261770714e+00
1.449815096686959959e-01
5.694524839616913470e-01
-5.931506175318534968e-01
7.720935042645713509e-01
2.330662375430422872e-01
-1.700699814928045450e+00
-1.024365630442265251e+00
1.383861756240406748e+00
-3.507345817407928612e-01
-1.712916107125839749e-01
4.791202132177829198e-01
1.004383477409100944e+00
-2.817630755985959246e-01
-1.191493065349305880e+00
5.080375887933498424e-02
-3.369866784426165940e-01
-3.183669061625551411e-01
2.755441160488742575e-02
9.912035634628367509e-02
-1.957626699898609823e+00
-4.779179111435487570e-01
-6.103911949375949719e-01
-1.133429143625738655e+00
-1.048427786169887410e+00
-1.529269651345423364e+00
-1.236098387756556560e+00
2.451699523212733933e-01
-3.191025207695196153e-01
1.397966619626072715e+00
7.444347614136448410e-02
-3.042647447491995671e-01
9.027622217265405258e-01
-5.402469684084734158e-01
6.373890331859113356e-01
4.569460785379638734e-01
4.975605378547942048e-01
-7.178627961959861414e-01
6.609045419902497276e-01
1.555025989734698244e-01
-1.258848499057136916e+00
-2.699721520999409652e-01
-9.163904829091354953e-01
-1.580864856543119645e-01
-1.216162355516891447e+00
-7.228038694785250684e-02
8.062586292123961051e-01
5.597927639503934572e-01
-1.101655296100826797e+00
4.896770108022832635e-01
-1.343447850857634407e+00
-9.271092295085829882e-01
9.556589904686830783e-01
2.218000275597548088e-01
3.953120204569711693e-01
-1.076331991590953274e+00
4.313261367534306223e-01
7.323703117058345535e-01
3.613971089082643751e-01
3.894224199691234123e-01
1.099330364322405940e+00
-9.568041125327148011e-01
-5.407886290994454725e-01
-9.855955057107305128e-01
-1.151298595277357562e+00
1.018609067843453841e+00
-1.690873274540274807e+00
-7.635517806150817766e-01
-1.655430765131044701e+00
4.038495660181574132e-01
1.979625393303789727e+00
-4.926025556864659372e-01
1.188109055893242116e+00
1.597554139571946585e+00
5.104989020519408172e-01
1.848142092177517570e+00
7.817517284339406958e-01
4.303320943126444087e-01
2.253829576624943598e-01
2.429748841789547698e-01
-8.971013169388164510e-01
1.170827433040841914e+00
-7.178154316174872873e-01
-2.810224102124878054e-01
-5.218656781571167080e-01
1.416186038725140595e+00
6.992417637598491442e-01
9.075833837434963414e-01
-1.447682068568269864e+00
-2.399145988821943798e-01
-1.014465991483027407e+00
-6.399523014950558863e-02
-3.685713910522254722e-01
-7.171357030074502203e-01
-3.947335676526038117e-01
4.962273603182592585e-01
6.315335273165393337e-01
3.224105973454203244e-01
1.638307250697427664e+00
6.406166225558168614e-01
1.552737874429796605e+00
-7.288907395514286902e-01
-5.672090968375929076e-01
-1.235474973944009208e-01
-1.836335475477137436e-01
2.277911363347802885e-03
-9.302087789042514654e-01
1.555398108065762619e+00
-8.497196937306207287e-01
-1.944897996770139290e-02
1.436924244445444421e+00
-1.624102380639027121e+00
-2.762435686932062762e+00
-6.164928341277646773e-01
-3.773026549778921712e-01
3.259885196039095656e-01
6.966141087549280186e-01
7.721891830317595407e-01
-2.094269177729561615e-01
-5.462930947161740436e-01
5.937563633300977362e-01
1.118399808952704605e-01
8.817074030802093398e-01
1.016304842383587648e+00
4.712772524695604814e-01
-1.227603205607765702e-01
-2.561503709111202731e+00
-1.058302343388637601e+00
-7.452696187913122605e-01
-6.895803472015885616e-01
2.226416123064272945e+00
6.894981154900114984e-01
8.098303716847496947e-01
-7.272392817213574334e-01
-2.555318647366686680e-01
-1.083651509295913584e+00
-7.414316017079325416e-02
-8.165549123628702555e-01
-3.433940308746284420e-01
8.112000646040553598e-01
-4.212831309559433857e-01
7.212293866492298644e-01
-4.360141879719803271e-01
1.143950512817614396e+00
-9.846098788557503534e-01
-2.054033126803690990e-01
-3.827011732258039367e-01
-1.188811880601943649e+00
5.256630387559524387e-01
-1.333730090265559998e+00
5.034623637583903744e-01
1.259183322252613424e+00
-3.492874768250356365e-01
-2.127885741550944454e-01
1.144961461066436925e+00
1.160991936877901753e-01
6.363121982539048371e-01
9.934333444312354322e-01
-7.070409008578246723e-01
3.430126535041179148e-01
-4.832418648243110293e-01
-1.571332096863490957e+00
1.789310087268659588e-01
-8.214104233366484875e-01
8.267273847109966045e-01
3.975908153865480577e-01
2.047755301392991001e+00
1.071894981910033851e+00
-1.289201019462209441e+00
-1.103098676293790825e-01
4.814967322550148254e-01
-3.042319820405185449e-01
-8.685044060999123072e-01
-4.328265896850702066e-01
8.670941476944121762e-01
1.751921771473163192e+00
-7.240928392293770610e-01
4.261717774428482319e-01
-1.706874157449436602e+00
8.162728243478329926e-01
1.099188735230951064e+00
2.358367775499068120e-01
9.640387727260284478e-01
1.739960611414036462e-01
-6.008562559272740966e-01
-1.101579107559299331e+00
3.092586511430081564e-01
1.030279104291870418e+00
6.446717743192822425e-01
-1.184065487901759806e+00
-1.009562651866412891e-01
-1.477907406510663435e+00
7.792296553145606763e-01
-1.414707550523255586e+00
-1.129688253491829997e+00
1.260005390502035860e+00
1.523579647156649619e+00
7.132139834109867127e-02
1.000000000000000000e+00
-7.171357030074502203e-01
