1.649831737878482585e+00
2.242727652615331024e+00
-1.309506816670034546e+00
8.867470996180505383e-01
2.147864324823738902e-01
2.605530507065346502e+00
9.205395543890907417e-01
-8.572568115421148605e-01
2.653281211238804893e-01
-2.183529650342413753e+00
4.617851860895071936e-01
7.731272057065616821e-01
-7.188913247171337950e-01
8.421653063200169598e-01
-1.357391529047040080e-01
-1.430888613006984222e+00
9.338444092863337764e-02
-3.044079634588232608e+00
2.871283610892133575e-01
3.981306580349698310e-01
-6.449321569459269821e-01
-1.485727451447973912e+00
7.803583434706298227e-01
-1.541888378622081612e+00
1.043458755183966913e-01
-3.330325775454400450e+00
-7.658230149653058039e-01
-3.499966692366113463e+00
2.596249725280923570e+00
5.016389148656731356e-01
1.357052603995827500e+00
-1.496833608627613055e+00
4.746033498788967409e-01
2.869498926020219276e+00
6.482109041623262957e-01
-9.722839743960826064e-01
1.504625427928688142e+00
-2.804641258437073903e-02
5.170205983049864784e+00
1.410373951621444855e+00
-7.876712332227836511e-01
1.208753924289447168e+00
-2.836257384997151298e+00
-9.540509893085212800e-01
2.804106316482142258e+00
-4.122610910039465337e-01
-1.886513561273604755e-01
1.881184469311188157e-01
1.167675500899294505e-01
-3.069397263658640851e-01
1.422828003734498692e+00
2.160709291038832802e+00
3.291241634983388842e+00
6.342582052615699517e-01
5.728986010578883681e-01
-5.481762708973513254e-01
-8.015006062988705438e-01
-1.133082395409596987e+00
3.655747451549224980e-01
2.845631228754075259e-01
1.567258032115195876e+00
-4.465277828650607295e-02
-1.686808488641780679e+00
-1.036497869632924784e+00
3.396129661068952865e-01
1.240800970759771804e+00
4.240570682477532438e-01
-5.827251398558532802e-01
-1.028232742259740595e+00
-1.392937179481061438e+00
7.727900497558011228e-01
-1.086825630481617511e+00
3.010354011357156079e+00
-1.497827780749123594e+00
-1.293702236286902729e-01
1.070801825957370168e+00
9.657928529061805545e-01
2.919227582477610383e-01
-6.592639787654691608e-01
-1.387669008308191620e-01
2.110203999144768972e+00
2.342659639202152366e+00
-1.199288192997593150e+00
-4.531841838836002667e-01
-9.916195933030853560e-01
-2.979339896931653131e-01
1.669283301359063332e+00
2.430152506995483019e+00
9.937967925948143488e-02
-7.874368440238856959e-01
-1.904813932485290628e+00
9.729790601339444178e-02
4.017156804790276148e-01
1.242015541654316824e+00
4.949272708512091334e-01
-8.983170800196411676e-01
-4.276156892103031848e-01
-2.649846723786040137e+00
-4.967146971824332735e-01
-1.494311080437966455e+00
-1.558679375678258427e+00
9.382031396346064422e-01
-1.423080012483038281e+00
9.117361417065635854e-01
-3.381100737450324356e-01
-1.806711113106473032e+00
8.068779157094267962e-01
1.488675387679276430e+00
-1.721888907319099271e+00
2.154411799946899020e+00
1.239185326097151929e-01
-2.212084697796541377e+00
-4.465418310319284600e-01
9.922754727930962471e-01
1.060886207229875922e+00
2.055938386720229438e+00
-1.170064889841010425e-01
-7.554424269132876679e-01
1.381054208188557120e-01
-2.075945611330625717e-01
-5.017133100756518971e-01
-3.009960471784243641e+00
3.174206388518150401e+00
2.556728457475997640e+00
-9.295583403497754693e-01
8.916932105069692582e-01
1.535605571182308893e+00
2.241128426497471793e+00
1.409292982529469551e+00
8.270276594425306493e-01
-1.855847401307222144e+00
-1.778632496431542531e+00
-2.308555747443871820e+00
2.302249416377103675e+00
8.038638772072826955e-01
-7.362620037341385260e-01
3.414281090282514364e-01
2.532703425164225752e+00
7.714713058798150502e-01
-5.179201360851533043e-01
1.272462912046963046e+00
-2.627026022758514601e-01
1.142990705902198201e+00
-1.367919439016973548e+00
-5.096424540854931351e-01
4.471463595149725023e+00
-7.778591755846671063e-01
-9.554466641308443364e-01
2.689544713315596525e+00
7.271817668701211490e-01
-3.272949620471915289e+00
9.387863856973450716e-01
4.130885693006865478e-01
-1.373534179094948238e+00
2.512060383611812941e+00
-2.415799582402372303e-01
2.903361000826989446e+00
-7.585156291875918555e-01
-2.200158125923180386e+00
-2.921804548526242051e+00
-3.338917803725690581e-01
5.980969711430383917e-01
1.832491935845221409e+00
-1.379951182411616406e+00
-4.771737913596326153e-01
-8.579436983039580022e-01
-1.420254289156001715e+00
-5.589326515255821359e-01
9.997287055641475018e-01
2.284101439160186597e+00
9.529116734095843810e-02
2.214637342438691370e+00
6.027596599488783680e-01
-1.763266083440108156e+00
-8.010478964923438694e-01
-1.708523608801003402e+00
-2.286623182168951995e+00
2.412023539174143139e+00
2.604561722860103679e+00
-4.824891140670535261e-01
-2.762316941713233831e+00
-2.683649082093546134e+00
-1.507421880529713709e+00
4.334922028856108556e-01
-1.940133640220159883e+00
1.253028679522723898e+00
1.614876383321790732e+00
-1.224071043111319534e+00
2.768633421400512606e-01
5.339630691169090504e-01
-1.865715010725414735e-01
-5.759780858566804218e-02
-1.719028597644571610e+00
1.454487153612328054e+00
-1.189507078083924085e+00
1.240517633801745401e-01
-5.676185692359645429e-01
-6.065251665752672272e-01
-8.790605604940935347e-01
1.948415022179127432e+00
8.328450864486431904e-01
2.710529633405809324e-01
-2.246781680876529741e+00
1.465114414278843480e+00
3.816678061003751399e+00
-2.175587722267027679e+00
-9.961002353901163842e-01
-8.911875948072922604e-01
7.502772033938843732e-01
-4.704414639937548048e-01
2.803289782202079028e+00
3.771003993659816089e+00
4.318883826917008228e-01
-3.891065183225264068e-01
-1.602374227783223415e-01
1.569102721628259145e+00
-3.263083525306867738e+00
-2.335335659469433889e+00
-1.871376954834522266e+00
8.970923389227114519e-02
-1.300317769554156566e+00
-1.074962744138170390e+00
-5.033982698478607354e-01
-1.789421676783791992e-01
-7.232432840316774247e-02
-1.837971602475219290e+00
5.058614552159884648e-02
7.490457231037237484e-01
-8.793923763077553524e-01
-4.883154318748469946e-01
3.034920760724802991e-01
4.508511848707266179e-01
1.412675119766582388e-01
-2.030525718756549303e+00
6.413508880621217045e-01
4.119136024486463321e-01
-2.183030490535753820e+00
2.964007167570059664e-02
-1.682698516899277630e+00
8.158759527273119483e-01
-5.952237243508798903e-01
1.360889879000203306e-01
1.717740474162396946e+00
-1.119715800937817196e+00
-4.269089770323145627e-01
6.758122848854537512e-01
-5.801601042787800644e-01
2.017535295634504511e+00
-4.270606015701503000e-01
3.498626018346451261e+00
-7.947936662729594426e-01
-2.619999072930610851e+00
-2.518856839305695150e+00
-1.970489300207856731e+00
-2.219547563406140678e-01
-1.401280586219562085e+00
-1.094744050653394085e+00
1.341191783720820374e-01
1.331775768299259477e+00
-1.452005727224474074e-01
3.027827419383193885e-01
-1.157305338163804986e+00
-7.697204124216290300e-01
1.845175500022544934e+00
-8.218577716561260571e-01
1.063135927221061428e+00
-1.314015951495995038e+00
-7.780739683045367894e-01
-2.913450371268333505e+00
-2.552785669391943735e-02
7.511954647034060351e-01
2.599405443708723507e+00
-8.889182355355207399e-01
-3.688427072279020225e-01
-1.942358995915644537e-01
-4.609667630631122393e+00
2.381696786238804098e+00
1.576324956356341511e+00
-1.613978904507418211e-02
1.177992323378795891e+00
-1.227900420320691799e+00
2.130150564964101711e+00
1.337057185917046365e+00
3.010177880773274861e-01
-8.267692955541505739e-01
-1.397711554070357742e+00
2.846111035342435258e+00
1.151851278966802949e+00
-4.164147170652766627e-01
-1.419894429982538231e+00
-2.867968874440754989e-01
-3.459217406532721917e-01
-1.071730657945244802e+00
-1.206922747160356524e+00
-1.968187819516399317e-01
-1.055858288480900020e+00
2.516623755923521055e-01
3.306007269482735822e-02
1.188350380959961372e+00
-3.369235424784208233e-01
-2.199382555804505035e+00
-5.022850752472732827e-01
1.653058628566968613e+00
-1.504399412489495713e+00
7.946587120973012119e-01
-3.197218855931290293e-01
1.615389084473358938e+00
1.232508700579000749e+00
-1.092212016745630843e+00
2.529581961364300025e+00
1.610174570008013895e+00
-1.696217777738197041e+00
-5.398577262828558876e-01
2.080386604046735588e-01
-2.517176242088546623e+00
9.871550306289890164e-01
1.097216830111291896e+00
-1.722143684726225032e-01
2.982471818247720563e-01
8.527621379356586928e-02
6.715446614387277080e-01
7.756823485632688975e-01
2.582355634020677693e-01
1.558035793153667581e-01
2.597752319838019797e-01
-3.943446269856132336e-01
2.211612106861468252e+00
2.428814219253989104e-01
1.144044925913791477e+00
-3.509870926883988940e-01
-7.989785337078825211e-02
-1.291430985391359920e+00
1.836508814514498100e-02
-1.417533676259433939e+00
2.009219535649958699e-01
2.331464748288332167e+00
-4.807689593328919875e-01
-3.062621804548252280e-01
2.492667637495421529e-01
6.533760614171696401e-02
1.925184114123535295e+00
-2.202840038324350935e+00
-1.306030882534690907e+00
-6.244208699681539354e-01
-1.349728702609662045e+00
-5.083169373174495353e-01
3.720310473074482704e+00
1.815846449980876631e+00
7.658938987849825963e-01
2.471558284201035849e-01
3.953251183378913680e+00
5.262722290892090093e-01
-3.093255574211451808e+00
7.259123973105623406e-01
-2.205704697833517081e+00
-8.495463812045908059e-01
1.144374348811484809e+00
3.937901636861548038e+00
7.814210545100532812e-01
4.811021869912051052e+00
-2.784524512923540196e-01
-1.155134795115012603e+00
3.966419803660889531e+00
1.517363323543068798e+00
-2.241987708914238819e+00
-1.337469770334520858e+00
-2.793144122008361929e-01
-1.638895561334105855e+00
-1.510078449906214981e+00
-2.072813074638035769e-01
-2.721748401247444882e+00
1.528217275693629418e+00
-4.667140971012618822e-01
-9.806070979892880235e-01
1.617156156802711742e+00
-1.948976665535321562e+00
-8.693644132128475199e-02
-1.324894616311287132e+00
-2.563527296085202689e+00
-1.270176056548333987e+00
-6.360476273182179563e-01
-1.035942483421735449e+00
-1.820784724887696937e+00
1.958547609139605017e+00
-2.215702978574735083e-02
2.936012903993573397e-01
8.546249014698013013e-01
-2.911906757950300850e+00
-3.001908733308328525e+00
6.114476231000343098e-01
3.571110828027973749e+00
7.461960735761291597e-01
-2.342840539459861482e+00
1.571292034881202060e+00
-1.357198908853905372e+00
1.785678188751125939e+00
3.613215089931464119e-01
1.932833742505409180e+00
9.017735657062198040e-01
-3.351659319200062548e+00
-1.474753309468930240e+00
-1.508567257976387355e+00
2.382272192090457430e-01
2.590903306332494327e-01
6.948672343460644552e-01
-8.962510863912800385e-01
-1.937491738952089593e+00
1.799113804089230717e+00
5.448824313722974155e-01
1.955331122392280907e+00
-1.380537710805212370e+00
-1.332117996455682851e+00
1.524207962273532280e+00
4.408098789788155170e-01
6.807504388716747457e-01
-1.609186205475705123e+00
2.176282269513417411e+00
2.494131429564688140e+00
7.895161454545628343e-01
3.261743135483233247e-01
-8.011225099796601690e-01
-9.985049599532410669e-01
-6.799189566872579360e-02
1.437695281018492199e+00
-2.142543055150512021e+00
8.298942669108877457e-01
-1.549136743041361841e+00
1.578938155881226102e+00
-7.743697192561694864e-01
8.731719579499594985e-01
-1.494543884933689615e+00
-4.397637280629307810e+00
4.874180674333709051e-01
-7.857163171427029580e-01
3.078512311712409688e-01
4.601111362239682090e-02
-1.497326074329126400e-03
-6.938513397663911286e-01
-8.712529879052322013e-02
2.646613237842718180e-01
-2.235936162691246620e-01
2.680393725064788013e-01
6.759988344718467768e-02
1.184049655116115041e+00
-4.706470275121474423e+00
-2.505295408872695972e+00
6.487657905880339637e-02
-1.150743955154918674e-01
-2.788037235052548968e-01
4.440344186336815824e+00
1.309929172408818010e+00
6.388036531096541459e-03
4.122062593751387727e-01
-3.072661341731114382e-01
1.748665811985835317e-01
5.580979074770264781e-02
1.393722939926941018e-01
-1.380229268687521049e+00
1.692720545956963418e+00
-1.260549201745441383e+00
-1.025678796431437556e+00
-8.346454316846705357e-01
6.100461390671515494e-01
1.068891341713625875e+00
1.570743201248903542e+00
2.410787033212381303e+00
-1.375581074573366092e+00
5.451224789115858282e-01
-1.703474080114567357e+00
2.136394452151604284e+00
1.039132307918079479e-01
-1.126689090342149591e+00
5.534529106008061472e-01
2.897559353637220170e+00
-6.090739641787349390e-01
-8.475052135749694404e-01
-3.489430546327121352e+00
6.744538666774795299e-01
-1.464095141855121796e+00
1.457689111321687436e+00
-2.079188997257133131e+00
1.359760271476162741e+00
-1.635270123478737458e+00
1.803890352305737577e-01
1.038912638664669874e+00
-1.774609045331732915e+00
-1.519201345616867149e+00
3.966015452383199191e-01
8.569569901841765924e-01
-2.989834297405672414e-01
-2.351314281145954754e-01
-1.196949288342330275e+00
2.079281350656960736e+00
5.229047758688225578e-01
-6.663378591268375173e-01
-2.278782613239265231e+00
-3.260483016081439089e+00
1.463769507500276124e+00
-2.473265331409749912e+00
2.943595684623970254e-01
9.979465694093829151e-03
-1.464294169580387384e-01
-1.149119025782180614e+00
-1.204408244447620069e+00
-7.281610056448903912e-01
-1.857808455188949770e+00
-2.182710829822881449e-01
-1.515622082974690921e+00
-7.264051400459314856e-01
1.554536367733225122e+00
-1.179880075751178481e+00
4.779846328465817140e-02
-1.695297025679467939e+00
6.263562697834292869e-01
1.572442936282671511e+00
1.339186110033927957e+00
-9.330965815583851519e-01
1.867463303911347738e+00
2.383616889128407301e+00
3.357731395610556113e+00
6.738904419212017327e-01
6.942527340813973158e-01
1.103080365560772824e+00
8.136003219619579729e-01
-1.443229673489046183e+00
-7.216588868873749507e-02
-1.448533031263233184e+00
3.441672320194388290e-01
-4.241365742998182142e-01
-2.677567817521478322e+00
3.174979388728454976e-01
-1.087730035132207007e+00
1.521671043719121208e+00
-8.328231468793576564e-01
-1.758792112215471493e+00
-2.059108610307627707e+00
7.447533608944941763e-01
7.960461310484259201e-01
-1.844026494598022037e+00
1.022317307478397996e+00
4.182205418722737100e+00
-3.573965447794841488e+00
4.092898508741599217e-01
-7.003130250314393290e-02
2.596334178462557318e+00
-2.424129328639131664e+00
2.583496401595005487e+00
-5.787262722871160392e-01
6.530174350053735699e-03
-2.424528577594769807e+00
1.520642125634263375e-01
1.496805522551157841e-01
3.151943869520519748e+00
3.272045056136785313e+00
-6.290237694948882519e-01
7.645604086166866153e-01
2.725929844781213585e-02
1.416627558041076762e+00
-3.039289920798317057e-01
8.592025784132398813e-01
-1.914622477607192952e-01
-5.562116598227712094e-01
-9.149863631821754106e-01
1.980045265861907211e+00
6.036065005256221472e-01
-1.786622728223886014e+00
1.168648883436933794e-01
3.039044991601661749e+00
2.007357306342615999e+00
-2.509608898128772747e+00
2.363978951505769088e-01
1.199705698981386348e+00
1.685776845470451146e+00
4.785844693752817069e-01
