3.253224903566566684e-01
-4.572827622813445680e-01
-1.386066965771579618e+00
-4.229252573310706698e-01
-2.601444844864932993e-01
-1.129538465852643059e+00
-9.576805205097108642e-01
1.434394001756174708e+00
7.630494758495648400e-01
-6.685903987310045649e-01
-1.360704263861228780e+00
9.819666775103156331e-01
1.775335738490214643e+00
1.590624840337933332e-01
-4.139727407680166560e-01
5.885839255431704053e-01
2.751546368445596524e-01
-6.154332250537613430e-02
-1.168714361167835225e+00
-1.961958521980443904e-01
-3.889228105795036750e-01
7.452180382828005323e-01
1.113452265622829840e+00
-5.211858092790083719e-01
-1.226086777891567808e-01
1.900790025413639395e+00
-9.265579257427322135e-01
4.718889233738593481e-01
-4.248298665267936647e-01
5.622191412239902625e-02
2.505885194015382289e-02
-1.071758984775563084e+00
-4.922758915907102795e-01
9.006130796220035428e-01
1.250875567972939306e+00
7.176063011470230624e-01
3.445784687496032395e-01
-9.451466653145815799e-01
1.652149338760241726e+00
-8.585334721006071534e-01
-5.390118010930097237e-01
1.021313854795400378e+00
-2.069660792225195500e+00
6.565128602318600626e-01
6.558937993934287336e-01
-5.056391976157307289e-01
7.977301117448651890e-01
-2.735947706366915200e-01
5.661496040803890573e-01
2.294762113006425797e-01
7.637492270480806811e-01
1.202311371465325796e-01
-4.838445657422463797e-01
-1.361618423713863990e+00
-3.988934565966927304e-01
-4.204214140467991689e-01
-3.873897927634553651e-02
8.392145019206072309e-02
-1.372256081426916463e+00
-5.572717092545016460e-01
3.116070628234721140e-01
-1.102131518459913195e+00
2.058950341604152801e+00
-1.929820655033821941e+00
-2.259481251699514415e-01
-1.568724102122439623e+00
9.784790802047116376e-01
-1.572239981550703547e+00
-2.603930272455070027e-01
3.337176455907042150e-01
4.226572858035420044e-01
-1.171740965363588405e+00
-2.807499554525929031e-01
-6.600879778505343021e-01
-1.824532741097893707e-01
2.218746283004550124e-01
1.201372562043608205e+00
-4.464295943368769559e-01
4.245682663223875886e-01
5.335965158600176617e-01
-1.046286992696349172e+00
-1.208491484695647822e+00
-2.199721670818439723e+00
-1.525111165973616956e+00
4.037825050534997740e-01
1.062935462771854717e-01
-6.745522425622582086e-01
-1.427240091528369392e+00
-4.456957249419452594e-01
-9.761680173953611872e-01
8.919431811667044574e-01
-1.570964314082564373e-01
8.538603890251637019e-01
-1.051417862709264628e-01
-3.098557839265980718e-01
-6.958056543843403885e-01
-1.071452707851324515e+00
-5.803317669470610118e-01
2.341717729526389957e-01
4.622497196733107439e-01
1.261428176429559178e+00
4.486714001857767253e-01
-9.528288671939387777e-01
1.036129826273399557e+00
-9.670105585308433893e-01
1.103603257197852017e+00
1.882633668885762335e+00
6.835938854280394772e-02
1.831177822222411836e-02
-4.511309965472614092e-01
-1.515675003737959603e+00
-1.112615816082055398e+00
9.919675825315544399e-03
1.130159435088794906e+00
7.756565834656249381e-01
1.621056083130565151e+00
3.795514384825613985e-01
2.438947931940911862e-01
-1.472398665719216071e+00
1.266852652655033884e+00
1.803324527040892633e+00
-7.893672355715245503e-01
5.115032662321896684e-01
-6.484213468875248410e-01
-1.172817785539413515e+00
-3.284649701206440731e-01
1.824293804739267610e+00
1.052788563151459300e+00
-7.146226542184956898e-01
1.386522123457858191e+00
-4.859598244600224493e-02
-4.745086963111072031e-01
-2.884644371639301097e-01
-1.138742960960574147e+00
6.400779395005166128e-01
1.390788560776629490e+00
5.075880807543849960e-01
-9.245251508957812447e-01
4.680844480245638928e-01
-2.014494449438194223e+00
2.466094857891528158e-01
-1.589716229363266287e+00
-6.555094260588234523e-01
7.413483406711959267e-01
-5.763462036652003961e-01
1.353949896419709420e-01
-3.877232672761664611e-01
1.028822271243965192e+00
1.015350796142642453e+00
-7.179925495933028312e-01
1.054077670249998766e+00
3.870288755905488820e-01
-5.167961923508399558e-01
-6.422607897305767644e-01
-2.126662337703542072e+00
-3.374720134420040596e-01
-1.161560222778583590e-01
-5.006680016824393009e-01
3.422676293147564608e-01
-1.445233443390884442e+00
-4.457603836773285644e-01
-3.249486400963983446e-01
7.566795380922619607e-01
8.094384408808378284e-01
-9.603902714031845589e-01
-1.596441320408017006e+00
-2.065782794888336493e+00
1.964982264187162542e-01
-1.560092910447105297e+00
-2.660984580769121255e+00
2.385009501049000780e-01
3.823523274369685643e-01
-6.744671151000357634e-01
-1.088352526669613907e+00
-7.700749502032037119e-01
-9.103077096634387688e-01
-6.357069810491595696e-01
-7.640903390887766600e-01
4.603729320479976184e-01
1.778224824421172912e+00
4.404631137719995926e-01
-8.892922373884597498e-01
2.749642133642467456e+00
-5.676954120536498172e-01
9.662330183247278548e-01
5.630638227112988448e-01
-2.549829451252013657e-01
1.556576067934396734e+00
-2.307159150281599402e-01
-1.217737165094874507e+00
1.479568852711644622e-01
5.105538223189981517e-01
5.816688657640565197e-01
-9.189065130082900712e-01
2.228403645335062411e+00
-2.753566634737502627e-01
1.005062387991842304e-01
8.832219929730500407e-01
-4.640231658688639960e-01
-5.444324825875487273e-01
-3.817211792002880855e-01
8.765755160350963138e-02
2.023332431574873080e+00
1.284617295107155721e+00
-4.398756555810791335e-02
-1.130080257650452197e-01
-1.321909922534285631e-01
-8.393092476466952612e-02
-1.204509556764063127e+00
1.315797649753415621e+00
1.324086136883220410e+00
-1.361203368028582439e+00
1.095314227466475332e+00
-3.486560354205809897e-01
4.152817329863693896e-01
9.768999532968789534e-01
-4.552421687232324210e-01
4.085394797324663485e-01
-6.655775655152611492e-01
5.442434669880550357e-01
-1.214566592812155593e-01
9.161632599314173397e-01
-5.302086215608033948e-01
-3.890851493947900530e-01
4.762050114821798630e-01
1.465096434827423355e+00
9.692889108481510529e-01
-1.733474137252627889e+00
2.822673223425870015e-01
-5.135447342977726981e-01
-8.841610058009280460e-01
7.032901521309528059e-01
-1.400799443790278875e+00
5.810168446414895049e-01
3.598907381386647897e-01
4.540603788513906947e-02
-1.022729880661751523e+00
4.248542827184716431e-01
3.467089650468163642e-01
2.466839478698782173e+00
-1.024560684370279667e-01
-1.083301687418161352e+00
-2.462330367106091433e+00
-1.025196203747087642e+00
7.443799542562534732e-01
8.192094057334793344e-01
5.769241699646395771e-01
-8.659841004516823926e-01
-1.327794011277876329e+00
-1.020079747075999022e+00
-1.487446685614632003e+00
-1.012425668225060305e+00
8.528586120013036120e-02
1.996764168794882000e-01
1.321009878419581396e+00
-1.468309672499090723e+00
-7.881347983768067778e-01
-1.982929021092602884e-01
-7.424959744250397842e-01
-4.778483592312134931e-01
7.476572071047102308e-02
-2.306126620018225104e+00
-1.099131576257570408e+00
5.646731052107213378e-01
4.204485833707244935e-01
9.931552582058731371e-01
5.604244169603624925e-01
-7.500172072695671099e-01
1.281817004407026728e+00
7.930595066509465996e-01
1.471688703786204311e+00
1.306619040225122319e+00
3.710081459390083825e-01
1.673654236711772603e+00
-7.735379980138598066e-01
8.937143699796309404e-01
-2.275918418302717849e-01
-7.666660184962097446e-01
1.165643769628608994e-01
7.467866795535551550e-01
-2.003788454261062668e+00
1.084721957114977986e+00
-1.163034620944503716e+00
-6.620352426085950315e-01
-2.123882995210832625e-01
-6.232687914876857693e-01
6.556562358268392954e-01
-1.807863307559512689e-01
-2.917990472925716450e+00
-5.607220557574847941e-01
8.439227593385413284e-01
-9.344286592182625695e-01
-4.108653414137167226e-02
5.505260516602564214e-02
1.269180130489776515e+00
-1.190925626460039410e+00
9.000595400030569904e-01
-2.033326515576380000e+00
-6.678261281299426866e-01
-5.156510754251503181e-01
-2.274337012776472378e+00
3.555714458033101821e-02
-4.557845471783855684e-01
1.551479304001809112e+00
-1.067458401719299926e-01
1.491284524750212448e+00
-6.639596094608599675e-01
-7.100099838291254462e-02
3.637787927160245904e-01
6.965466669540846256e-01
-2.565809567820886983e+00
1.187264002140889563e+00
-5.673220493376506246e-01
-1.427146606072013046e+00
-1.929979292686291092e+00
1.069620797437933035e+00
-3.507766515909216398e-01
-1.554351507077313732e+00
9.296222103154409000e-01
1.346367846530437395e+00
-5.188993319428454321e-01
-3.017313168809346857e-01
-1.337895061783246131e+00
-4.352788214804118039e-01
1.146434047026672828e-02
3.257683214735117350e+00
1.420997754919032241e+00
1.475300764604841053e+00
1.104042008159555888e+00
3.562681714233080776e-01
-4.114209363591334601e-01
-1.272299532813129797e-01
-1.335503701838135049e+00
-3.179324001546012246e-01
-1.258757806871004581e+00
9.495402014546264757e-01
7.817977006418428410e-01
-7.428912404695319216e-01
-4.266849822581985641e-01
-1.194011796595492170e+00
-1.035967139117862423e+00
6.559288650594374825e-01
-1.022890048288585263e-01
1.067427146204436683e+00
-5.771537488699713947e-01
-7.476803361474920750e-01
1.130072954809402397e+00
8.192216843430393247e-01
6.865034905555790212e-01
5.299655020087907786e-01
8.549060647628062837e-01
-1.415187240610496833e+00
-7.445237493160169473e-01
2.947970273548154996e-01
-4.253214190598277322e-01
1.251170982845764890e+00
-4.002193605492342932e-01
8.361415948281735178e-01
-7.054226318397777140e-01
-1.068096796310100238e+00
-3.388503921043568567e-01
4.347550934769355835e-01
-7.801197131947826269e-02
4.756165545658693761e-01
-6.084366450704108420e-01
-7.682196968899622780e-01
8.599602358825968462e-01
-1.162104240908096858e-01
-1.063285736050025188e+00
-5.580040010079498347e-02
-9.538747712244424193e-01
-5.970739602485288788e-01
1.247632195565540281e+00
-1.932721967092969839e+00
5.903127815583119053e-01
9.542980958151334736e-01
-1.114696786866608696e-01
1.437300570167206748e-01
-2.472213072822673774e-01
1.017855967002534445e-01
-2.608644643892211734e-01
2.502673842410393590e+00
3.587510012870545051e-01
-5.986278862342125917e-01
-1.458890570487182403e+00
-6.309653805416746142e-01
3.594595919809952522e-01
-8.789885599698418206e-01
-3.750446416908466141e-01
-8.955637988950568840e-01
-1.752164113052830263e+00
-2.210257211669178767e-01
1.481920014370749827e+00
-7.193568430193808538e-01
-6.817784535015303238e-01
-3.927331123025852577e-02
-1.220170088090189786e+00
2.386272409463601613e-02
1.586510509397270008e+00
5.725446784350657348e-01
2.200850850172278994e-01
-1.395728631108716367e-01
-4.210642342056021281e-01
-1.998487633296379018e+00
7.773994699010339238e-01
-3.134212986031483239e-01
3.671586722882317910e-01
1.947853080006198834e+00
-1.047786907141862622e+00
-1.399438514164886627e+00
-9.818292602452205475e-01
1.051392609360875641e+00
4.653356558504628815e-02
-1.536646720100569574e-01
-3.621269138864975368e-01
-1.917180883496050647e+00
-3.191861119869413344e+00
-1.570257130378834631e+00
-4.566786694676363001e-01
9.441811797335848688e-02
-2.512171098715202944e-01
-1.249621807095274428e-01
8.691512374082073222e-01
6.438472530889645107e-01
6.631397717355772548e-01
3.436191254324823946e-02
1.143555506704973634e+00
1.005290787999928881e+00
7.692960799523760329e-01
4.659893736460407609e-01
9.156428372860618836e-01
-9.135127371112871097e-01
8.916491835147482004e-01
2.973890385308978868e+00
-1.158612330071395968e+00
2.491804861525010253e-02
7.119490635501012354e-01
-3.171886004797024317e-01
1.552551038652336679e-01
9.374077273726478809e-01
-8.034022720443990684e-01
-5.641339967840652836e-01
-1.190398824427999491e+00
-1.043768399679865899e+00
-4.342692802626380022e-02
-8.430360550617731485e-01
-2.565114108516456937e-01
2.052250020416105381e-01
-4.465927869184393439e-01
2.532668555177085001e-01
6.773387618152630907e-01
3.164299407919985430e-01
-9.011278183120629004e-01
-8.765400754887678891e-01
-2.953323888214697268e-01
2.106245791299778070e+00
-1.119966849893911515e-01
4.338656397729955261e-01
9.495573623117368189e-01
-1.181440053685280267e+00
-2.282422631521776324e-01
-1.669489817293928091e+00
2.897305049219224826e-01
-1.513352959991354496e-01
1.353685408669718981e+00
5.492665040796596010e-01
-7.808481189922010790e-01
-1.763496612929553287e+00
-4.282592263333179911e-02
6.143966739728004001e-01
-6.358662842761063638e-01
-1.601795400808234016e+00
-1.517859331150545922e-02
2.990741803723622194e-01
1.296092939843116687e+00
-1.269035805620368551e+00
-7.704475379306297000e-01
2.347596752384357444e-01
4.021857508549465665e-01
-9.825117480118867874e-01
-1.105277066325986324e+00
7.372151152990553680e-01
2.600879682136577054e-01
1.223291834837363368e+00
1.647938119450233829e+00
-3.236857664593852379e-01
-8.265331134906395150e-01
-8.904485428808643632e-02
-3.482531104080145989e-01
2.150612520339650544e-02
1.953207722745417652e+00
9.391021990289982746e-01
-7.115959302413774612e-01
-1.000087108137005298e+00
-1.810027436175949189e+00
1.092392314623532368e+00
6.014702959250853853e-01
-5.694139887537904565e-01
1.462940048207747701e+00
-1.834739002552890241e+00
1.020657539762810151e+00
7.856183749152642060e-01
3.460078455336310088e-01
2.937483471744473107e+00
-2.256353711632888004e-01
-1.273884133612572522e-01
1.756380308228220333e+00
2.651205896340289581e-01
-6.458659656854696118e-01
-2.309436096388412629e+00
4.131409135003966671e-01
1.916753977773050233e-01
3.017971275062748537e-01
1.837851122782520885e-01
-9.962679133184365599e-01
3.865048200749711116e-01
1.477211376148447775e+00
-1.244447607459304717e+00
-4.164303188560372071e-01
5.060918335078927743e-01
-5.523392847592819566e-01
-1.487538257397512220e+00
1.414739294144523374e+00
-3.447412540754818400e-01
-9.274471232679641908e-01
1.218789020053890226e+00
1.784846933306588057e-01
2.268195277483222305e-01
-5.370362710575939946e-01
5.972129391061914427e-01
-3.021939889589997930e-01
2.101201688537401857e+00
1.656396979759265919e-01
4.925106416842900958e-01
-4.659557473187158072e-01
-2.423100210160713530e-01
-1.407294701517874669e-01
-1.411952086530880335e+00
-1.710195975195913487e+00
1.852158945454788208e+00
8.946533909971825516e-01
-4.113307571623989189e-01
-2.426887927836381298e+00
8.722119245265110843e-01
8.824105594448095058e-01
1.212898929493967604e+00
8.834701342676719582e-01
1.484151297658153679e+00
-1.549739847760732980e-01
