-1.170671761681532530e+00
-1.531242923858510796e+00
6.602838755010239646e-01
-2.222325134686280179e-01
1.059412744051120958e+00
7.937183702539871710e-01
5.287263014428921215e-01
-5.176500544609547588e-02
1.112612388689351306e+00
-1.766889089044133776e+00
-1.902102403008535614e+00
1.105342309526789135e+00
1.349866771073923832e+00
1.308608959762312729e+00
4.282959809355486036e-01
-4.128816173680469603e-01
-5.867897475670376117e-01
-1.925819299009225716e-01
9.435906450215958419e-01
1.357167729164179271e+00
7.041937809477433197e-02
-1.436253884608145626e+00
1.509432550209256929e+00
-2.665606441476793265e+00
-2.236928443351459961e-01
1.036799477553743465e+00
-2.976634170586020534e-01
-3.164968181886977372e-01
8.624406842830109055e-01
2.018279385572884221e-01
2.271712579631283702e-01
9.775312152174862046e-01
-8.971101736278522809e-01
1.840285017825222580e+00
1.211270940402999319e+00
-1.507999985496308648e+00
-5.332242850250322741e-01
-2.151343975598339675e+00
-1.114982807173202861e+00
-5.315139865339579828e-01
2.833861566265549192e-01
-2.515013647987027312e+00
-3.644411866524395749e-01
-5.221964598452592810e-02
1.064739640819308691e-01
2.553724454526876686e-01
1.159322210187994306e+00
4.823461097699099365e-01
2.852293343071611309e-01
5.432207211752844156e-01
-5.955293358842279616e-01
-1.907165862168976656e+00
1.232506419547757970e+00
2.090104803625184859e-01
3.342060977422894874e-01
2.828512157009696604e-01
8.164638925936463787e-01
5.479076200840375666e-02
-2.793024435778483916e-01
-3.242667150020663414e+00
-1.099630054772597065e-01
5.786981725683258970e-01
-2.664907289339351129e-02
9.213285293021022948e-01
-5.022100193262536427e-01
6.551990561979673666e-01
-4.434948715884037274e-01
-4.766316039610466460e-01
-4.863220124826892476e-01
-1.451245892256551429e+00
-4.518617714657122142e-01
-1.377648221258254146e+00
1.120960309158076651e-01
-8.527707008666980393e-01
4.441103213165700225e-01
-9.090437125553606501e-01
2.664993534520641583e-01
-1.131997625908813143e+00
-1.329142619143470094e+00
1.667413410183195888e+00
-5.851844046277250300e-01
-1.047958707117676136e+00
-1.207575531820002102e+00
1.529872896456225539e-01
-1.234994591151635124e+00
3.216130410772543580e-01
2.717459107662293372e-01
5.934963323490698162e-02
-2.795603974115376533e-01
2.331386335228503803e+00
9.907685969394103287e-01
2.896452646302327336e-02
-1.923698510797065553e-01
4.838941052820013300e-01
-3.610934358271838396e-01
-4.929898040711827578e-01
-7.220671447403873566e-01
-1.228792372941775346e+00
1.709415273081148268e+00
1.738702850952432155e-01
9.317711408232847159e-01
1.797816984791336115e-01
-6.017899943304175908e-02
5.875478628955157490e-01
-1.045256721682795487e+00
9.542456869028544120e-02
1.230374084873667506e+00
-5.176863938689738598e-01
1.920770759123004989e+00
-1.017017941512788237e+00
-1.043524704448318907e+00
1.114672355471964638e+00
1.117211827603010077e+00
-8.174422697784926584e-01
-2.817339854106883368e-01
-3.740584264521806812e-01
9.313603014712279471e-01
7.885562750562112588e-02
4.106459583362638277e-01
1.611493013938549268e+00
-2.727233067833098046e-01
2.168152396233112844e-01
1.254253360680213314e+00
-8.966846397472542085e-01
-2.523080157858491046e-01
-1.556831742298434573e+00
-3.222611756834209973e-01
1.783530853790005422e+00
-1.218559322864826377e+00
-2.970679140080191849e-01
-5.451890193172761467e-01
1.388365154057725981e+00
-1.494532148105249370e+00
1.279238095680473419e+00
2.082231510049848203e-02
1.115333278839011788e+00
8.938759320858007396e-01
-6.035966859794572592e-01
-8.888436099290515369e-01
3.655571663700935003e-01
7.731224724698129713e-03
1.171656724706441777e+00
1.030565699671188273e+00
-1.178561803434403199e+00
-7.662632862585955218e-01
2.139188276235962416e+00
-4.756126248882299179e-01
-5.084774055200553811e-01
1.968832566510510196e+00
-1.256766846243882352e+00
-2.774667288078220412e-02
-4.499652797499260615e-01
1.023501681277340980e+00
-2.179270256280266826e-01
-7.974224180567599518e-01
1.049338857160013072e+00
5.379115002789523758e-02
-1.547449475103864991e+00
9.863613625173996979e-01
-7.505403582872839374e-01
1.896694748770524908e-01
5.410578264645450330e-01
-5.121016129989939270e-01
-1.029714336100555849e+00
-9.605844939780699976e-01
6.013953582344229165e-01
1.671977892606524296e+00
5.668512990988694433e-01
-1.166444025208126289e+00
-1.524177956843034032e+00
9.079074429687618020e-01
-4.713661564705322049e-01
-2.321911041406462761e+00
6.435841560187954835e-01
2.972374415251361479e-01
-8.039932120833439555e-01
3.974436049580647445e-01
-5.948204268341110712e-01
1.437549100566078153e-01
-4.041956484475843769e-01
6.664936196138174784e-01
5.151402071028363672e-01
-1.212124959014483139e+00
-5.396414151860398078e-01
-7.380063662472640118e-01
-8.007949263661454653e-01
-1.502048353799421143e+00
-3.557698474622466578e-01
-1.117184746983137522e-01
-7.507558805572551730e-01
8.672418991116825904e-01
-3.386581975213281970e-01
5.138810292836428761e-01
-7.737257265931259953e-01
7.260033296707196770e-02
4.002303848619016557e-01
-4.680074452336144275e-01
1.622448980094718385e+00
1.586748445486572345e+00
1.176912181942183500e+00
-4.999170031879917042e-01
-9.653717052458191672e-01
-1.791734140620761861e+00
-2.875770213818588328e+00
1.373362921404601256e+00
6.212924730275783958e-01
-1.337551637361944490e+00
-1.908980635530804548e+00
4.442325003239122050e-01
2.066302908034769459e+00
-3.595152951714557510e-01
-4.955503430454546443e-01
-4.517616509079586118e-01
-3.962296244855867400e-01
-5.201625894586523469e-01
2.269335429815476923e-01
-4.982419552670674934e-02
-1.226923327262430696e+00
-1.954531006552078232e+00
8.281889368940998919e-01
-1.427187155819994668e+00
-3.573739835381344321e-01
-3.481881527842342061e-01
5.765059809324833973e-01
-6.088158200841817802e-01
-7.328465259668180964e-01
6.971011031014485715e-01
-1.277475067268441400e+00
-1.688610171023462447e+00
-7.100050810184213024e-01
-4.819437284103275654e-01
4.223848508207177499e-01
-2.027103373617243243e+00
3.243053700149409746e-01
-4.820085576154361506e-01
-7.053437655450751909e-02
-9.298268809973549154e-02
1.815111635765818618e-02
-5.729663858842142243e-01
3.702139184087032686e-01
-1.155259365282572670e+00
1.007162826514492071e+00
-2.966248051576008682e-01
7.740691480774800626e-01
-2.714015651433538956e-01
1.468222284601524485e+00
4.587939732493951372e-01
-3.466618487447703512e-01
-2.264950894915664481e+00
1.539043731892926647e+00
-2.093933133210079955e-01
6.860301605815157799e-01
6.161265777662685572e-01
2.892270237455569770e+00
-5.493532984858155999e-01
-1.882626889972097484e+00
5.895034318040287546e-01
3.702127123444984291e-01
-5.748186011015673502e-01
1.082315106684470507e-01
4.574974552942197015e-01
6.713417390200985269e-01
1.623391332443970825e-01
-8.259964108002062488e-01
1.651366172455023262e-01
1.278542602260203331e+00
5.595905777476140042e-01
8.570581874983655979e-01
-1.576103915076960460e+00
-2.509229490666826101e-01
-1.269290349467949497e+00
3.252946284717691539e-01
-1.014897767376454985e+00
-9.771856121079789403e-01
-1.438045388376922029e-01
-1.156663614949143160e+00
-1.603584968617534356e-01
-7.708484990270846327e-01
5.866357392642918694e-02
1.722733201924329105e+00
1.299326441012337296e+00
9.057664796336259982e-01
6.658107690669254897e-01
-9.360331519677802525e-01
-6.006493460686037622e-01
-5.044237509161484528e-02
-1.646152277925060081e-01
1.356781963611040531e+00
7.628841094292174718e-01
1.400168841203060621e+00
-2.743542695216560467e+00
-3.821234306909387368e-01
2.345114612365033491e+00
1.998213425745602734e-01
5.225772317557757229e-02
-1.260260726858791758e-01
5.521160328790961636e-01
9.789983670764933477e-01
4.211502044664381939e-01
-3.686971234964149802e-01
2.162998879148295917e+00
-5.884110711055769993e-01
5.402568087347875414e-01
1.083136471726798167e+00
-4.116479046182062174e-01
-7.970958584909346722e-01
-4.081628496401052408e-01
1.021326272141223734e+00
5.252960942017231849e-01
3.157542676233967560e-01
-8.851815824093237639e-01
1.039542793484089955e+00
6.012184098617484596e-01
-4.572375347229958864e-01
-2.476649382261637111e+00
-1.509091404816759407e+00
-2.144550025500197243e+00
-8.145420806708211781e-02
-1.634939566644349362e+00
-1.209806712749441404e+00
-1.236465925849755954e-01
-2.119380235889486652e+00
8.019968462998100511e-01
1.126750303631087524e+00
-8.458496140171271049e-01
8.211488668878627051e-01
2.000358843519033147e+00
1.538497176023276625e+00
9.159131251758144687e-01
1.067602766194545971e+00
2.996136973310081775e+00
1.661289445802756726e+00
2.964325218116516947e-01
5.980831593433206805e-01
-1.050848189499550944e+00
-2.091862534069419688e+00
2.211341862929304014e+00
-7.862027206265753687e-01
-9.146485053667510190e-01
-2.527568902601968315e+00
4.256648626160093873e-01
-4.330303339587050493e-01
-5.240849951781208910e-02
-1.041695147566459978e+00
6.885138296383962464e-01
-9.890433544746579653e-02
-9.333988822110930172e-01
-6.647280685624192831e-01
-9.201733713563587935e-01
1.195245168285353987e+00
-2.712218489527502552e+00
1.244000885851865579e-01
-8.585174650070128699e-01
8.732852767927737903e-01
1.044643189719955734e+00
-2.411897063677994613e-01
-1.231839288553162604e+00
9.400121991908434449e-01
5.340233076162553827e-01
-5.688709919297406659e-01
-6.702343600412397073e-01
4.774370302173566172e-01
-1.847283584492962760e-01
7.036989752004911836e-01
7.572570094481143599e-01
-3.390103592331856208e-01
-6.524086989520679891e-01
1.193119663853664081e+00
1.055033469176377192e+00
-2.080379947440527955e-01
5.471922368701225281e-01
8.185135679410980858e-01
1.501034442623006671e+00
-2.312824753042946047e-01
5.757818368582282714e-02
-2.721826259318455010e-01
-3.339560135437777411e-01
3.426015655942619698e-01
-2.306407803332860829e-01
-9.979759616511964249e-02
-9.259066552753649967e-03
-8.075761832975071608e-02
-6.063720717163390006e-01
7.284108277477241433e-01
-3.996194736804445924e-01
-4.915146391665756176e-01
-1.359852925914621036e+00
4.905498811660234382e-01
-3.693817582828244350e-01
-6.857002962105200605e-02
-1.734868499016289090e-01
5.280106908566987167e-01
1.482666025439213664e+00
-2.222382596171185831e+00
1.035036981007614099e+00
-1.352108251801243055e+00
4.030784868920640751e-02
5.037319514120549568e-01
5.649526587958710877e-01
9.202953405419564969e-01
-2.432324072063972498e+00
9.963567676267123252e-01
5.223610565855165699e-01
-9.250854890758747340e-01
-9.888343436292892363e-01
-7.568030238472448490e-01
1.023850050806750733e+00
2.338147547192153952e-01
-5.326735181874411307e-01
-4.077934230521017001e-01
1.620033798747213094e+00
1.031714690361412501e+00
4.965717670520824467e-01
5.703365506534633506e-02
-3.613375078617126479e-01
5.117751593343803362e-01
-1.647435878318010749e+00
-3.218253210964823197e-01
-6.057055856729218757e-01
1.345140686906488581e+00
3.402697608540326130e-02
1.375973329106013610e-01
-8.125920750625049704e-01
-3.443864694951159211e-01
-8.595626006955040532e-01
1.653341037357085375e+00
-1.905875634702293375e+00
-9.769360448111509554e-02
-9.368427060099840942e-01
-1.341190502015139896e-01
-3.586342664947437808e-01
5.243792533849747084e-01
-2.882760844791150134e-01
3.272086614729405873e+00
1.309396558452719406e+00
-1.030551120698132594e+00
1.224630831604345271e+00
-1.399143047410133178e+00
6.926183898149370632e-01
8.241181340731396077e-01
-5.130011935280311963e-01
1.693625948109249935e+00
8.367832799692945800e-01
1.516764868944427747e+00
-8.772683218658868798e-01
-1.516674048331692726e+00
-7.899027708612940124e-01
1.223296995677287891e+00
-5.288386356891822127e-01
-1.392953116359956223e+00
-6.907335750629872706e-01
-6.929835534953332488e-01
-1.384744522507871167e+00
4.208738306609174362e-01
-7.183471648105539398e-01
-4.515510750946010177e-01
6.317733930894207928e-02
2.313423860603106841e-01
-1.112681261521091036e+00
2.079005497772866917e+00
9.975420533701760961e-01
-4.491182531073515949e-01
7.519474655274616115e-01
-9.914652824101594097e-01
-1.416696673802871453e+00
1.182066575452060953e+00
-1.117931831524112685e+00
2.158668312786562460e+00
1.708975630130677548e+00
1.862752917656324281e-01
4.889388623013231627e-01
-1.060187192033474446e+00
1.981093360567022232e-01
-4.781112405349765004e-01
8.548033547459152892e-01
3.014516347063357915e-01
-8.351497996340860874e-01
-4.778270159710963361e-01
1.753334713701072411e+00
-7.423863082301451755e-01
-1.056715934530535694e+00
-6.336697056449923648e-01
1.525673875279816238e+00
6.694390047825516943e-01
2.561750585720296569e-01
1.527308235813227055e+00
1.457528446624447138e+00
1.063865167595773542e+00
-8.515824476831068690e-01
6.576748512206568309e-01
1.293563343463478343e+00
2.590647036875354803e-01
-7.771815861050698215e-01
1.083189500203666000e+00
8.481912616310097741e-01
9.963768749992802931e-01
1.410569243962376929e+00
9.250765225242900680e-01
-9.066239938168897394e-01
1.027540918395698055e+00
-2.443382937032797242e-01
-5.208221770616784374e-01
4.335693015189476252e-01
-2.366968064004946748e-01
7.639760510265901361e-02
8.551079015666392114e-02
8.891286791658796762e-01
-1.349939842047719885e-01
6.542831858986539739e-01
2.671886308547800071e-01
1.662268944305011820e+00
3.860018348341598404e-01
1.865767781677361459e+00
-1.051363718951801918e+00
2.041711564909130527e-01
9.856881968112919390e-01
4.126586285896259310e-01
4.363093814922108793e-01
-5.595589922558772411e-01
7.017077598668277627e-01
1.935025733517264923e+00
-1.076782386987607643e+00
3.212593208510082121e+00
-1.869270669441256694e-01
1.009363193672649511e-01
-2.076842105172558572e-01
-6.325604794084648264e-01
2.270790910391832507e-01
1.240315500687406459e-02
-1.306501432048081224e+00
-9.625970632028063578e-01
9.694924682549814765e-01
1.167402829483672688e+00
1.404194066366833304e+00
1.325843501023753035e+00
1.451318248662804899e+00
2.463662565687018802e+00
2.795937442358876535e+00
4.965848164308696577e-01
1.716978747291880714e-01
1.417523500340743814e-01
8.122572485558463562e-01
-2.558440276991802986e-01
-9.065127183884666429e-02
-9.020084186646721847e-01
-1.776524106766666777e-01
-4.816460231547763371e-01
8.177613382599215885e-01
5.674478427006300896e-01
2.854766598311717640e-01
-7.039612640840477997e-01
-1.142205364870180873e+00
-3.373957142574757206e-01
-2.028387961663691008e-01
-1.831329572790431293e+00
-5.506698675164413137e-01
-5.016434426223013165e-01
-1.101695959143130371e-01
-8.659111116767717053e-01
2.915480979008066575e-01
-1.967598777989991943e+00
-2.990421281726335923e-01
-9.809222989348220789e-02
-1.690740519419142440e-01
4.383452410390773629e-02
1.527111287865824618e+00
2.945719553088226306e-01
-1.662250930509235225e+00
-1.766536890156072959e+00
1.594685517485671111e+00
-9.432853112173675836e-01
-8.693737416125708883e-02
-6.887132051023706625e-01
-3.282401959205283326e-01
1.877053914596678863e-01
1.000000000000000000e+00
-7.507558805572551730e-01
