-8.712354968433780877e-01
-2.044990821680046644e-01
-1.170775112823582598e+00
4.569476023289611999e-02
1.734229866375910367e-01
1.395118623664567181e+00
2.405564711260364863e+00
-6.299378059646388861e-01
1.187849370281838901e+00
5.119643302324645706e-01
-2.635021628015477568e-01
2.951943895028326104e+00
4.898174309228150447e-01
-1.240445080662184729e-01
-9.413835953709144277e-01
-1.752228891021931689e+00
1.510517077381346163e-01
-1.054671887013824083e+00
9.201645381146437153e-01
4.855767747491166464e-01
-1.523720905135434456e-01
1.400674366976960572e+00
-1.247821200409826581e+00
-4.945675946991389127e-01
-1.559455655497333115e+00
7.144606402984003957e-01
-4.460312142467118268e-01
-9.903330614175720470e-01
3.380197065239495258e-01
-8.022095448341592938e-01
3.020311079918879482e+00
-9.225383984083723732e-01
2.325516213792264253e+00
9.854554804809616542e-01
-3.364657071182809434e-01
-2.333240670689261442e+00
-1.433856881787451076e+00
-2.963547035483041991e+00
-1.270286558691913648e+00
-2.238144455132672572e+00
2.638352677608691854e-01
-1.206065930347698378e+00
-1.369504247133417785e+00
-2.544892520608311948e+00
9.121689604542463359e-01
8.051511816782933595e-01
6.711048614646971666e-01
-1.832062050955003629e+00
7.972498443488672537e-01
-5.300456277792920945e-01
-1.020819460881830176e+00
-3.214409030429758563e+00
2.422196392023303613e-01
1.983007232923072127e+00
-1.332635775012732227e+00
1.890997895711288068e+00
3.467050698352422966e-01
2.018988291645580357e+00
-1.150224209787399143e+00
1.634855986328984434e+00
4.622592113140026604e-01
-1.157271454825571810e+00
-1.786853572791451850e+00
9.768325060825703288e-01
-8.925662190978506105e-01
2.861594741900049144e+00
-2.312111211303423897e+00
-1.300223374318451697e+00
-6.725472316083580537e-01
-1.725124439759039507e+00
6.924427429981908633e-01
3.272006874282488820e+00
-1.731622407198532887e+00
2.005349633591396508e+00
1.581949819900536847e+00
-1.509593735643820711e+00
-2.381400294052954392e-01
3.192431556858357222e-01
-8.338472000906510528e-01
4.218965676931569764e-01
5.510135536902740494e-01
-1.141207916613897755e-01
6.900507193973617337e-01
-9.708335207058580441e-01
9.221480685739092964e-01
5.721264448019201809e-04
1.268138890481136372e+00
2.988967992229928372e-01
-1.517495003427097755e+00
-7.122326363390402149e-01
-3.662524223804459744e+00
8.915991604657524938e-01
1.124197120748139822e+00
2.717193507643670181e+00
1.908398743044706691e+00
1.740170697807287059e+00
-9.892443848474252732e-01
-8.663045757738709884e-01
2.806512020315792277e-01
3.610088920983941740e+00
-1.324338433635313894e+00
-2.899735484007000430e+00
1.614097419766628017e+00
-7.390734315708973323e-01
5.676094099373480972e-01
-1.505165800352481043e+00
1.311438452571953572e+00
-1.201914012614351712e+00
-5.710431021204918217e-02
2.328066175214084765e+00
1.096661099797122230e+00
-2.932979937258146208e+00
2.990453209344627883e+00
-2.069884680115470221e+00
1.991275845889411755e+00
9.029297842615525704e-01
-4.541944665288680794e-01
1.059393303661099406e+00
2.660975180775958293e+00
-7.080915818038109322e-01
1.400997358426270267e+00
1.216888382770583421e+00
-1.230144014751922033e+00
-4.681439364822644889e-01
-1.889706604555997371e-01
-2.755764212435864557e+00
1.083872797334399785e+00
5.462076692815340806e-01
-2.515478679497169523e-01
5.243637420054121367e-01
-2.813089087137909394e-01
2.216210552126161915e+00
-6.575119774102820003e-01
-2.760835208026906074e-01
-5.906340234766768726e-02
-4.563841390847610535e-01
-2.015330585783511541e+00
6.446183652956499754e-01
2.183931222809534223e-01
4.043913550952557223e+00
2.398500059082326441e+00
2.147579272179862553e+00
4.061315438505862296e+00
-1.096523330365934967e+00
-1.756741877834522514e+00
-1.338906755732922171e+00
1.667405540213716675e+00
3.795195833269096042e-01
-2.330572154516266536e+00
-6.560186658071156529e-01
1.530933970414477763e+00
-8.363067000152248909e-01
-1.446203879365868250e+00
-1.229289399162704910e-01
-4.724738359955795275e+00
-3.538506566812619436e+00
7.451449802509313436e-01
-5.530420328813914210e-01
2.988823137592143020e+00
-1.140710928829952175e+00
-1.510000987666914707e+00
8.889288240802015739e-01
7.396736481160743892e-01
-1.029904625881738811e+00
1.783162529406165486e+00
-1.674164824610608004e+00
-5.449304823117143703e-01
-7.287198788311083364e-01
-2.330521512182914812e-01
-1.214899655792660127e+00
1.463525854902842926e+00
1.672762950910520185e-01
-1.492202486262821370e+00
-8.323052551983161074e-01
1.712323576118389035e+00
1.440647203722420777e-01
2.152975673426826830e+00
4.426156182938342454e+00
-1.767542985618438145e+00
-1.006152915655374569e+00
1.010161061310086650e+00
1.779828713286106368e+00
-3.522889391884626020e-01
-3.366359306481351288e-01
2.541275315211747543e+00
-4.787293895073480576e-01
1.421327588100345540e+00
-3.675776059920336514e-01
-3.686399741702668376e+00
2.403886612008253376e+00
-2.694213462625665301e+00
2.132612822717455003e+00
4.859545632686533834e-01
1.116292785513772534e+00
1.741543880535374234e+00
7.891289961278789011e-01
1.061292046341738349e+00
1.037274844341813829e+00
-1.067896299974836039e+00
-7.036115331163010911e-01
3.097371936925708558e-01
1.082449306614240436e+00
1.679407453538512285e-01
3.418446254039192445e-01
8.906100549033700853e-01
-1.877062981507236827e+00
6.487581272637032992e-01
-2.724324835098601127e+00
8.627411277647127896e-01
-5.183011255634192294e-01
1.883767983516258404e+00
-1.358681367730129708e+00
2.165185594671217850e-01
-3.895273593148851354e-02
-1.847144570308852929e+00
-2.067237526171211037e+00
-1.092142329439180326e+00
5.244145128411460410e-01
-7.633621722968889634e-01
-7.940355209079936749e-01
-1.996233722258188070e+00
-1.908251669355767621e+00
-5.112085698681038959e-02
3.120613940834552902e-01
6.085108101450309448e-01
-2.719212158609613628e+00
2.733002759980820429e-01
1.564030682753859702e+00
2.421908526241436821e+00
-6.336267037514489164e-01
-2.281610640587822036e+00
6.973649621021825729e-01
5.703516720796053541e-01
-8.258668944411164947e-01
-1.472934422963043666e+00
-3.522732632756895299e+00
1.864205909501165159e+00
6.628192934296931460e-01
1.154173925849054205e+00
-2.494187437331777391e-01
-8.991987948618742621e-01
1.147100867848631633e+00
2.764932706920846806e-01
1.545280778733601201e-01
-6.689220375479645320e-01
-3.485883024164793564e+00
-9.806772234618892359e-01
-2.551422326404249041e-01
1.361033412862716840e+00
9.446328020026715233e-01
-2.079801665161353785e+00
6.522863889831393980e-01
-2.063415042972197355e+00
1.369063640026499717e+00
-2.838636545065664762e+00
-1.354227420804356097e+00
9.206503442413768168e-01
8.719423316700680715e-01
1.584781298638741731e+00
-2.893817486503644232e-02
1.354851524255216155e+00
1.388932994142510591e+00
2.353921309461034284e+00
2.190436592563039797e-01
-3.036191587746825071e+00
