2.284485846617024141e+00
2.922202368774413639e-01
1.175130565550757344e+00
4.550748037436979088e-01
8.147952682929504586e-02
-1.319576428780837363e+00
-1.401714359020655110e+00
-1.641099065705760918e+00
-4.724932697717825203e-01
-5.566442549182342159e-01
1.824541684938958186e+00
4.163319049438876096e-01
-8.845801321016417695e-01
-1.633387200916087245e+00
3.940747946056194495e-01
2.344877890614593952e-01
3.611183848951430297e-01
2.696871205051701637e+00
-1.604993430816728850e+00
2.451224275013117460e-01
1.079277382625478454e+00
-1.856876434297366707e+00
-3.464694146466790192e-01
2.116829756167907028e+00
1.614355744113586955e+00
2.451843965098517764e+00
-6.390612260142832790e-01
1.742168823350563889e+00
1.098632677566644178e+00
-8.697713728050483484e-01
-9.367171091220253265e-01
1.041029338726822795e+00
-1.309100956672689664e-01
1.633130838463426660e+00
1.219969041378935914e+00
-1.821049318471950285e+00
5.401396054675908914e-02
1.468601427093645384e-01
-8.337965598212139229e-01
1.367053407826026579e+00
9.539868433211982079e-01
-3.353975474161889014e+00
-1.916520766223324568e+00
-2.128607846968556316e+00
-1.354523698489610961e+00
-6.522714914047591517e-01
2.708341606461602158e+00
-5.012769307914322070e-01
2.521801674341224597e+00
1.648663243051277316e+00
7.393579045918994286e-01
-3.634250761600807955e-01
1.258940091227600533e-01
1.248932608854603110e+00
-2.308507083713785768e+00
2.114997105133394673e+00
-8.090537900429968232e-01
1.700778134085012994e+00
1.274105404450257328e+00
9.552232533954916338e-01
2.394668812715810002e-01
-5.618508376807449523e-01
8.056630654891191456e-01
4.220468439061080268e-01
-1.001921643388555605e+00
7.616926884843158163e-01
5.153250485942836301e-01
-1.149068058244302026e+00
-1.782671253795669930e+00
-6.825165562589718959e-01
-1.520626911470289055e+00
-5.705076396620749613e-01
-2.452507494961212231e+00
-4.830737447783179372e-01
-1.896591641247821758e-01
-4.326322379835126242e+00
-1.882908842211329814e+00
-1.142949954053648964e+00
-1.630248595738714057e+00
8.084157348240694763e-01
1.300030294385444041e+00
-1.325952089190238770e+00
1.080313069891469135e+00
5.676754031958823887e-01
4.825416326723277471e-01
9.031503395490393382e-01
1.654201288126408986e+00
5.351001606819311140e-01
-1.016329897460408249e+00
5.696996884811411643e-01
1.661309041990515656e+00
-1.704416310187037764e+00
2.175750888254602611e+00
2.047478552428492193e+00
-7.335831078829949670e-01
5.272143335631364058e-01
-6.289965769479657354e-01
-1.470225340406816406e+00
-8.828875606338257853e-01
4.291393134337126436e-01
-7.726679684600168407e-01
7.563817869867400789e-01
2.523102838569015294e+00
-1.080049905531665022e+00
-1.707103189799522802e+00
1.086438182959952314e-01
-1.375968513708007990e+00
2.605508328738565527e-01
2.103610461448714108e+00
1.214618250168224334e+00
-7.787002162814657957e-01
-1.810737860307439329e+00
-1.120015519155728834e+00
8.822443266781412330e-01
3.422990845302663065e-01
1.502648471688014187e+00
-1.526823801248598844e+00
2.801402280543383583e+00
-1.352414357454483351e+00
3.865736625735040066e-01
1.176813973684537773e+00
4.972463344514773675e-01
-1.146321011808707213e-01
-1.540770360596416033e+00
-3.292558471478020943e-01
4.762390886467644524e-01
3.642732448223630071e-01
-7.755723341602862586e-01
-1.353899932665991734e-02
-4.437456471941552683e-01
-3.512680136235925010e-01
1.138975100135832363e+00
-1.943830841156935829e+00
2.998386866177589205e+00
-7.459480462560788006e-01
9.267905773765277022e-01
-1.447655410026150058e+00
-7.337023691567681194e-01
-1.013185288661706540e+00
-7.561635370793138300e-01
-2.773075495783499100e+00
1.078984179773030183e+00
4.549254803019708304e-01
1.102919126118426574e+00
5.935705396229674635e-01
4.566642593904968184e-02
-4.807975730431797712e-01
8.897033193580636823e-01
2.601102439466536076e-01
-3.140199389270525998e-02
-2.397195704973371644e+00
-2.719126619878737272e-01
-2.377618063447344277e-01
-1.314933110118781112e+00
4.695086257149684306e-01
-1.417655264612739607e+00
7.788970365451172162e-01
3.392657735341553238e-01
5.358926810690819442e-01
5.993192409942251775e-01
-1.947225356468990309e+00
-2.711492977162400120e+00
6.544375332043013138e-01
-3.819041330396720779e-01
-1.962425735610547894e+00
-1.090598540430236740e+00
1.470482633330037592e+00
2.710892359337047530e+00
-4.292699811849709501e-02
7.600122474320472055e-01
-9.637943415991805374e-01
-9.719300835993147092e-02
1.521326911101352097e+00
1.840267607026316199e+00
1.529898972205623320e+00
7.833329143043166187e-01
-1.831647863941549659e+00
-1.543468101920388413e+00
1.435098154827693762e+00
6.863156257884921452e-01
-1.029331222984919414e+00
1.584101434211074855e-01
-4.394210157909458347e-01
4.976359638201976465e-01
1.365207315889003015e+00
-1.071359977201266744e+00
9.412190138740339496e-03
1.269585746489390710e+00
-4.423384143318884743e-01
1.067653824434012799e-01
-2.079490224795108866e-01
-5.345367302821252276e-01
-1.298321529157258070e+00
-1.704989144461565687e+00
-2.427670220215291774e+00
-8.632644187016568216e-01
-3.450841537833745920e-01
1.503599229409100513e-01
-1.944867187300504785e+00
-2.673500823474717070e-01
2.090746173716169221e+00
1.804959929545060793e-03
2.462640207651984880e+00
-1.156508836566361387e+00
-2.466574835801738530e+00
-2.287435173994434301e+00
-1.174747513225748996e+00
-6.752458662453426630e-01
4.381842312068219281e-01
7.511690925098624128e-01
-1.051403369210522687e+00
-5.018692164660681909e-01
5.768188193361841742e-01
8.200639090992437596e-01
-2.795215683515701155e+00
4.613987722032042438e-01
-3.792256207581656269e-01
-6.340959779183090728e-01
-6.444782248552022308e-01
2.304363658822485394e+00
-3.529942055866080786e+00
-2.916176846260971178e+00
3.833775009487614405e+00
-1.758806827726065336e+00
1.376537310116459745e+00
-2.334269836345701066e+00
5.051161402780918186e-01
3.000632042720554615e-01
3.341656899232218869e+00
7.308646254757201755e-01
-3.193650608657179646e+00
-1.832657024132360868e-01
1.592278711393194879e+00
2.324451809385972734e+00
-2.596266545488515876e-01
1.124694815123434832e+00
-7.362536776708354935e-01
1.627431566029212018e+00
-8.698965835668551749e-01
9.240492768522298173e-01
-3.624262142818538202e+00
-1.488704634066728927e+00
4.803295166591631249e-01
1.659074532902486521e+00
-3.767547607186445546e+00
-1.394978889995595051e+00
1.498957301766033812e+00
-1.793500265409266214e+00
-1.527927167957439991e+00
-1.203463767244094651e+00
-6.525378883783541362e-01
-5.182706527416904407e+00
2.221216185981013114e-01
1.123238013282431780e+00
-7.644302200081440901e-01
-2.679823166048149741e-01
-2.271688256625525593e-01
4.263406723913267249e-01
1.483470049682969805e+00
6.542583764652607492e-01
-3.470322243229764236e-01
2.939366179234677467e+00
2.144656035429220342e+00
-2.906871672350685998e+00
-1.422930977752719706e+00
