-2.664087015135139236e-01
-9.104541401138821488e-01
-1.030991058912313907e-01
7.969563916393567204e-01
-3.577418629226167823e-01
-1.487023743241613349e-01
-1.291965481242520752e-01
-4.331617064794845984e-01
-5.088861533593556086e-01
-7.609436418016441994e-01
-7.118745231828402797e-01
8.730336720089897362e-01
1.845187391078639827e-02
7.441372231412026750e-01
4.325141844928461765e-01
-7.136758476997950851e-02
-8.212939442206155238e-01
-4.305409190748876735e-01
-1.500917482607255771e-01
-1.123369600864658757e-01
2.617123776833492066e-01
-6.560350736103319758e-01
6.173930042653943406e-01
-1.476191662103998326e-01
-3.148460366174548053e-01
-2.256638174260632290e-01
3.632173808433718509e-01
4.943012600540126478e-01
5.387984463824857517e-01
5.474040072498775888e-01
-2.077440645600920011e+00
-8.034149488502917436e-02
9.423998938158365535e-01
1.381308906838849548e-01
-1.518247598523265740e-01
6.137634577145816284e-01
8.093740832295051035e-01
-1.087852241042841506e-02
1.130864493865315623e-01
5.477021895761607917e-01
7.282513351213586450e-01
-2.569701423250769778e-01
-2.782887096981980779e-01
1.352717082441758922e-01
6.656426143337657031e-01
-1.117765030390895253e+00
-7.038140246988497939e-01
1.288490484220805588e-01
-2.590542570136955547e-01
9.724135874705175375e-02
5.050931574311330330e-01
-9.365376008014481002e-01
6.805598539588872953e-01
1.912711219158940157e-01
4.551560466960520857e-01
4.425941315586821023e-01
2.414874385094496478e-01
-1.687754690324628326e+00
-9.217628518544749294e-01
-3.937525412629798716e-01
-4.962566000552446344e-01
-1.346224554219765945e-01
1.170765791215528928e-01
2.965740619625178986e-01
-3.486851417591693147e-01
5.786280064536415413e-01
-3.879252622613154067e-01
-3.701502769071778332e-01
3.269737066509206258e-01
-6.440156338440594652e-02
1.537840887819075242e-01
-9.661562521317352825e-01
-5.147437377894314992e-02
-4.173538155051457199e-01
5.165250706898403266e-01
5.234821036867238764e-01
-1.957153075949271681e+00
8.951971526978352856e-01
9.111106792887444517e-01
-2.983878763630791187e-01
3.527896032093313927e-02
-7.865262259846086401e-01
-6.369098600184628367e-01
-9.223890650044836992e-01
1.876960784301441088e+00
-4.861913589743607211e-01
-6.864912350811189778e-01
2.195019531195510964e+00
8.603569724859068124e-01
6.271471725019901466e-01
-9.879676142156248453e-01
-8.162837114377516912e-01
-8.214462569807161607e-01
5.052592000856797050e-01
8.415034988330438726e-01
3.608067752457797539e-01
-7.857234907638637189e-01
-3.869490047644594810e-01
5.575673465937841522e-01
9.223521719001919195e-01
8.960268760294469725e-01
1.201514790271371869e-01
8.270414193045572127e-01
-8.288938238563066108e-01
-2.169489164547671045e-01
-7.665411981537262331e-01
9.204750505959089502e-01
6.473646269770227946e-01
5.775387307324142405e-01
7.517613959239664023e-01
4.162772799224050413e-01
-9.404894024125594054e-01
-5.505355489680994197e-01
-7.093148530371387039e-01
4.871682286680620866e-01
-7.665390591222427386e-01
-4.340294222284482029e-01
5.890996513070207996e-01
-8.654679065915109604e-01
-2.250700532598155501e-01
-3.270795123121180481e+00
-5.055183103165850067e-01
4.553105993479138469e-01
1.170682173594652653e-01
7.202035353513958071e-02
-2.861888193159878302e-02
2.366422151910372307e-01
8.997806246054014245e-01
-2.396545449588594057e-01
7.900711645000435546e-01
-7.548909857496185483e-01
1.211203977483932048e+00
-5.654081765105969382e-01
7.739946081990694005e-01
3.103251353652203282e-01
2.794014483888465517e+00
-9.561973323825734283e-02
5.430477526050621062e-01
-2.402663751105635903e-01
2.003369850940968533e+00
-4.925395108375996145e-02
1.587674444590305711e-01
5.679721572964502307e-01
-9.889470310064929492e-01
-2.265859894024581322e+00
6.025155745281689512e-01
6.104627569294163170e-01
-6.639584571635759325e-02
-9.797156678065752633e-01
-2.641947825637356306e-01
-9.121508676400280624e-01
9.858856147695309602e-01
1.593673002503586122e-01
4.027160029074683401e-02
-2.220935970812802918e-01
-9.769864355327451122e-02
-7.582481041042707925e-01
5.559682910352523599e-01
6.657075464700374923e-01
1.195093127924334198e+00
1.433079316797778002e+00
8.411443280655442889e-01
1.083827834600319395e-01
1.405835772407944884e+00
3.685524104527344580e-01
-7.584595118374375389e-01
1.165408408617682579e+00
3.421868905398515182e-01
2.120088306631311426e-01
-4.918852531605639733e-01
-7.051587188735477518e-01
-8.562193283121685150e-01
-2.076453575485124325e+00
6.482434617555561385e-01
4.981520096831646427e-01
3.870541419180151266e-02
-8.762401634512719806e-01
1.155177828281306329e-01
5.672594125336569704e-01
-2.742020970135619073e-01
5.561899264621841255e-01
2.173085425730110654e+00
-5.020376912259683078e-01
8.102173633868670066e-02
9.560851619793879763e-01
7.467346875740186185e-01
1.025572953334463744e-01
7.190994381360393817e-02
-4.544828284652848716e-01
9.925989106946566665e-01
-7.759838982462914370e-01
6.036101443120702736e-01
-9.084577419860084824e-02
3.802923869448280314e-01
3.719721590982154602e-01
2.012745849596254022e+00
1.093133228662885870e-01
1.605876631375546260e-01
2.218652760051289530e-01
-6.794303958885770101e-01
-5.417136155166840661e-02
-4.567690346293880044e-01
2.937541994600634254e-01
-7.098855416350120517e-01
-7.663668266291687736e-01
-2.235392668339120092e-01
1.325285456961938557e+00
-2.707946001668223968e+00
2.530019066424038510e-01
-3.295335122756477553e-01
-3.042638277992943951e-01
-1.948428208767456482e-01
-3.627059329761805895e-01
4.940312309369228050e-01
-6.107517043618027053e-02
-1.165074773391194807e-01
-6.991424486320216847e-01
4.318475594481818725e-01
-8.693677260581236244e-01
-6.454878717835048629e-01
-1.420917597551001332e-01
-1.101372102903168670e-01
-5.013145595414747469e-02
-9.501479525685148086e-01
-7.716550942822284487e-01
-2.247564014474077165e-01
-4.597024044804047804e-01
-6.576973485218466919e-01
9.192325541970229885e-01
-6.200200446053705239e-01
-2.624862745644269690e-01
-3.300784188849936740e-01
-4.018162078749485389e-01
4.698054207354340761e-01
-9.393984349817876556e-01
2.446147187262837086e-02
4.331567588361180388e-01
7.681458954050586208e-01
-5.304706386090642933e-01
1.901299665340667744e+00
-7.663126211397650600e-01
1.484885790440395592e-01
-3.489309026124516322e-01
-6.953101165954735929e-01
-1.366146069586649414e+00
-9.301120947440322251e-01
-5.493016888080590743e-01
-3.666294324647174641e-01
6.555550164547616632e-01
-2.564088685642307297e-02
-2.443876673010847433e-01
-4.816741274122005034e-01
8.026564700095337734e-01
2.886062554874397890e-01
5.634249861995570541e-01
4.904995130822376037e-01
-7.446203995953390997e-01
-3.314672661363804451e-01
2.066483771467513275e-01
7.204586137269626267e-01
-1.039957397865922673e-01
-4.836610056456975837e-01
6.964577474959721126e-01
7.415181494234217574e-01
-5.244789218824628119e-01
