2.672934253267166826e-01
-1.614509383486185889e+00
-8.050225214722199762e-01
7.117909624165779103e-01
-4.339916222775274668e-01
-5.923539886159173012e-02
-2.177790753468544782e-02
-2.069455390304185960e-01
5.779468563879872622e-01
8.381052117779329569e-01
2.491715658872417916e-01
5.178792176858376672e-01
-1.278892651045412943e-01
5.934277780628908205e-01
7.319235374723688237e-01
-9.095542078903644523e-01
-1.831560366315045041e+00
2.801243122904711891e-01
7.800267795941057125e-01
-1.370289807745905364e+00
1.187035732068127264e-01
-7.091124624592235470e-01
1.453120650334076114e+00
-1.563214725887895062e-01
-2.555245004525880770e+00
-4.380063482146028253e-01
7.234720486416614804e-01
-2.010002513194444340e+00
1.034977378443423246e-02
2.178786260272133291e+00
4.514461294443418704e-01
7.148404523244876740e-01
1.155790030397942258e+00
1.528133162286921198e+00
-3.738300995487455758e-01
-4.587760567877133266e-01
1.567976854091952310e+00
2.026206089533660215e+00
1.984385467120580504e+00
-2.083326358037083992e+00
2.839646870554435876e-01
-1.155561806945210046e+00
1.194608010539697673e+00
4.695010442486761276e-02
1.649055598423399341e-02
-2.849605157546894474e-01
-4.538675513220766788e-01
-1.355969554036747238e-01
1.561618774363903069e-02
-2.275888660049431245e+00
-5.145104150441005553e-01
1.972576945108605706e+00
-5.176423469003602756e-02
1.310765497772050203e+00
-6.147026107333981582e-01
-6.657807675976750161e-01
7.043932638959818915e-01
-4.988298267384805862e-01
-1.661443768299264434e+00
-1.762962964051909776e+00
1.748508281951486332e+00
-9.112792057443401816e-01
-4.865539740607991992e-01
-8.164916517090313464e-02
4.540593607926519670e-01
-5.935004076970998854e-01
-1.396881816071650073e+00
3.371174587340147744e-01
1.821612664636618750e-01
-1.495170930692573785e+00
-4.038044288737662746e-01
1.127196359732811848e+00
4.089130244292082383e-01
5.578883013749021957e-01
-2.698576600779744594e-01
-2.786658786403158894e-01
4.034573466960627575e-01
7.121273547312159113e-01
5.037318650043448587e-01
-2.996084351656725930e-01
-5.153196809436313419e-01
4.446423696032621442e-01
4.449731911577801124e-01
-1.554666064136032588e+00
1.548929639456278484e-01
-1.819242747429084428e+00
-1.481055011840680946e-01
8.758246726765481771e-01
-4.758784526928157566e-01
-1.801016694832872966e+00
-1.165485699534493935e-01
4.772038004023800295e-01
1.719352464975067329e+00
1.631761103159330650e+00
-6.625724631197827952e-01
-1.483638295188096090e-01
1.673640252720759447e-01
4.306472612202697503e-01
-1.475673563264599197e+00
9.040028230592481173e-02
1.504928972378153096e-01
7.939479991138236326e-01
8.968053880027827551e-01
2.770151887494536891e-01
-1.440021091291831645e+00
-1.195012726741735420e+00
4.823790597305613881e-01
-1.963711488030294161e+00
-1.935349998050409637e-01
4.495188804255766946e-01
-6.145349526237242621e-01
-1.661408266552109048e+00
-1.066238752764577802e-01
-1.120428695950576703e+00
5.210707013296629331e-01
-1.577348149393028365e+00
4.405148025499194819e-01
2.640779220612877953e+00
4.844991446552840419e-01
-6.724904197653366333e-01
-9.221691671511708099e-01
-7.426382473866320888e-01
1.209175061776568860e+00
3.504645942501794509e-01
1.657136552873627322e-01
4.761204004358298159e-01
2.010494814996076407e+00
1.353111935484861306e+00
7.462963797513947339e-01
-1.327472382670447981e+00
6.504002275434964675e-01
2.088425304920991987e+00
7.189024943888578933e-01
7.833995485447962925e-02
2.903067109271156854e-01
6.927064245409593202e-01
1.599735907485733799e+00
6.160979136826598701e-01
-2.139141703820523488e-01
-6.179476054086680166e-03
-1.505350814436253071e+00
4.151258104813287386e-01
9.569098526100321411e-01
-1.723525261955160648e+00
-4.928275459678642667e-01
1.035526787656637637e+00
-3.348679437100166467e+00
-1.320007942831487036e+00
2.676052222985420670e+00
2.152508091467629503e-03
-1.924892754839607978e+00
7.277975874684180502e-01
-1.361306293208065288e+00
-1.289673520726932754e+00
-4.733807272967864299e-01
-1.407703131743263947e-01
-6.830305555534950113e-01
2.550958176925248733e-01
-1.057086877356915533e+00
5.099420850715653541e-01
-6.237686954991800148e-01
-8.127284720303312726e-01
-7.950487434392959907e-01
1.385787481027169088e+00
7.294673645416608343e-01
1.348991520719695636e+00
6.433881034537521915e-01
2.930133456368202993e-01
-1.282568371169729993e-01
1.788553040098200153e+00
-2.533456583811590293e-02
6.746543847413706274e-01
6.067049182172927768e-01
3.843334206401590736e-01
-4.549425796862300309e-01
-2.269039580652531807e-01
-7.830344177607814204e-01
1.837204035506454725e+00
-3.132747688563708999e-01
-1.935513105294405900e+00
-8.000272552686228666e-02
-1.486022329793794228e+00
-3.707750857554999446e-01
9.410648861253097242e-02
1.802859821324282741e-01
-1.255997850233323519e-02
1.525813911893318942e+00
-3.574726976324541505e-01
-9.210024017034641464e-01
3.857570938577638275e-02
4.236861474694696150e-02
-4.909960215847637699e-02
-3.719516086556681755e-01
-1.057228707457156691e+00
1.256855512173558953e+00
1.014067993913157162e+00
3.616193727104720645e-01
7.831096050795546271e-01
9.898941761700212894e-01
-6.660476541582069920e-01
7.911413090302110707e-02
-1.503977232495672611e+00
-2.217889148198027294e-01
1.448273892978185984e+00
4.138617609717538670e-01
8.233273330955469538e-01
2.292014499160925090e-01
7.246407673197217958e-02
-1.118097220033132180e-02
-4.945786521841385452e-01
-1.508996314915314940e+00
9.467526224083268049e-01
-2.934440888150223969e+00
4.020588847782120001e-01
-5.997491537420007734e-01
-5.311457686328568961e-01
1.092160969479250454e+00
-1.181148603042237455e-01
-6.091489635462725705e-01
-2.125408924351671835e+00
1.836524310967637408e-01
5.000614296817951221e-01
-1.294196502224256307e+00
-6.190874728345729938e-01
-7.569281215210444946e-01
2.622872929400039688e-01
-1.050285266148540675e+00
1.467966812832953050e+00
-7.001371510676134280e-01
-4.026240317343367514e-01
5.762363788981252760e-02
3.245288643773007742e-01
4.887998160079927157e-01
-9.351549717089907565e-01
-1.040630753520991547e+00
1.873868120475961296e+00
1.890345900064005491e+00
1.069908813339741860e+00
-4.538628496876194740e-01
8.114805386160776068e-01
8.121390048849989052e-01
5.956748386861578926e-01
1.735256366943865869e+00
-2.262445836617546502e-01
1.001024524750436351e+00
1.328726575486273376e+00
1.466758907902689091e-01
8.123069865531038491e-01
-1.233695100388810528e-01
2.057668270537264199e+00
-6.344753507750905408e-01
-1.213323333618693128e-01
5.767895502932338797e-02
6.906431800439224999e-02
1.242501784036423196e+00
-1.709921882992714526e+00
6.890226975142460519e-01
1.183839362379082827e+00
-2.400478551484730716e-01
-5.529473228255721295e-01
-5.226644306885595836e-02
5.313667227516729596e-01
1.072956214009050280e+00
-1.091408653684456942e+00
1.612887132668574086e+00
-1.043780888137274987e+00
7.708635165357127228e-01
-8.656559943877366325e-02
1.009872978776755303e+00
1.857724474765941824e+00
-9.778864776903808398e-01
-2.100805768320853417e+00
2.171579246097669336e-01
-2.981472035599248560e+00
-1.112532697047688979e-01
-2.012378816644404267e-01
-1.623823806177156159e+00
7.945563046645709449e-02
-1.139069396407335483e-01
-1.316389346546017247e+00
6.546055293468378000e-01
1.035412014179879936e+00
-2.396805195214204154e-01
6.080197233563644499e-01
-8.907506308542608719e-01
-4.712613278549061535e-01
3.921048917732929961e-01
7.188822347715234651e-01
1.752458656489325861e+00
1.545110759040173587e-01
5.574470250059718746e-01
-1.263485549431898891e-01
-5.491849340034836713e-01
-1.342921350104865352e+00
1.277760141615379652e+00
4.325295855015363622e-01
5.661859995905009768e-01
2.098552790488904252e-01
-1.528089346073326027e+00
1.375961618171480938e-01
-2.889805341268959493e-01
5.020719913629382442e-02
-1.409852615761290617e-01
-4.724198827111740495e-02
1.343120097782373457e-01
-2.079997843865356799e+00
-6.981576855831467254e-02
3.155667276969690294e-01
7.905806029395409662e-02
-7.631341853921995710e-01
1.000285504370435286e+00
5.028757011664309884e-01
-2.020078195720027114e+00
-1.076351884652241991e-01
6.313750135115586692e-01
-2.893038334760392738e-01
1.238331318009427529e+00
-1.476250817943888238e+00
-1.119710454106852549e+00
-4.914113719812133185e-01
-3.580486628146002936e-01
6.006768158218466214e-01
2.308955035271802014e+00
8.823810652681434163e-01
1.583412094401112358e-01
-1.094757880651581639e+00
-2.956564535964672502e-01
-9.429915328368158045e-01
7.636188588192749371e-01
-1.153732052882083803e+00
-4.560891564183974234e-01
1.253472153487729390e-01
1.543967950528190691e+00
5.626887179947677176e-01
-8.628659213492094471e-02
-2.223416430800031207e-01
-8.841397874811915969e-01
-1.448355746799472099e+00
1.173085529669800176e+00
1.201267757218097865e+00
8.660768184647464896e-01
7.931010803937501574e-01
5.658959051293909193e-01
1.036235293023701765e+00
-2.855102366452818563e-01
2.572171137893851101e-01
3.692223471579389460e-01
-1.920816963916911257e+00
1.498941486301487158e+00
-2.309626792774525317e+00
-6.978077283196163494e-01
1.513557952454739786e+00
9.767441115831196896e-01
-3.620984042851532747e-01
3.260724702461423874e-01
-5.717104888881862079e-01
-1.949248774827489816e+00
-1.312875857062086871e+00
1.307464470169937831e+00
-1.114413209451462272e+00
-2.080331311058993382e+00
7.195153403571131756e-01
3.450946258070990841e-02
5.484489538190987501e-01
-1.938557584091056052e+00
-2.114365166761531967e+00
-3.076096064247644257e-01
9.149932530856567936e-02
3.729377660856031396e-01
-2.563461801178686716e+00
-6.125911096612347562e-01
-4.688021836449727253e-01
7.298929791727521987e-01
8.463498652107778186e-01
-3.058277321865197629e-01
8.631536380361098937e-01
4.435434174246182248e-01
4.780608150299340831e-01
1.764989004788490301e-01
1.057793778394637606e-03
-1.440411370923640355e+00
2.857027729131971783e-01
1.111207638001982634e+00
7.773517099954817267e-02
-3.719197291597967775e-02
-5.625698650212929142e-01
-9.953550739677821113e-01
-1.136696174217925792e+00
-1.541960941641189908e+00
2.196832247711779207e+00
-6.032806741833700581e-01
-7.386607792559940489e-01
2.502936940902362184e-01
-4.086824591585988542e-01
3.615471550074601526e-01
-5.010904041827636268e-01
3.665502410870415811e-02
1.381140829658983327e+00
-5.146092753343675108e-01
-2.052440350402759128e-01
-4.749944710303222739e-01
1.146240724188200444e+00
2.204759790425176724e-01
3.443584644588132959e-01
1.769259186270608630e+00
-8.059439864213251425e-01
6.841366386134152267e-01
1.338949758684091496e+00
-2.141347256775472108e-01
-9.302751993406170872e-01
1.076183682332888303e+00
-2.255094145446149945e+00
7.037130440078862570e-01
-7.061318010009182133e-01
-6.291921647898210956e-01
-3.772089333840779046e-01
3.059770801004773055e-01
1.052298374835651806e+00
-2.069134825712560133e+00
1.858696668996995482e+00
2.215558263941279193e+00
-5.025419620934967746e-01
-2.354341928882746959e+00
-2.424944494117552418e-01
-3.141525369780174409e-02
-1.017566142643317129e+00
9.602602595022656784e-01
-4.419045847463262122e-01
-1.668599418541858240e-02
5.557721036080310456e-02
4.501135110969723407e-01
-3.728608237524828894e-02
2.244723326870993851e+00
4.088435388705862206e-01
-2.118737833994123465e-01
-6.875945654182452627e-01
6.831535293562810418e-01
1.164013292061903959e+00
4.227161747469290742e-01
-1.085624869439800522e+00
1.603196299204101338e+00
1.033101690794230088e+00
-6.897510951104726118e-01
-3.705667140126933101e-01
1.020404499578395491e-01
-1.535513937256048067e-01
1.200913700935570150e+00
1.200553932449273997e+00
1.102712237183333777e+00
1.000000000000000000e+00
1.256855512173558953e+00
