9.972153699788468550e-01
2.735022653638785606e-01
7.395608387376895188e-01
1.115199353436125529e+00
5.431777832727664457e-01
9.175963894414935762e-01
9.740259280479687254e-01
1.369693603023978801e+00
-6.499852382917493676e-01
2.252746159332545961e-01
5.144118412056346568e-01
-2.765663844716191311e-01
1.873499890211412500e-01
2.712504939679468152e-01
-8.820347694299822683e-01
-2.787377344856502293e-02
-1.779561604567589272e+00
-1.810630184695011913e+00
6.970262360984734798e-03
1.846456915108549146e-01
1.159245242643186291e+00
1.690315162530006798e+00
1.029302681533799113e+00
1.120156036948886769e+00
-7.605696665698673531e-01
-5.551473493139453819e-01
-1.261002578195788537e+00
-2.592360756531504329e-01
4.233362400606996978e-01
7.872712064579612257e-01
1.070115307205571575e+00
-9.365922877182224215e-02
-1.975580762183702044e+00
-8.574287709969652393e-01
2.586667401205571259e+00
-2.038696185415475259e+00
1.260499839628056451e+00
1.463522960423290886e+00
-1.101323480959828460e+00
1.047710225579077781e+00
-1.979584742395495978e+00
2.338810974882315485e-01
-1.050704441298133007e+00
-2.719382601644434461e-01
-6.363037921879096670e-01
8.622432983791913363e-01
-1.194851655053799311e+00
-7.331474521178652504e-01
3.691205127876451830e-01
4.935154570890186720e-01
-3.056331566768002647e-02
-2.177917551185673192e-02
1.608517473287243704e-01
-8.405558457726036714e-01
-6.215508141600175618e-01
2.065216572882119017e+00
2.578169879528558361e+00
1.283353164968002780e+00
-9.887527024959995581e-01
-1.708623599784830915e-01
-4.010259696891866343e-01
-1.743039040732673683e+00
3.450943184114102502e-01
-1.001598899247306829e+00
1.327853929840865643e-01
6.031411433126264710e-01
-2.264735047438916349e-01
-1.119248311138322682e+00
4.384251271251963199e-03
-1.326241703547131334e-01
-1.812517250169055905e-01
-1.765889018910284713e+00
-4.131588110929846902e-01
5.396305555319129699e-01
-2.190835670862503193e+00
4.858904042257305989e-01
-1.893825705792163694e-01
6.817889890578404666e-01
8.225455923161968386e-01
6.641946293747149621e-01
1.530541048524502790e+00
-3.306916106146153278e-01
7.961903243722730228e-02
-5.918431838315567628e-01
3.789700834918741101e-01
1.223217061965936825e+00
2.930342136412885656e-01
1.089835978553106655e+00
8.501240789257349384e-01
-1.216887892578326191e+00
-1.248516259761583758e+00
4.937205272102363485e-01
-1.965267534617181733e+00
1.444761891965112177e+00
3.745649032355488628e-01
1.127933194492340307e+00
-6.157776710457213420e-01
-2.615212763353260694e+00
-4.760783527460735187e-01
-2.224837844658328123e+00
-1.634814200188778432e+00
2.169409176250890747e-01
-6.134054342489358991e-01
-2.834924970154526283e-02
1.315760265061729939e+00
-8.758339373145905826e-01
-2.137474828291542964e-02
-1.359699177186037278e-01
2.574056276607940008e-01
-6.362711172678148230e-01
-6.010462559210268951e-01
8.101270734239014448e-01
6.632448170074444205e-01
-1.090868337333835841e-01
8.965553472316168948e-01
3.963130069077207551e-01
9.698951148714456405e-01
-5.804495093108179571e-01
-1.048519385880238852e+00
-1.224944626130066300e-01
-9.890644085701152388e-01
-1.535661153610080598e+00
2.798472272843863795e-01
-4.788505604163954543e-01
-1.022760811525020186e+00
2.801821426507524193e-01
6.954684422193316284e-02
-4.717173689033670181e-01
1.718929115257135098e+00
-2.494201216308228886e-01
1.129405328642030915e+00
8.323718539585929221e-01
-5.789092441062468897e-01
3.195908291858294836e-01
-6.431340867167987252e-01
-1.758921404696939250e+00
-1.000001881560133032e+00
9.365619809609811997e-01
2.332068805106055631e+00
2.340457626952356651e-01
3.992400978564786818e-01
9.416040799726534960e-01
-1.083794665433564175e+00
-2.246808212008432337e-01
-2.677215286108496906e-01
9.754369974741320393e-01
8.627020384500231343e-01
-3.243252372202704237e+00
1.657085067596856920e+00
1.127569831704102077e+00
7.750845877703435027e-01
6.901970827359431571e-01
2.205216113892962404e-01
5.005305534887927827e-04
-1.135168971395770499e-01
6.458855480721965858e-02
-1.496939248705636105e+00
-8.366758879510383107e-01
-6.316169611256690075e-01
-7.531046560827091563e-01
7.842952666288397490e-01
1.918967310807193849e+00
1.247471486998714241e+00
-1.085863204233457058e+00
-3.033783444957447450e-01
-8.831727959738721045e-01
1.118454776134506945e+00
-1.441843051750856475e+00
6.615131769468326484e-01
2.301222470795140307e+00
8.165606579532274090e-01
1.588070070594654881e+00
-1.731547937928959724e-01
3.445583593493491414e-01
-3.834235182400757003e-01
-1.281384243225436093e+00
-1.382808083605967936e-02
-1.228634731139436331e+00
-1.072382756039581553e+00
5.522515801265552859e-01
-1.124436771771183619e+00
-1.714304278861150319e-02
1.091307432017050605e+00
-1.010814598734066871e+00
3.549730881809686212e-01
-2.169485497726283130e-01
5.769892665919865715e-01
1.294515063558886458e+00
-5.825928859666534843e-01
-7.633967672070245403e-01
-8.826646124783068537e-01
-3.775344013355421691e-01
1.622814665262064748e+00
-3.541829467925589614e-01
-3.070232241422439667e+00
1.169389209716886979e+00
-7.324300296505475982e-01
2.431039947813278812e-01
-3.024886316557754418e-01
