1.271360974333268778e-01
4.541498129585932464e-01
8.091876776616185873e-01
9.865628526392522524e-01
-4.398398189779384460e-01
-8.688657597592903681e-01
5.554775482043723400e-01
1.112083848346010484e-01
8.983963338329918891e-01
8.188940873190340142e-01
7.848259246678832568e-01
1.092883042089895645e-01
-7.146152868577404504e-01
-5.388017481265827691e-03
9.851701981403067077e-01
5.598435532694068240e-01
6.679806619837429515e-01
7.400074857805427619e-02
-4.481886598895079565e-02
-1.153026421658074341e-01
8.143285813792895400e-01
-6.381145599198889684e-01
7.741324226162769051e-01
8.173312781543378147e-01
-7.992990327120668148e-01
-5.319149469043844558e-01
-8.741784453798828736e-02
-7.844521973573281848e-01
1.242006183943374698e+00
3.775782731857744157e-01
3.074133799960607760e-01
2.796636152327298674e-01
9.146106226489443269e-01
1.733615641553993392e+00
-8.611211566745555768e-01
5.532614533804529611e-01
7.842877204881695263e-01
-2.797567157646374980e+00
-1.036869325792350915e+00
5.481130032882242098e-02
-8.044313251748813620e-01
7.972394319467976942e-01
-2.357709409488228935e-01
1.471351100403624823e+00
-1.643065890666932205e+00
4.703932731362314712e-01
-9.387606321464325720e-01
6.285503302409456428e-01
3.247247866436355768e-01
5.587435592431146958e-01
-9.329056308925858243e-01
-2.184429393996832891e-01
-3.577287288010815303e-01
9.216041403676724642e-01
8.563324480114102855e-01
-1.794679486467984031e+00
2.789524910668383928e-01
-8.724841488176007243e-01
6.990205887683562658e-01
1.448151440525315692e-01
-3.764415523537953945e-01
-1.701451545979819624e-01
-7.739516152679564165e-01
-3.972264077307063879e-02
5.274558449783104397e-01
-2.249685104866498087e+00
2.834427011295048704e-01
3.021032167258193013e-01
2.929874920207737876e-01
-2.065165766241163769e-01
9.544934984679204204e-01
-9.073029794864702069e-01
9.661590677692921680e-02
9.388599532058750086e-02
-1.704965167310157348e-01
-1.642155876409026050e-01
3.006123770346997848e-01
2.011409110470052664e-01
5.070328477235792608e-01
5.136690421683101082e-01
5.801409298122992553e-01
8.140569760661988674e-01
-2.220098304570528036e-01
-9.418678856283424494e-01
6.171748346055911938e-01
-2.335999784507044374e+00
-6.864705045445242959e-01
9.513709600526971677e-01
1.197038376502532087e+00
-2.151268789241926882e-01
-2.807248417051140255e-01
-1.524181619991191505e+00
2.180006133559553305e-01
-1.674252001699765291e-01
-6.156099353288642106e-01
-2.765454799311781731e-01
-7.420252857905349497e-01
3.568249798497182823e-01
2.828429579349849288e-01
-6.497354228429470524e-01
9.080301929388006066e-01
1.450874876134667257e+00
-1.746870016092958666e+00
9.212127068681379427e-01
1.882909336546474410e-01
4.811349726977147689e-01
-3.688194834747042794e-01
-1.994413559760817023e-01
-1.115771002013830060e+00
-7.399549041001761696e-01
2.658976221547122432e-01
-5.031122415010056415e-01
9.298547852993453988e-01
-1.909128921627242681e+00
4.942539749766232671e-01
-5.632386852093166363e-01
1.391045866907583139e-01
-8.133026603033521873e-02
-4.101483108001766631e-01
-2.649784057481807675e-01
1.804786864280865100e-01
-2.583889675800766561e+00
-5.883792190949999057e-01
-2.341510245167802928e+00
7.747315179491960357e-01
-1.109964304949172531e-01
-7.780563332660284104e-01
-1.160934766516974470e-02
-9.225696211139713387e-01
5.209314198161583143e-01
-4.106064218634444263e-01
-4.837101566101233985e-01
1.462944820204595153e+00
9.519066783777185847e-02
2.505811771798360787e-02
-9.549025490389961845e-01
-9.757171473604353551e-01
1.914441455626385569e-01
8.535974425856698300e-01
-6.596201352436155130e-01
-8.531171732932008034e-02
-6.235913677628184271e-01
1.055543008763756507e+00
1.304647157266050628e-01
-9.529364199862824236e-01
-9.815073682874875249e-01
2.072812556288401442e-01
-1.495948447894550615e+00
5.371241906477541850e-01
4.836298676554851017e-01
-1.127628631037806972e-01
-8.628314717934633116e-01
5.810829923077807102e-01
-5.108611332175772013e-01
-3.218035569408224106e-01
-2.458455323815085691e+00
3.082627311985990382e-01
-8.495038284211138269e-01
-9.876983742829016366e-01
-6.641030455679237665e-01
2.171998160810094669e-01
9.220877166534529046e-01
-5.999356612627919638e-01
-5.770105603007017470e-01
-1.578773283886760748e-01
-4.636234618738104274e-01
-6.326497123405923073e-01
1.706767455519964116e-02
4.023362604733711212e-01
5.431876908499657652e-01
-6.075406982122535382e-01
-4.799972354309025580e-01
-2.439076642944304485e-01
4.804740501314708201e-01
2.127236662353808594e-01
-4.073808727593954959e-01
5.058291451801453231e-01
1.209133923104897868e+00
9.737504094874680494e-01
6.160079657433026323e-01
-4.739522044767829900e-01
-4.332739756204098125e-01
2.622860265072177732e-01
5.236525044219766389e-01
-7.803725846923259546e-01
5.180833576025922760e-01
-1.049278918445609277e+00
-7.975203898100879929e-01
-9.786920756481540806e-01
-9.987041879537517097e-02
1.252774832629566681e+00
5.648707910796147980e-01
2.739664355395716733e-01
7.246670658378062679e-01
2.818031989122076197e-01
-1.047311400315158458e-01
-6.784666404336343604e-01
-1.840881554423936528e-01
2.257563129884298192e+00
4.591720316501373134e-01
-7.569330665727906915e-01
2.682174711215910001e-01
9.241751417951589165e-01
-2.677152275490530808e-01
-9.998183599743968308e-01
3.573127348445269136e-01
-6.589311928283582143e-01
5.421217121284678253e-01
8.923008112398558289e-01
8.840781857077684158e-01
9.978599501610385669e-01
-1.079708780933308354e-02
5.268791400754591070e-01
1.052086548512080721e+00
8.786910869052904083e-01
-7.600198826897086590e-01
4.086495424853551217e-01
8.930817661502905569e-01
-9.096982800352642062e-01
2.471057277271233588e-01
-4.271918536796446286e-01
1.111080044295040814e+00
5.477144564117284453e-01
-2.689249245132572241e-01
4.185788461711013042e-01
-7.382695114323294394e-01
-7.731206475619822882e-02
-1.523801654594332255e-01
7.233705758197630509e-01
-8.663505184307935814e-01
-1.005066210786997871e-02
2.174650076738675608e-01
-6.321755964781214931e-01
1.405226054796377300e+00
-7.739040233647731526e-02
-3.758556291771088520e-01
9.724362241900390558e-01
-2.338652587720277953e-01
-3.707335112884539985e-01
1.051415993043396391e-01
-1.214192192953711391e-01
-4.904391673663646145e-01
-1.317796143383750174e+00
-9.855038896118817338e-01
-3.211988955979436788e-01
9.188058211952063736e-01
2.354951610780076088e-01
1.534138353837855462e+00
3.586513778112234707e-01
6.611758991416081255e-01
1.867916327259486309e+00
-3.268210326084506345e-01
3.681955774550549343e-02
-3.273654456760783926e-01
3.836258233444689303e-01
-6.292458167535590619e-01
5.702168627306309912e-01
4.955989313322441969e-01
-2.171863436537800895e-01
-8.707192698742183268e-01
7.834405962585622163e-02
-6.819967301915532687e-01
1.518837595131704576e-01
4.901295072263596175e-01
5.493256531587600300e-01
