2.301050912800576498e+00
-2.352623092583704389e-01
1.334920648854210246e+00
-6.463442816312997552e-02
1.115047982037001173e+00
4.825417781153822361e-01
-2.161823634399580474e+00
1.008389430066523262e+00
8.060974926730652967e-01
-5.657176931858433067e-01
-3.477793665788621258e+00
-3.436271788849074582e+00
2.092392504079975790e+00
-7.472101804166663142e-01
1.386950125531256628e-01
-3.265481573437156726e+00
3.638422592128483846e+00
-1.397515095967108767e+00
-5.976566732644386093e-01
6.447687337375178629e-01
-7.996136844827461676e-01
-6.654493291174652381e-01
-9.090234661787572890e-01
-1.011211052758802964e+00
-1.443423348751558866e+00
-5.354700788357128483e-01
1.546041992972317924e-01
5.734151801346639710e-01
8.500690960555852271e-01
-1.845045895181282314e-01
2.882403846575250506e-01
-2.868312664548474888e+00
-1.528532791059353579e+00
4.809660427136174254e-01
5.210327218891545875e-02
-8.706059022775860523e-01
9.725299010828196700e-01
1.069441844430013999e+00
2.533293477039643138e-01
-8.695789856900060233e-03
-1.879193610184509478e+00
-8.992011791938044063e-02
7.413876877681850885e-01
6.421846554469813340e-01
-2.273611236287158555e+00
-5.378097652299892451e-01
4.057407925000838245e-01
2.523483990249747455e-01
-1.658990209783770542e+00
-1.522481501791823622e+00
-2.268762455108638498e+00
-1.528790850608460206e-01
3.700763392419474385e-01
-2.231885018526769127e+00
1.403805789143969029e+00
1.212137903948643292e+00
3.705077045787107393e-01
-1.862284199160996412e+00
-1.886824626116520243e+00
-1.524873656117474940e+00
1.074524950670609158e+00
-2.861963893355752298e+00
2.183022189933873314e+00
2.471046675139569881e-01
-1.677452928148395195e-01
-8.074626341813123664e-01
-2.195156481452901431e+00
-1.160887291715724245e+00
4.914069622073481414e-01
7.765129068342004892e-01
1.451554105487235402e+00
-9.916148618622445954e-02
4.789671664660991035e-01
-8.358508624631817430e-01
4.483379480302448483e-01
2.228540850091710990e+00
8.178736775879272836e-01
1.376775783759729421e-01
1.718978587123479285e+00
-7.822050998523337739e-01
4.637710359971565222e-01
2.923358445820210538e-01
-9.904531432321077578e-01
-8.885846886943116196e-01
-1.447095161034379185e+00
2.438890069716861397e+00
-1.721175060727089035e+00
-2.163144491222134258e-01
-5.944871647085965272e-01
7.611114928433404536e-01
-3.465767888595381763e+00
1.306998424527563152e-01
1.047654720904797498e+00
-5.819181687457634922e-02
8.455418540429039398e-01
-8.389494072793430846e-01
-1.121648956305279388e+00
8.920643830829750875e-01
4.303194229148917804e-01
9.524395009258780354e-01
1.124283118876069493e-01
-1.495896092974030589e-02
5.676258081292281377e-01
8.459678034328396157e-01
1.298623997783818762e+00
1.000651726136160047e+00
-1.157788763176385294e-01
-1.456616487107416716e-02
3.092223177477432250e-01
-4.520854965706292972e-01
-1.870825760608330723e+00
1.977496679616598252e-01
4.178539932724595340e-01
-7.655844693097296760e-01
-6.343798775496024556e-01
4.539886032939338123e-01
-1.235006694053128351e+00
-1.132909190403789540e-01
-5.908008380462639320e-01
-1.032416876500040909e-01
-1.413923206941039457e+00
7.470981051461124123e-01
-1.141427171886539582e-01
2.205521654769899698e+00
-3.519948356305723891e+00
-9.268352956335118575e-02
-9.523328550618304078e-02
5.600144016631047883e-01
-1.974836133960163054e-01
-1.329527300001913215e+00
9.491656525635550068e-02
-7.037969748284580440e-01
-7.851165663897095026e-01
-2.128576593958712238e+00
1.048060234569304416e+00
1.692616374918850308e+00
1.388462702699657658e+00
-9.055212435647811420e-01
1.791922364294265213e+00
-2.356684126776618093e+00
-8.837562261971009248e-01
9.697947595319889036e-02
6.549698861188412158e-01
5.477931877989183906e-01
-8.220599419168109767e-01
-2.384045217072830347e+00
-2.128061918014662712e+00
1.353502075789124959e+00
1.716028365863899063e+00
2.643821330513905998e+00
2.334109176793126572e+00
-1.501912323089423573e+00
-1.396219469138140878e+00
-2.526351807047237941e-01
-4.218987343446926191e-02
-3.839832711258419629e-01
5.932768762463400680e-01
7.821586611401752931e-01
-7.182509468575912215e-02
2.581331435721193834e+00
-2.254730232459756678e+00
2.365292202952735234e+00
-1.157568744946506634e+00
1.709623806914540023e-01
1.714849828905755658e+00
-4.676417474040406863e-01
-5.994260005543395886e-01
-7.966535454400925920e-01
-1.982083298449519360e+00
5.746983847794332467e-01
8.743804228181963900e-01
6.816101925489594926e-01
1.167702664810045921e+00
4.651652080584079973e-01
-1.574944255639675883e-01
-1.062645596328052111e+00
1.720881891000134667e+00
-4.422711246462745494e-01
2.031056286238339226e+00
1.040341473199710265e+00
1.122522165601525845e+00
-3.438294555381058437e+00
9.301805947002852459e-01
2.063517171426476060e-01
-1.462180426210187567e-01
-1.178882327265140750e+00
1.816187162002606881e+00
1.355111011599147375e+00
-1.832899081703104116e+00
-3.719384731895178930e+00
-3.031354222575311397e+00
-2.766397847166506829e-01
-1.676775992474402566e+00
1.127517506859156304e+00
-3.200638577137360774e-01
1.780073016264517527e+00
-1.825914377758987239e+00
6.372007106762542783e-01
-2.792137987022828005e-01
4.077997388858840000e-01
-4.034225227277181691e-01
8.869118889419064233e-01
-1.300212558029488763e+00
-8.678340079672960394e-01
1.250113400375302497e+00
-1.261640523274418779e+00
-3.996897713447621903e-01
6.998519489917465197e-01
8.862621855352519340e-01
-9.354636335766259858e-01
1.643862931295342777e+00
1.979682837900071712e+00
1.357264429486237045e+00
-2.343429328133976419e+00
-6.075762836909610609e-01
6.437022611724457777e-02
-1.963533958716385808e+00
-4.189374687704496836e-01
4.538660469900916983e-01
-1.191316108067030033e+00
8.623681906672350239e-01
-1.000839712008803950e+00
-4.711677105464288084e-01
-2.705732713129587186e+00
-4.537955380101232339e-01
-1.675291352346969243e+00
1.747161173786998312e+00
2.680374974379602371e-01
5.693098154475385586e-01
-1.732763990570917789e+00
5.762863988781506963e-01
-2.977284501368510305e+00
2.285031000209973850e+00
2.222992506901427578e+00
-3.732372927891870473e-01
3.590743053657686756e-01
1.273072907494965378e-02
6.183266240341877412e-02
4.291426908429423204e-01
1.121738022710884630e+00
1.195673721450746019e+00
1.228914437058732934e-01
5.316336418585291268e-01
1.249218937859978951e+00
-4.904183269235565801e-01
-1.593408601547046111e-01
7.368075730713341542e-01
1.759556777243726389e+00
3.613874432697635197e-01
1.047692011125747058e+00
5.264833066256553035e-02
1.038622754240414725e-02
3.098177742582901573e+00
1.061216794955110343e+00
-2.360232930478185054e+00
1.488559390749783162e+00
-3.274139171062566134e-01
1.345513284530895692e+00
-1.301787564573855249e+00
-2.140330147505721925e+00
-2.658694254639158427e-01
1.069456264167847559e+00
-1.373656905249829308e-01
-5.149215667332522894e-01
7.625124369386002687e-01
6.371906077592139894e-01
6.078793086575828841e-02
7.348794397856838190e-01
1.439627287282638113e+00
1.736331735357884154e-01
-1.703561532154311386e+00
2.601675732231207849e+00
-1.188530536489349032e+00
-2.150884825768317299e+00
1.062431174892283003e+00
-3.330144138546437538e-01
5.668843464313688685e-01
1.319585600334668429e+00
1.657372258760235750e-01
-6.664167114069041720e-01
-2.482717576431366258e+00
3.859118033886832499e-02
1.339003857076220827e+00
-6.095366017150201099e-01
4.939981453794243249e-01
-2.298111363270048113e-01
1.049673040503082966e+00
-6.141068091889529956e-01
-8.525731333985782090e-01
-1.719949510847170071e+00
-5.872737870643757185e-01
2.698768711549242028e-01
1.573221120291602160e-01
9.030061388422434832e-02
-5.755804252097821427e-01
4.475335238651387271e-01
5.545633950464777806e-01
5.703725622838241582e-01
-8.138098374336580343e-02
-1.344525756122513516e-01
-4.036586564200713156e-01
6.264508612107030916e-02
-2.209130154878339303e-01
4.323827329507954342e-01
3.121559636169903840e-01
8.630205013259243385e-01
-2.348879510952381899e+00
-3.271492828553566046e-01
2.808463929334662490e-01
-2.759205571872837659e+00
-1.095041743474651774e+00
-2.435570594063236893e-01
2.954764986873922528e+00
4.445827385856671032e-01
2.191903209537167108e+00
-7.287058793129861378e-01
-2.086341888800776534e+00
-7.232862746743474736e-01
-3.534992020709936122e-01
2.484280186355287412e-01
1.119987814574198159e+00
-2.165713295212476908e-01
-3.586034558498806257e-01
-8.476436228314295773e-01
-9.615783782723514861e-01
-1.802323684922658709e-01
1.190560751269011064e+00
-6.577021233683230106e-01
1.094688194796520131e+00
-3.219372006356290283e-01
3.021548693340609937e-01
-1.734823152254475254e+00
3.793341084758359294e-01
-2.033938244055606859e+00
1.612820945716922250e+00
-3.028994198302000229e-01
1.312998970974248447e+00
-8.294476762791511693e-01
1.668997784530916295e+00
1.474481233458984353e-01
1.355965453716611258e+00
4.930328119089469885e-01
-3.515733649832863961e-02
-2.464579080876350137e+00
-1.441806867955618410e-01
-7.192083295341703542e-01
-1.288029775361200224e+00
1.361749380107122098e+00
1.239220781319901210e+00
-4.391394438193930716e-01
2.006449074325940440e+00
1.710157881209948938e+00
-8.634818104647544956e+00
-5.433488643917394612e-01
3.316936750500966369e+00
-1.068513626956456353e+00
-7.242377595536173551e-01
-1.479899285156288213e+00
3.583382427975181916e-01
-4.220507263853409685e-01
-5.910925716660311302e-01
-3.230795430849491834e-01
-8.927624140334082803e-01
-7.066364722260257136e-02
1.443185483210688513e+00
1.475225835710573197e+00
6.195089355134266729e-01
-2.352807159445489571e+00
3.656565044512181117e-01
1.656168607549235450e+00
-1.281967395628572648e+00
-5.047302859104005890e-01
-3.097482993878400426e-01
-1.371897853043824687e-02
2.661384735336027596e-01
8.307743157407558865e-01
1.242440261022379255e+00
1.340517473593191955e+00
9.010632505408452397e-01
-7.642603359986028799e-01
-1.626995298909579279e+00
-3.106722849751152316e-01
2.716716874876946575e-01
3.775008070315045705e-01
9.705038502041953841e-01
3.610192439812430765e-01
-1.644385064191717705e+00
1.615860810036604089e+00
1.156472487768738677e+00
1.055539190410494266e+00
1.018971590669982330e+00
-8.141615453541146685e-01
1.564351333893889251e+00
-1.495169226769921533e-01
1.835481982132627810e+00
-1.132768472816884531e+00
-5.718989938559993456e-03
1.057309412511825641e+00
1.887243399835096258e-01
8.955974634016824476e-01
9.446159663103040893e-01
6.944613247171824710e-01
7.244929820555241484e-01
-1.850346815886197149e-01
1.302605189434983934e+00
5.266154278968080860e+00
4.598941617594466957e-01
2.903527864952268445e+00
-1.086217384343207831e-01
1.010442555468094722e-01
1.202225011775025720e+00
1.013120548355922246e+00
6.123628725881034018e-01
-1.443561592951187800e+00
-7.375674762276895891e-01
-5.963893779188473854e-01
8.985686045934385691e-01
-8.009917896144015392e-01
7.872656174775923832e-01
6.275726008961814983e-01
-9.974969557603485804e-01
-1.736681635537641988e+00
8.757464185245307231e-01
-1.198442247004631422e+00
1.256242226677766638e+00
3.071474465384322894e+00
1.874408236626605717e+00
2.311055229104304054e+00
-6.798377399834616419e-01
-3.504859298100801435e-01
2.068294688915545798e+00
5.601100346257621432e-01
2.279993557478106503e+00
-2.590802712514742590e-01
1.790967287604313674e+00
-6.941716288085838515e-01
-1.794632325167800913e-01
-5.507814087499410816e-01
-1.268086342823201873e+00
1.550918323558231338e-01
2.694667501353344541e+00
2.983827046178459952e+00
-5.900480409301986917e-01
-4.253746714933124839e-01
-2.572100945294421570e-01
1.644161643129864181e-01
3.135281583534497152e-01
1.376242860509928057e-01
-7.078530766882339398e-01
9.741056779764694085e-01
2.214437432873296863e-01
-5.130277018306914766e-02
-1.276662287562479570e+00
1.119585538754698684e+00
-7.813427059355390059e-01
-1.069344533446348500e+00
2.233007154983635889e+00
-1.791835434761348989e+00
-1.565842532336138904e+00
-9.473894941545842052e-02
1.235912828514547313e+00
1.730924814756555352e-01
5.908159005747890546e-01
1.753243122026714840e+00
-8.919118784676550726e-01
4.812360797799457579e-01
-1.775137680488830361e+00
-1.613901763256364363e+00
1.360214616659660702e-01
4.527601600492857647e-01
1.712062796992670277e+00
-3.054706287928583008e-01
1.106920803188951030e+00
1.104261339801019703e+00
2.456541048489924162e-01
-7.981738120482335663e-01
4.312685862993409502e-01
-8.099848950261206992e-01
2.048857168494938874e-01
2.150176135558920620e+00
1.974768836257080551e+00
-9.328516073743212678e-01
-2.504210091952321915e-01
4.141040255061108066e-01
6.516176883586857205e-01
5.349763900298487584e-01
1.891972618877097556e+00
-3.259504807984608399e-01
1.847337956708979156e+00
4.765132826858718973e-01
5.014661990193777091e-02
1.679373168715558029e-01
-1.196840979192983712e+00
9.113293703199342177e-01
8.037952165583371611e-02
