2.483951141122673345e-01
2.372976719910319665e-01
-2.093324588485143689e-01
-3.960847224198180250e+00
-2.391521340718505695e-01
1.311504934932199884e+00
1.121187940364574587e+00
1.127442468451470781e+00
2.526901650084871331e+00
-1.048048706348691406e+00
1.788132002805112863e-01
1.063030778730984283e+00
-5.298168700087496630e-01
7.377275559083390499e-01
5.047189934123053057e-01
2.530903469745596990e+00
-1.258626891168879158e-02
1.310936646691679641e+00
3.376670373129774250e-01
-8.384668362630383065e-01
2.067633815739846170e+00
-5.087290008327340907e-01
-2.650667077837744134e+00
-7.533262242236407058e-01
-9.146751731756286308e-01
8.381153941117853723e-01
-2.467330529159031727e+00
-1.767587781255989254e+00
-6.004942127089135662e-01
-2.550913285752919979e+00
-6.529131637467890936e-01
3.045078458609068228e+00
2.428449957634064571e+00
1.666277838975091519e-01
-6.995496046735343310e-01
-6.891850192695526678e-01
5.740899995333802464e-01
-1.002368253342206916e+00
8.379506063579993391e-01
-6.587685618521732511e-01
2.427633510614804369e+00
2.658492475320903381e+00
1.466346169931179722e-01
6.911865513017796392e-01
-6.161160223821692261e-01
-4.124329227242597984e-01
3.663553947811933331e-01
1.131489421860594202e+00
9.291962813998926318e-01
-1.945083623462289246e-01
1.463037802123321018e+00
2.100633330756036088e+00
1.393422210048066656e+00
7.448028322138652291e-01
7.151598513262924506e-02
5.205288744547216240e-01
-7.753626813315255273e-01
2.079116262608898147e+00
-2.301228969507875810e-01
-1.635939289774631877e+00
-2.883449030011760783e+00
1.528930651305769883e+00
7.061472122790253270e-01
3.304963891306567647e-01
1.525777405817489107e+00
8.154404634473724212e-01
2.627702544782512195e+00
-1.915521991166702742e+00
-1.198634989462478817e+00
1.895599852425959853e-01
1.458779732023747888e+00
1.455697387457099090e+00
7.343185123246052104e-01
5.313930024146231723e-01
-1.991867368377218339e+00
-1.501571902884929033e+00
1.416855609745303113e+00
1.325949243881939799e+00
4.555902848039787845e-01
-1.628222270378317793e-01
-1.745971155426920551e-01
2.012650626836073098e+00
-7.497681263581290612e-02
-2.923092501865803827e-02
-7.455246918749243168e-01
1.504484597072126784e+00
3.865737269765906703e+00
1.179287093795644559e+00
-1.059927457285895214e-01
-1.648311190661193582e-01
1.089999301904311269e+00
-2.237096152426739426e+00
2.762774608334815640e-02
-4.359902374231844346e-01
2.466847177591636520e+00
-1.070993108762306578e+00
-3.815216251202585007e-01
-1.837220372757030207e-01
-1.293611598571610677e-01
-9.787857058910515162e-02
-1.341530865015689411e+00
3.738716116532536660e-02
-5.735445124127888095e-01
3.765365354292721234e-01
-4.446985858768796041e-01
4.088752594338563862e-01
-2.763638125442369642e+00
2.141008997894140009e+00
-1.043905708812224997e+00
-2.034421823050401201e+00
-1.950225736660059273e+00
-6.428774682903465321e-02
1.339744974861054816e+00
9.325794522944872433e-01
-1.432071981706594332e+00
3.611201042158276309e-01
6.119777431275630342e-01
7.796833734404215455e-02
1.934258509740089060e+00
3.286906769974718312e+00
2.119964706275628274e-01
-3.860392034293693708e-01
-6.974372967684294711e-01
-4.896985167571287212e-01
1.418967309521964815e+00
-1.246816818316676123e+00
-2.662085322064752235e-01
1.189183289249469588e+00
6.089429393467109541e-01
-1.069769593679505748e+00
1.186751039173420841e+00
-1.228119153054469281e+00
-9.311496674419230679e-01
-3.300814174134282242e-01
-2.128957143232853788e+00
1.167903497213559794e+00
-7.319394784481090266e-01
-1.807374373574796578e-01
1.077668659889842617e+00
-9.878592782330651856e-01
1.834618597834869469e-02
-2.444195066243736392e+00
7.156929268132824484e-01
-1.213243838572515276e+00
1.150255392369595953e+00
-2.274075947718314783e-01
1.216599523578405728e+00
1.611796847213021522e+00
1.114976017442780076e+00
1.893185989528149538e+00
-3.520281190032496510e-01
-2.860135647563545547e+00
-1.476680733423765490e+00
5.114658082509089265e-01
2.975961461424456722e-01
1.944525824741474285e+00
1.136754124098755092e+00
5.943393681218398505e-01
-5.001710476357301705e-02
6.864405817250904263e-02
1.474514798198973686e+00
-1.617941764073458355e-01
2.520532651061573759e+00
7.406060106893912198e-02
-1.039623095705489941e+00
3.755476441774366347e-02
-2.165275214064469100e+00
2.704802141232470758e-01
1.151575749501299484e+00
1.518499834881647859e+00
2.532940375481982365e+00
-1.066037011409911583e+00
1.417266305179839758e+00
-1.674632769135757648e+00
-1.246279042326956299e+00
-1.329685150108037339e+00
5.611225002048629840e-01
-3.761573568495976128e-01
-1.860589314047300102e-01
1.478400306312237067e+00
1.412137253826717398e+00
-2.760825389159621057e+00
1.564361053773033028e+00
-8.880414023730734963e-01
1.151799544995170566e+00
6.297379218668071044e-01
2.712915510116845397e+00
2.077248636830257844e+00
8.516619135497789372e-01
-1.070645373343269480e+00
2.514560925789377510e-02
7.218990965924554359e-02
-1.101792193880370085e+00
-1.358183034178867876e+00
-4.699662029415437869e-01
1.906606245310075609e+00
-1.206810567965504871e-01
-1.985290444976459956e-01
1.389204323579806388e+00
1.424352340220142177e-01
7.418409217078870688e-01
1.770020872519029620e+00
-8.879537449456293974e-01
1.162097039862985071e+00
2.331688796036689215e+00
-7.498319680439680113e-01
7.352368787083297941e-02
-1.209877527753709936e-01
1.838214597163464248e+00
2.177569632134489730e+00
-1.805849391226894252e+00
-1.068831277956721282e+00
2.401502125586977954e+00
1.886076170266800522e+00
-2.945159028704825710e-01
9.596555855278703362e-01
1.383308652032937403e+00
7.388140843067650954e-01
-1.703488642949095855e-01
-3.730017901117606560e-01
-9.693450726179270172e-01
9.178365214728079202e-01
-6.012955617809316866e-01
-2.261985483129486108e-02
-1.244964273804637589e+00
-2.091659735592873659e+00
9.470374401693959499e-02
2.794249273036276904e+00
-7.498439127114698843e-01
-5.443335634001540413e-01
1.929418361406850746e+00
-7.174070970314900819e-01
-4.268377189918660664e-01
1.627653190776654490e+00
2.477823849424526936e-01
1.069944124769101057e-01
-1.505244361932302155e+00
7.383784751581924655e-02
1.011995159553036761e+00
-1.000384402480730128e-01
-6.375378820358835741e-01
1.587358624533039830e-01
3.196368778971015456e-01
-1.913504099040286288e-01
1.669002228748684757e+00
-9.041851512259855284e-01
-1.667307653950880653e+00
1.243007341402545318e+00
9.170851919562055254e-01
9.492807664756968133e-01
8.266103635987380738e-01
-4.259264483877459817e+00
7.081546341707644077e-01
7.632884882897739143e-01
-1.722798424833745123e+00
-1.913234420312508455e+00
1.871322579224352189e+00
1.687147642559700955e-01
3.234166031202723723e-01
7.106059820490640000e-02
-1.152270192527818482e+00
1.360886424078187495e+00
3.223145517651883285e+00
1.543878828977137241e+00
2.170110179541573370e+00
