2.381446951611233764e+00
9.733166514865682073e-02
-5.541821228539980382e-01
5.672135601641230540e-01
-1.155841034118774147e-01
6.381347104130038472e-01
-2.125151844159084646e+00
-1.817405246007601338e+00
-2.396005952516627513e+00
-1.232675235907285671e+00
6.494250476133938133e-01
-4.179854772750392633e-01
8.394280696416077658e-01
-1.415141849863137846e+00
1.165812103488455209e+00
-2.208984568811832305e-01
8.347841697950926232e-01
2.582954720859546582e-01
1.544393945282252212e-01
-1.004550351005316644e+00
-9.969254956226762943e-01
1.035202364858333057e-01
1.045919246073929498e+00
8.442310550927997204e-01
2.679911810280741769e-01
-8.102028873001556608e-01
3.578914987912978907e-01
5.238440672736307535e-01
-1.034461829311886127e+00
-3.169177779301976194e+00
-4.896837578835655513e-01
2.244287989725592958e-01
-1.294750209040200772e-01
1.363891883403223204e+00
3.944630650273197592e-01
-1.093885699453928995e+00
-9.680890555416048482e-01
-1.057624481939168692e+00
-9.140929732665012963e-01
-3.300817667549802992e-01
1.800070587746020190e-01
1.004543318069999192e+00
9.417691846094634611e-01
-8.250809839712859306e-01
-6.315822511523205840e-01
-3.232918306785325657e-01
-1.190676781561343933e+00
-1.249353500892376845e+00
1.407448748724238419e+00
1.688361575172822260e+00
2.192592371950632835e+00
-7.369513646905934134e-01
9.716725453348702413e-01
-9.871194221808952951e-03
2.339417319994948063e-01
3.648464810773738853e-01
-4.618087517306956324e-01
2.503266213540300988e+00
-9.328788223596997664e-01
1.856308466427776249e-01
3.194238597905471044e-01
-1.820170335298383790e+00
6.769262772484514468e-01
8.155149214754608966e-02
1.386427159146096821e+00
1.244062713320445712e-01
-5.219775816452753014e-01
3.031415592672986214e+00
5.469228752819926820e-02
-2.060235131938525921e+00
1.216316655330003549e+00
3.328445295182663743e-01
2.519577227709727474e+00
1.065123668131054524e+00
7.509032243775202176e-01
-3.321494321249390147e+00
8.244393138660019993e-01
4.417728099608536629e-01
-3.406974673293251543e-01
1.498740046603388887e+00
1.637735788833195372e+00
4.165043469780478347e-01
-2.407929867813794811e+00
-7.564032415689985189e-01
-2.557926578761470782e-01
5.935651371606893711e-01
-1.274991808672998328e+00
4.060855277348782155e-01
-2.539870388107473564e-01
2.352743898587809745e+00
-8.850481429903446495e-02
2.344159735866716332e+00
-3.167062913012702596e-01
-1.360763852559211839e+00
-1.426060886876988842e+00
-9.551257631803321269e-02
-7.847754467961864933e-01
1.506404779431600005e+00
1.279860178075719890e-01
1.707062676851206717e+00
-2.646125090036000049e+00
4.737962311742270338e-01
-6.640984740350724946e-01
1.903735602134902505e-01
-5.904026437363326663e-01
-1.094784929099911208e-01
5.698457689418200411e-01
-1.885257229395652656e-01
1.814216966832964628e+00
-1.258799269987403324e+00
-7.783805075548251295e-01
1.275296266234041243e+00
3.863571541341276339e-01
5.775361615401118920e-01
4.204982174513119397e-01
1.449034613827619555e+00
4.870005980709330995e-01
-2.857746601683389676e-01
1.237241319333149958e+00
1.303498239409542903e+00
-8.674529589006918506e-01
-3.120449478199686100e-01
8.535926806434539493e-01
4.156739648853527425e-01
2.377319055983127871e+00
2.972890941336759352e-01
1.284039832236071321e+00
-7.763202625614810115e-01
4.020556841305983897e-01
-9.972238382357020425e-01
-7.188842535166665160e-01
-5.930749667633435918e-01
8.307889503834737788e-01
-7.279516164155063196e-01
5.963651507726553946e-01
-2.222688135310912472e+00
-3.986009467800273876e-01
1.015876233876162216e+00
1.290908828432588473e+00
2.047075900069179333e-01
4.413775787366455150e-01
-1.562267608592687207e+00
-2.472991550821510010e-02
-2.752375978533688539e+00
-2.363154750922283220e+00
-1.041789377718856491e+00
-3.681517027369268780e-01
-2.202545030871327081e-01
1.265266011457296225e+00
-1.755210947551397449e-01
4.419454294090481850e-01
2.275364512230597935e-01
7.621719157181348070e-01
2.645804044912116737e+00
8.623834800303522563e-01
-1.477084968544256638e-01
-4.922134154374365189e-01
-2.888411874745800967e-01
-8.217384671555916231e-02
-1.675210514906817716e+00
-1.547599685971959849e+00
7.831677946761090858e-01
1.963506320497725444e+00
2.720892976354978843e-01
1.503223786297259501e+00
-4.064228077358827407e-01
-3.316166732561512953e-01
-1.007259650243107485e-01
5.253203256644134456e-03
-7.988175671388835219e-01
-1.247544070762907964e+00
1.569738737124043992e-01
1.201810082686487480e+00
6.636286393136070494e-01
-6.067708043572521692e-01
-9.331629660416314032e-01
-1.637435890922999127e+00
-8.026400234222710317e-01
-1.287386210856604762e+00
1.507533564225567169e-01
1.277418361136744229e+00
7.674846221802362756e-01
-1.459686188226350101e-02
8.990110958078129100e-01
9.621552214853991147e-01
-8.114362819951290717e-01
1.097758759122503092e+00
-1.254880796941347576e+00
-2.579986393279095069e-01
1.703723558869571830e+00
8.575031277736157032e-01
-2.839570530416129834e+00
-7.975888659240623069e-01
-1.992325533310739250e+00
-3.403023930963099963e-01
8.937416274645423320e-01
-2.351162067091867147e+00
1.469861361456788584e+00
-6.370596291447072623e-02
-6.599557636879349598e-01
1.225338281070808971e-01
1.852436259997281232e+00
-6.937379507325177608e-01
-3.272595519361149452e-01
6.113354582471481891e-01
-3.391840202041066510e-01
3.016737527586091927e-01
-1.548161023370846934e+00
-1.245428623947512303e+00
-4.988211105110269550e-01
1.811455977606772905e-01
-3.489760759159826753e-01
-5.055259768479155591e-01
-1.038608245116739770e+00
-1.007341576366338032e+00
4.113659643498966956e-01
7.926377153185378832e-01
1.482016872120642370e+00
-1.886333907636582818e+00
-4.162775325743418575e-01
8.668830705432850614e-01
9.306614840083649032e-02
-5.021968683580104731e-01
1.666556756563236874e+00
-7.002964842917414057e-01
-6.750219190412050096e-01
-4.713998440632209408e-01
-1.232652416877972001e+00
2.124546106969934733e+00
9.136753782834237114e-01
6.784031684036379017e-03
8.097896654965770491e-01
7.275818704242165147e-01
1.631867389658581136e+00
7.916407098050948221e-02
1.169635215411106710e+00
2.642284576634297555e-02
1.729875143933123915e-01
1.615105864259785973e+00
2.065990381891290584e-01
9.361612306056320554e-01
1.045129071016708711e+00
1.101762719788389910e+00
1.893512864069734625e-01
1.681618451114376800e+00
-4.190087675270018908e-01
1.386863471116042579e+00
1.188441895281732830e+00
