1.057663079639040438e-01
1.942053935702760858e+00
4.867037362530198252e-01
9.682096668747063317e-01
-3.813605574550870125e-01
-3.118836523531240523e+00
-3.625371068915933526e-01
1.344691777673568955e+00
-3.091840039954353858e-01
1.951291278409228669e+00
-9.182452012687532250e-02
-8.033487519267408228e-01
5.748576081128511372e-01
2.259760023853385480e+00
-1.326397151039095945e-01
-1.496955792110573891e-01
5.088106923016961769e-01
-9.558218231147135313e-01
-6.478078509655231798e-01
-2.694021137851426162e-01
3.279232708629553072e-01
-3.603781527106386107e-01
3.412982638253678758e-01
6.859373130859374168e-01
-1.390810224342472035e+00
-2.535777401985898905e-02
-4.908562933482649715e-01
-7.491233072988269237e-01
-1.499759233674862191e+00
3.105854789670504101e-01
3.843669126235353395e-01
8.593052085399317530e-01
1.702299135904557614e+00
2.434334670898582187e-01
-6.373326927836496791e-01
9.464638036390488063e-01
2.699939985335210735e-01
-7.385579547229585984e-01
-2.588588730246493830e-01
8.220720528559517515e-01
-2.040103315426940789e+00
-1.232192514222088198e+00
-1.070301818723081499e+00
3.292235534447943146e-01
7.304675687740499468e-01
-9.358376170650939407e-01
-2.446459622708647419e-01
7.455546721887843509e-01
1.493769228387617221e-01
2.615262097886250636e-01
7.002147980771156188e-01
-4.869216487187886244e-01
1.104610324419741829e+00
-1.236101068949073012e+00
1.291370933253906950e+00
9.702966140929881744e-01
-1.650578674524958878e+00
1.569104874677919315e-01
1.080141143982002561e+00
1.019028050028453425e+00
6.108411810510528950e-01
8.170495781393140033e-01
6.958440847867943813e-01
1.021299522703303264e+00
-1.492790014617690675e+00
1.240089282252082870e-01
-2.837928737226771414e-01
6.187096836467492755e-01
-1.826487873025851583e+00
1.193385859151921524e+00
-1.038153900235856186e+00
1.088697495835885265e+00
-5.208135036289209818e-01
-2.677329975446726684e-01
-3.772079738376240415e-02
3.021098263167336373e-02
4.638955769335250667e-01
9.101184563116326842e-01
-1.604259864656868206e+00
-9.162780900818821017e-01
2.601218873027291156e-01
-9.549540607459525154e-02
-2.156513605817128809e+00
5.139939761093116621e-02
5.170171549750115503e-01
7.161696303561264632e-01
7.200263963338223716e-01
-1.100989432279231295e+00
1.760484803325121916e+00
-9.014745173910215792e-01
-7.173014139475382134e-01
-4.724827045827099115e-01
6.787390237348225330e-01
-4.448291429427320698e-01
8.865166308921060834e-01
-4.704582700954177965e-01
-1.296079937275879460e-02
-1.890134737645020671e-02
8.530796952467416261e-02
4.909558601383325338e-01
-1.892704889991384976e+00
-7.352823871784639476e-01
2.998036935485123844e-01
2.890268776593170608e-01
1.000896847691659985e+00
5.307165270130096424e-01
3.507633646965768737e-01
-1.084562692650083537e+00
-2.470182550896064810e-01
1.151970079658799717e+00
-1.126684317009127412e+00
-1.551998160221010337e-02
8.558223289213511276e-01
8.048574458401035470e-01
9.394304626913960732e-01
1.709359341191484027e+00
-1.249307443578627552e+00
-1.623452244941544775e-01
7.946503478699677991e-01
6.935439436574134531e-01
6.516573437622890097e-01
5.189254988543111624e-01
9.973560586902145975e-01
1.898564862993212810e+00
2.273686011982917865e+00
1.018409966504867814e+00
1.352069784113708373e+00
-7.306286400276428283e-01
-1.784314904923970380e+00
-4.310388528840998212e-01
-9.955690020933449791e-01
-6.003452508594391279e-01
1.545402240365755020e+00
4.153329335905625030e-01
-1.182753057441687128e+00
1.212965326122346976e+00
1.560979630152386166e+00
9.188417314518049217e-01
7.100710580630949231e-02
-1.364869844333194804e+00
-7.953224135447825582e-02
-1.359453313117606976e+00
1.821607621672347799e+00
-6.275219625938645018e-01
8.294873466131695849e-01
-2.714922567273379883e+00
3.884228192082166409e-01
4.675388704672247542e-01
-6.649188848148369635e-01
-1.066743730910893362e+00
-9.972238641658422997e-01
1.774780790228915661e+00
5.400939008321216095e-01
1.283614502478460373e-01
-7.422397213753481604e-02
-2.412369814291134951e+00
2.081420224155332566e+00
-1.848871859887570412e+00
1.263450861494124444e+00
3.400626834599537185e-01
-1.692783090167203630e+00
1.977704674021729669e-01
2.317712944750089377e-01
-8.086322004629734606e-01
-2.119422980009262769e+00
-1.283826422612983853e+00
-1.312711076587074199e+00
2.169062474260065598e-01
-4.612279680090359407e-02
-1.361464718666363316e+00
-1.368624245231930381e+00
-1.045754145808217572e-01
9.616854651110756658e-01
-2.692982199416151246e-01
6.157429977555879397e-01
-2.088962473530593666e-01
-1.585731314228698396e+00
-5.446997608073282926e-01
-6.737276937468437144e-01
1.676936674603448418e+00
-1.421940757603969985e+00
-1.838647189000736787e-02
-1.960093863746767417e-01
-4.740590052909816055e-01
-2.527297737027734970e-01
2.283403891971227395e-01
1.294531036002343649e+00
7.968114982728234930e-01
1.287653501421209823e+00
-1.826207570354848375e+00
-9.254974782019271817e-01
1.278257197684868673e+00
-2.943576181058692454e-01
2.989118367784307506e-01
3.273474566688149290e-01
-1.354496051355065456e+00
-3.799588425361881683e-01
-8.349981691775401060e-01
-1.108579284022683575e+00
7.745462525408098875e-01
7.617732697054918622e-01
-6.554878692918179039e-01
-3.561703687183293554e-01
-1.263222338834083081e+00
-3.181607813166998366e-01
-6.867653989655390090e-01
-2.879561088191812668e-01
-4.684762315649676490e-01
-1.108615673490586095e+00
1.138427755621916448e+00
2.773922186019452396e-01
3.756653205839219911e-01
3.755986316358362331e-01
4.745774846150116466e-01
-3.844431442592889381e-01
-3.935232333038761188e-01
-8.957960860692197602e-02
-2.725372446265077464e-01
6.677531256498830947e-01
-8.463642141944405228e-02
-7.375527344545581565e-01
3.214055835681599582e-01
9.881095704909622635e-01
5.992975158655742263e-01
-1.174004060385053227e+00
3.262454473321824699e-01
-1.271205681828169176e+00
2.847088178797488323e-02
-1.304765882007358213e+00
-8.337623979165912358e-01
-2.448718681056080704e-02
-9.759329693630525160e-02
8.350454637662202417e-01
-9.622493714567351142e-02
-3.381179853784483380e-01
-5.257558041457427445e-01
-2.435012784695309573e+00
2.043410442153515749e+00
6.395877994940712963e-01
-1.150150017614488124e-01
-2.534245318102455388e-02
-1.112860218565957238e-01
3.461991857950527662e-01
-4.611408536011488146e-01
1.096943407263043957e+00
-6.666783364265944645e-01
-5.704102357075897800e-02
1.373073639189741124e+00
1.396175797838600463e+00
-5.463343266302213008e-01
-1.724528034156436629e+00
1.704697193921326903e+00
9.599366209511805970e-01
-2.731129998612542020e-01
-5.221793783138373168e-01
4.389089765834178203e-01
2.660059896246121380e-01
1.053470448577493168e-01
-6.736993471627731322e-01
6.952718371788065010e-02
-4.430053849594174920e-01
-1.548785198025443455e+00
-1.656071575742441793e+00
6.804515513566016249e-01
1.216274805837107564e+00
3.778034396651379634e-01
-4.712874163235539759e-01
1.209609000006044210e+00
-6.273774927593795958e-01
8.616708175786104151e-01
-1.691755585716790133e-01
1.937025486087921911e+00
-6.341325650434977979e-01
-1.340061840489845890e+00
-1.265456298496964394e+00
-2.014114195191393786e-01
1.398851026806310571e+00
6.835784370724243830e-01
1.528827102212626077e+00
-8.983097489965654603e-01
5.854541679742980564e-01
-2.263375146961488504e-01
-6.401477694145399355e-02
-5.824551918004493567e-01
1.538762441559059724e+00
-1.048652475190042788e+00
-4.220417585290437423e-01
-1.001223828497431967e+00
-1.140160957634229165e-02
2.983012641796427000e-01
3.400859432388657622e-01
1.801593746113224981e+00
-1.170599039784996354e-01
-2.023053633292911435e+00
-3.111957505495989706e-01
1.585136940825127572e-01
4.675134574570256052e-01
9.851733902574548729e-01
-3.652308687792518022e-02
3.702619028854277627e-01
4.705649266819182941e-01
-2.750994345599845348e-01
1.268740178832571397e+00
1.729590438229355209e+00
-3.930149175156567587e-01
1.282774627559889191e-01
1.202769204204297421e-01
-7.869439780375819815e-01
-3.484043983889202889e-01
-3.219422508343555145e-01
1.110004259882729993e+00
-1.402024597182703447e+00
-7.782939597027151990e-01
5.583927915480234594e-01
4.206726063242906544e-01
3.857222469144313548e-01
-1.110638437664558609e+00
1.255996241330076924e+00
2.688026802858676789e-01
-4.661142918198173946e-01
1.521946510823943798e-02
-6.732766044524195470e-01
-1.275242534738820321e+00
5.226931650120003603e-02
9.324993079446641797e-01
1.127719724718703409e+00
-1.057755896556520359e+00
-3.102722352248390991e-01
-8.185786928982303756e-01
8.968850560387416904e-01
1.272469803877243066e-01
2.037953852746228200e-01
1.143535242348060477e+00
-7.016633119304103161e-01
3.056873180396234013e-01
5.801464248011064390e-02
-8.184173835350759818e-01
-9.135478425167126160e-01
2.038366485668831274e+00
1.319008194749029750e+00
-4.308950958057243819e-01
-3.017833067276934345e-01
-8.805384312402902980e-02
2.902410552936593446e-01
-2.033079043833359856e-01
-1.203777851642337415e+00
-1.453086016574925532e+00
1.252191473540489319e+00
-4.796060873852168172e-01
-1.911986565093144241e+00
2.643530592279969005e-01
9.480456679282126542e-01
9.176465541592557784e-01
9.732382395306775624e-01
-7.862415015564055976e-01
-9.105805001125817366e-01
-1.646764796361675498e-01
-1.463965750811001554e+00
1.013114095100336592e-01
-1.695098756771774129e+00
1.123361266727163077e+00
-1.642939336378557602e+00
1.451017181865278949e-01
-8.780692752508069132e-01
-1.619154075248618652e+00
7.656426551782063994e-01
-2.404580956273324466e-01
1.077634412800485331e+00
-5.169213166764057288e-01
-5.143391501053580228e-01
1.336529218436822708e+00
-1.273377680609374174e+00
-2.751720532786182671e-01
1.184694234599659390e+00
1.686225698123192673e+00
1.368184177009045821e-01
2.002521907750927088e+00
-8.921407134476532219e-01
2.066451526701210129e-02
-1.869530960039596623e+00
-8.207748082314157700e-02
-1.845422427285384304e+00
2.005174151003608629e-01
-1.633595339573795879e+00
2.142185587325045937e+00
1.259117829309284398e+00
-8.171007721335297180e-01
1.837196206487510475e+00
7.357977511683337912e-01
1.209492840392460744e+00
-1.312563823024148535e+00
-1.741037381895683023e+00
-6.138511072479208713e-02
5.133717406457426885e-02
-2.946828327881243492e-01
-1.387443598938373324e+00
6.038045018247054641e-01
1.112067189954078827e+00
-4.066046695270730260e-01
3.787474306676247848e-01
1.250388242751030443e+00
-2.017942910236101284e-01
-1.747302512913140760e+00
-7.432703025474673986e-01
1.361480745140701276e-01
-6.382631720688503041e-01
6.633567388185460656e-01
-2.889524849825611530e-01
-1.308285524983497927e+00
-2.142898987166473590e-01
-1.380048908427597698e-01
1.506308911612879831e+00
-4.726751475874070296e-01
3.380190724994504015e-01
-1.516813687099031638e+00
-1.113896396193279764e-01
-1.715781478576784980e-01
-1.153541933047651930e-01
2.181793994311451712e-01
-1.232536327943234422e+00
-4.064400021121096218e-01
1.226484324288867223e+00
5.188061385641288270e-01
1.282518709195597406e+00
-4.024203716637422268e-01
-1.308408570373172097e-01
-5.775245066756237167e-01
1.784597168795552413e+00
-1.894070138848942819e-01
5.973998834907223721e-01
-1.472482728786415285e+00
-8.996937809544778286e-01
-1.353495526578739172e+00
3.832461211791982764e-02
1.487709169582135393e-01
-2.947644922862409644e-01
-2.740882720521341520e-01
9.345500807628344120e-01
4.905546652057123369e-01
-9.689962077152630693e-02
-5.275086554727180799e-01
-1.791062543224604786e+00
5.326809920752392791e-02
2.476102788707771341e-01
-3.375583027524503010e-01
5.749629937486541165e-01
-4.689962404858687983e-01
5.583509506513048004e-01
-1.956552898953094921e+00
-8.227361029070124898e-01
-1.306300282661146117e-01
-8.558670934538450403e-01
1.227634908986181328e+00
6.179488893191737997e-01
-5.118406451080389497e-01
-1.546657323039304366e+00
1.044567984954704487e+00
1.034249353415173794e-01
-9.299556203762848750e-01
-1.078211391587498569e-01
6.852456503365639273e-02
3.266313773381786523e-01
6.193159700908773546e-01
3.178775575751058291e-01
-6.009100297136145130e-01
3.789490812023488808e-01
8.751938766098334987e-01
4.547369771930438037e-02
-4.005954928133346749e-01
1.994705540131179733e-01
8.128692917032831478e-01
-4.197177783690898001e-01
4.374093159415363974e-02
1.131002855400082607e+00
-1.236061264918051072e-01
-6.316244275094562433e-01
2.899229284584843858e-01
1.683523997731415589e+00
-6.480177335433925379e-01
7.547093031986071843e-01
-1.390488601647459632e-01
-1.331255925714551758e-01
-1.585855093004384431e+00
-1.049678843119218552e+00
-4.348831864526852553e-01
1.911041557040035477e-01
7.805917023260621201e-01
9.482128926307846761e-01
1.358485611959469264e+00
3.498233817788302114e-01
9.662638645564957107e-01
1.000000000000000000e+00
5.127915889753322798e-01
1.000000000000000000e+00
-1.112860218565957238e-01
1.000000000000000000e+00
6.787390237348225330e-01
-6.517755820601472960e-01
1.000000000000000000e+00
-5.208135036289209818e-01
