2.428102109497357053e-01
-1.593698061006032951e+00
-4.853946925322938366e-01
-1.488259663626021911e+00
2.405317563668662451e-01
-2.995701554221559704e+00
8.155331292610190630e-01
-1.423305413179647649e+00
-7.305260093001340049e-01
-2.574547255089748798e+00
5.905215909807803865e-01
-1.099387866521869817e-02
-3.845177345462407192e-01
-1.551546222544629039e+00
-8.219255804513914132e-01
-4.729364131536538673e-01
-1.829802458623382089e+00
-8.012882411984367792e-01
-1.556017157577787913e+00
5.343342866259611634e-01
-1.598061584710417593e+00
1.870227213088601737e+00
1.027951879658739243e+00
-1.454924789808037744e+00
2.672525325988281963e-01
-1.060263960605871914e+00
4.852376339321436416e-01
2.646868455938018450e+00
-5.274396107988661431e-01
-5.065477945651116753e-01
-3.607964045477481951e-01
2.965653760141306883e+00
-7.009228918420060683e-01
-8.057041046843150811e-01
-1.021743103848366419e+00
2.069004543445972288e+00
1.935290489589704954e+00
-3.009562185729166561e-01
6.758436379355028389e-01
-2.968947497382060097e-01
-1.788121139649637703e+00
-3.958527438509022445e-01
2.443858740750303404e+00
-5.365454540524573490e-01
-3.275853717585266445e+00
6.997166632947611209e-01
-3.001214069928858086e-01
6.546854486121509442e-01
-1.425882096026171331e+00
1.060028006632588005e+00
1.888041061312561553e+00
-4.704271647884352703e-01
1.780044996721236839e+00
-1.527556552018934921e+00
-1.770721391155715974e-01
1.273616603069975151e+00
