-3.024591898786797017e-01
-7.974811631065861217e-01
1.712445891063542502e+00
9.333390919579717115e-01
2.801608783824505733e-01
3.990814111774944051e-01
-3.170551983589088574e-02
-1.905387038711733039e-01
-3.379292068043344144e-01
1.884468986855519335e+00
2.326487793761287559e+00
-1.139809691182721352e+00
3.078504906780239470e-01
-8.662872551578788549e-01
-8.104825818272478610e-01
4.099673296368653852e-01
-1.553437533115475944e-01
-1.134150681556647333e+00
-2.215665704970177785e+00
2.538122525461671691e-02
-5.108480723450470329e-01
5.493551147747268715e-01
1.185147087361037688e+00
2.109290648636730214e+00
1.311108006826112504e+00
-1.087155852688720170e+00
-2.338777633553121016e-01
-1.199010927063549170e+00
-4.327824583333563790e-01
1.199353092681533228e-01
1.786696970456742362e+00
-8.391039138266349617e-01
-1.771794038803263804e-01
-9.840399841193669950e-01
-9.297695866447516222e-01
-2.248300104912877462e+00
2.753029713183815730e+00
5.118151995181583480e-01
9.558053605778568107e-01
6.742662397156472531e-01
-7.574137497408028885e-01
-3.838920484093286678e-01
3.543282299585362449e-01
2.334605820960022060e-01
4.580878805193598462e-03
5.858166474703180304e-01
-1.515864401617928077e-02
3.188541953167628451e-01
2.105232416948434437e+00
-4.467330216710806989e-01
9.435639601958168976e-01
9.642466137957146355e-01
4.286014411976964977e-01
-6.645672897699762827e-02
1.194413050862386916e+00
-1.641571380008106429e+00
-2.132705614637898428e+00
-1.336119874011954645e+00
-5.617461595019210829e-01
2.404908083532614482e-01
7.868756152993808817e-01
-1.343338909420127347e+00
6.422818424722366928e-03
-1.401144568497761478e+00
-1.989730108783675178e+00
1.203355763045826698e+00
6.410704333280990985e-01
-1.984571916130165148e+00
3.734197670820367798e-01
-1.191096665835321255e+00
-1.574241569613283431e+00
8.237599278234318534e-02
-6.553182774303508706e-01
3.303868671138747160e-01
-2.116308416902258904e-01
-1.662722898328701016e+00
-5.737966035066474069e-01
-1.316219211709698023e+00
9.163212389390082979e-01
1.167324022062798727e+00
-4.900145019784309108e-02
1.974791462090205729e-01
-1.019967616812446076e+00
-6.411355346240277253e-01
-8.085914071688994342e-01
1.149491036062101346e+00
2.282321543264341557e+00
2.997639683463632743e+00
-2.549812094396789242e+00
9.899012080639639777e-01
-5.365003569876115597e-01
1.165663720187191776e+00
4.390406271463501708e-01
1.844954154206923436e+00
2.967378706764126850e+00
6.271205760021601738e-02
-1.904532804074741403e-01
-1.394824295829275584e+00
-8.919784314601406638e-01
-3.228311229822297679e-01
1.558651331066769341e+00
-8.620355948232297782e-01
3.136035534344710385e+00
2.676932414887537970e+00
1.244672098340011024e+00
-6.304642775057262005e-02
-4.756293984391053997e-01
4.524377162525304308e-01
-2.890216265746553326e+00
2.335605410782803482e+00
-4.924540917389657046e-01
4.470359646148424626e-01
-1.568911832084566749e+00
-8.310375463003222274e-01
4.295506940107374771e-01
2.026961705088125232e+00
-1.159988083921761559e+00
4.681581232269180215e-01
1.147841205008595988e+00
2.789941781752703243e+00
1.008499758236844457e+00
3.104799483251157732e-01
3.764018079944695394e-01
1.689269699367339506e+00
-2.240538474613059883e+00
3.280589258986855716e-01
6.082955799649174544e-01
-1.053277854945622538e+00
-4.532163449450860582e-01
1.193610336650876125e+00
-1.019042317081715193e-01
7.258109580657764459e-01
2.561908204264086719e-01
-9.900411636231641888e-01
2.279753197131891007e-01
4.587772286006161493e-01
-1.798791342634167151e-02
9.971796053201633647e-01
-1.517917512362657817e+00
-2.692881788487499595e+00
-1.649188046127826601e-01
-1.683073453495789462e-01
9.226111040997683199e-01
-1.161264534969965512e+00
-2.324854927355121781e+00
9.905090072311355520e-01
1.849959549125607783e+00
-1.444226637366101018e+00
-7.693404195645399124e-01
-1.778283046435168657e+00
8.657239464089111491e-01
-1.912879234309175391e+00
1.533649905413108527e+00
1.992668980116730548e+00
1.154320276461840766e+00
-1.513153538825138922e+00
4.773389289614638487e-01
-9.918707033123519423e-01
-1.477598346889403613e+00
-1.066263731359812228e+00
-1.369765652043874737e-01
-1.758458890232218685e+00
-2.139041893447762160e-02
1.155022916664924626e+00
5.899585756118376489e-02
-1.035118253062126570e+00
2.404304274138195641e-01
3.115772529684741055e-01
1.321533321276968653e+00
2.432306698344561813e+00
-6.270985257349093178e-01
-4.646504350791799687e-01
-2.027230868338454339e+00
-3.055943644859640540e-01
-1.982662285007293024e+00
1.384767253087611172e+00
-2.221820364019701177e+00
4.417815398397574866e-01
8.847448638568364832e-01
7.147478434334100239e-01
3.551758516772580143e-01
-7.016481478531921834e-01
-1.477731501334528241e+00
-1.453622774797171724e+00
-2.153018970755690153e-01
-2.932497033842699774e-01
7.024217448341916192e-01
3.646930127338773309e-01
-2.220995816790271693e+00
-2.658922529447419469e-01
1.308318133392326332e-01
-2.591145093068227823e+00
-3.140708179727667027e-01
1.028239257000878704e+00
1.439467024713277477e+00
1.421059639448935652e+00
3.874607161085710100e-02
9.744134242010970004e-01
2.490825118355758372e-01
1.436020539280438379e+00
-1.296548937183479744e+00
-2.113528603271227768e-01
-1.130460033331092351e+00
2.168997115402012399e-01
-1.254949731787340816e+00
8.879901682639843585e-01
-7.099482514330339722e-01
2.906188254306427132e-01
6.859258971780954894e-01
-6.858166131537284382e-01
1.279389001097129386e+00
1.783822589420036353e+00
1.847865140032757925e+00
9.131960914461275669e-01
8.687507587549309074e-01
-1.407546469498150099e+00
1.217771163123048339e+00
1.484519633948989670e+00
1.678590361407368059e+00
1.180603697542072839e+00
3.189730216994876577e-01
-1.669083217501758365e-01
1.674632842079495088e-01
9.712105045506119749e-01
-1.765533989679408666e+00
-1.053515570492790793e-01
-1.002088521146891731e+00
-2.792088859074630669e-01
2.341699046478733504e+00
-3.206938802387990228e-01
-1.169642533665224304e+00
-9.632612949962169324e-01
5.233157915709180097e-01
-8.263032493282290725e-01
-1.276507250048092290e+00
-1.512738338846423058e+00
-5.713156245332775551e-01
-4.323519898373538450e-01
-3.105749620497784691e-01
1.310296994853232144e+00
1.122356611438866780e+00
2.800054654219108485e-01
9.046556644675193271e-01
6.696059637320728175e-02
-1.271915619962926458e+00
-9.317033825644112088e-01
-2.944252235829690756e-01
5.031686336581828178e-02
4.706069331263222355e-01
1.587878415983102309e+00
-9.533109525816735319e-01
-1.094963399130211679e+00
1.546061926146577559e+00
2.187384701335373549e+00
-2.276335509908273269e-01
6.716953280856206021e-01
2.354911770978147523e+00
-3.056124018362236239e-01
-1.235533693354641527e-01
2.322713324076537411e+00
-5.343557119276524103e-01
-1.908717681708679281e+00
2.555849441461612304e-01
-2.624155074445186031e+00
-1.489483870475743599e+00
