-1.355146739558070745e-01
-1.081368010783193334e+00
-1.599168742000298682e-01
-4.147418382831933314e-01
-8.063616280932510705e-01
1.018810465125536524e+00
1.956571817426189241e-01
-3.656378390461596517e-01
-9.018369297138861818e-01
-9.685569224457570847e-01
-7.582583668502005381e-01
4.923142682480288190e-01
-9.256668759264199409e-01
-1.801613539322131086e-01
-1.944945221093472565e-01
2.483847229227618136e-01
9.350093058637309884e-01
-5.339298994428944845e-01
3.599870380864669261e-01
9.724787307507767320e-01
-1.100447167535885118e+00
-4.697969942919908437e-01
2.825362871543501964e-01
-6.949359170987239320e-01
4.966350188095813856e-01
3.462344464064133209e-01
-2.726469980348997790e-01
1.318354513259376581e-01
-7.524752159612719815e-01
1.024799443285160372e-01
-2.895496886133976933e-01
-2.161546815769672669e-01
9.819039796951480881e-01
6.962642709772619565e-01
9.094604542960165183e-01
1.895438157335558316e-01
-8.010386014857531212e-01
1.445835522387350913e-02
8.225532118180816088e-01
-2.728400515106195190e-01
-8.130163617751164917e-01
-3.275047957910366403e-01
4.709322558985140628e-01
9.569659166177457710e-01
4.145969460290228614e-01
-4.321271332002556420e-01
7.457089312837588135e-01
7.017413615847571950e-01
-2.404759398127749304e-01
8.520304099064943681e-01
-8.451874897373206075e-01
3.575565002437102180e-01
-6.959964067847514979e-01
5.363787548983820486e-01
9.371187025926555059e-01
-6.552061813327070272e-01
-1.942531019044237972e-01
4.111569788176523410e-01
8.262580666414498509e-01
1.411778615626815281e-01
9.137460958344125750e-01
4.870029210356205951e-01
2.746914395955233346e-01
-7.391835004403444209e-01
3.394206901427161416e-01
-8.874909886432102990e-01
-7.152537235681433181e-02
2.071327441686918736e-01
1.913272766299900507e-01
-6.469986139123975466e-01
3.564630480295079007e-01
-3.762960464157432128e-01
-8.373399518327930835e-01
2.590913911833121475e-01
-6.234412751212470294e-01
8.317971907425114608e-02
8.316098878208459944e-01
-8.070426619871391427e-01
-6.897794493878532940e-01
1.819259275913880369e-01
-4.510601594379595181e-01
-7.405830208182404562e-01
-5.364206188133675557e-01
-8.922705230076966032e-01
1.515157361320764728e-01
8.288692773029271432e-01
3.072366806949868856e-01
5.454605657777089611e-02
-3.819183827653453989e-01
-7.503144921827360481e-01
1.484919292062329976e-01
-1.245719325314367243e-01
2.788020599545073530e-01
5.423937830514236058e-01
-9.657366208204867242e-01
4.747003420370938809e-01
-4.271598828245586343e-01
6.876522281556396443e-01
-4.479923616129855013e-02
-4.213702309731950368e-01
-8.908512222542452896e-01
6.552537664008581952e-01
4.199530940089721831e-01
7.876474397117374515e-01
-9.360775677327670685e-02
4.122381411655984262e-01
5.668214605926769067e-01
-7.880396275335932454e-01
5.789869809411762880e-02
-8.929669601749237184e-01
8.715375508649306768e-01
-7.443314240155967099e-01
3.650237447985893446e-01
9.816172998963512697e-01
-4.972099318287168668e-01
3.796454941962843499e-01
-5.715016067870932748e-01
2.726890959519634450e-01
1.813426961472822008e+00
8.932504845549207317e-01
-7.430848369555156374e-01
-4.065939125098640972e-01
4.852517594281113844e-02
-8.546394171603166612e-02
7.584173749741240922e-01
1.148973340874095417e-01
-3.030894689294265643e-01
-3.907857183168261805e-01
-1.465092772353968620e-01
3.166721201841560251e-01
-9.964215428986114009e-01
5.970993716406347573e-01
-5.691297507606579709e-01
6.605387303081358130e-01
-4.251985898919847795e-01
5.170385669462806977e-01
-8.271812083528093940e-01
1.056924132076337841e-01
-6.126136711127279089e-01
6.121652962638539641e-01
-3.438742607913327642e-01
1.260382008878111471e-01
5.247598111042646174e-01
9.654390690110536966e-01
-2.811451028886398085e-01
-4.763360830610545715e-01
6.676844466532616540e-01
-5.692201587010966568e-01
2.559865961376650567e-01
-9.197451843239059510e-01
-8.363189930949137540e-01
-1.464405260738516956e+00
-3.791589533952710589e-01
-1.100541153528495908e-01
-1.537454837514452111e+00
-3.054097068566574702e-01
-5.850780473918053559e-01
-7.174004006332113104e-01
-3.003230083049812649e-03
-1.094966862055952728e-01
-1.625202921470831896e-01
4.938066365484699016e-01
-3.834416550004773327e-01
7.535326672789617319e-01
-7.155715975838861098e-02
4.953430978755199998e-01
-4.933498024060027909e-01
-2.343624623343117941e-01
7.037397973112607952e-01
-1.202219698993337804e+00
-3.478689759250059854e-01
1.087366623101511109e-01
-9.071874866608340415e-01
7.650298045035137662e-01
6.758571721720547654e-01
4.764954835332309013e-01
-9.777106338553627207e-01
-3.506922440959758802e-01
2.291612655355073080e-01
-5.472690072169992259e-01
9.330988851077888224e-01
5.588585473028233608e-01
8.382921405381569269e-01
-4.240555469315467896e-01
-3.289612580868954417e-03
1.433461445903203568e-01
9.182722718451148403e-01
7.056485901459137455e-01
1.658101298062586437e-01
8.492068870134228398e-01
8.977575106461177512e-01
-2.499269966172870117e-01
-5.757075330944783076e-02
9.882454771238824431e-01
6.784331175820232929e-01
-6.214582397566428273e-01
-1.192398822368887501e-01
8.832539713893750033e-01
9.137721368634246222e-01
3.714868011315619611e-02
8.085397704910377570e-01
-3.410390224960757610e-01
4.156630914042114266e-01
3.740857463101654456e-01
6.721966293323999864e-03
-8.277999542123875010e-01
-7.919612255604813189e-01
-4.677610307019097746e-01
1.262974933949114753e-01
-4.611302544587065899e-01
-1.505895407546553599e-02
9.976180861532562005e-01
-1.558861189636397970e-01
6.330110011583420793e-01
6.901868061739406812e-01
6.013716205079298049e-01
5.343516795224134697e-02
9.753337343544630222e-01
9.678661668354304748e-01
8.632821900541423066e-01
6.755051856941827193e-01
-5.946226458418082395e-01
-9.100510313999143897e-01
-7.681248393406361341e-01
-4.776111548434065490e-01
6.165800662173994695e-01
-9.789872670675039412e-01
3.074417404518858810e-01
-7.815256137180709439e-01
-3.594893805340355630e-01
4.619751351667078509e-02
6.361900390573356212e-01
1.628659647589931758e-01
3.551126458643145689e-01
-5.522007766602179402e-01
9.354187238630273793e-01
1.550244575598240360e+00
-7.978294325958901201e-01
7.415413765256477774e-01
6.432764814010791810e-01
-4.935616452769595597e-01
-8.965042061303796217e-02
7.743191458015179496e-01
-6.670393422607807654e-01
-1.332542932389804369e+00
4.330399045737842734e-01
3.867916819373973247e-01
-5.665041457339452524e-01
8.449527186741958573e-01
-9.656860479178890344e-01
7.614091668330091878e-02
3.920637838042544399e-01
-8.025198323557849456e-01
-2.785230050055333972e-01
-1.110335268801372344e-01
-1.866717411816727790e+00
-5.992412138924192444e-01
1.265266280932424436e-01
-1.376739594008704604e-01
7.677812359489633032e-02
7.432784535403551551e-01
-8.650804198996140393e-01
-9.755388647790395051e-01
2.886278617405535485e-02
-9.824169364944725924e-01
