-3.452308160720798380e-01
-9.325318355935308112e-01
2.989373664483114257e-01
5.450609049537921136e-01
-2.394206983333344585e-01
-7.047115095736971035e-01
2.369803009249587533e-01
9.616177857822856279e-01
3.834413798797855488e-01
3.490058447664277086e-01
2.634366567003625370e-01
1.343373073342762680e+00
9.693414251223058109e-01
9.206866499234247492e-01
4.549511216885258058e-01
-8.665596569724234310e-01
-6.440936995878154825e-01
-2.832881664876070182e-01
-6.838713832588112496e-01
7.424745370598850869e-02
-4.154750375984406219e-02
-5.009321454365193160e-01
9.813175386594665817e-01
2.519956272567727140e-01
-4.651706804852715482e-01
-7.843085095315047717e-01
-6.847831574917190300e-02
-2.028813916539220497e-01
3.752089516830672267e-01
-3.420663694293308854e-01
5.495937159736448141e-01
-1.021431570451536430e-04
-6.440919077947413474e-01
-2.577429953867959034e-01
-5.566847150504594666e-02
-6.528724243222832069e-01
9.395032239758149828e-02
-3.662782590615849543e-01
1.067803813164549531e+00
5.538729223508320754e-01
5.599639086484695660e-01
-1.510995183357932481e+00
7.261885032863695244e-01
8.357666386099306122e-01
7.351765334659783324e-01
-5.511666101747556556e-01
7.296225504380402516e-01
9.969357381681627217e-01
-6.678126928612999613e-01
-2.749659368373504886e-01
-3.968568438080222194e-01
-7.135432676899653437e-01
-3.776235865962440652e-01
-2.575172537639900394e-01
-7.797879160418308420e-01
-6.104545437694000043e-01
-2.628814568036235144e-01
-8.700908702306087150e-02
1.589283560486265401e-01
-9.984626140110226533e-01
-6.036593598390129767e-01
-5.453616661787654696e-01
-7.179606698001599341e-01
-9.024016220451080983e-01
-1.194253437275097252e+00
-6.899287814206935820e-01
-1.176321884408854324e+00
6.834521814700966758e-01
-3.498082633667725094e-01
-2.032984433546882741e-01
-9.127428971491358123e-01
5.374743579023533169e-01
1.119298323842434773e-01
9.549161851089360553e-01
3.781271552857148333e-01
-2.472480758748343277e+00
6.574037386157538521e-01
8.868632666089373284e-01
-4.915240175685698376e-01
-6.720590146141103283e-02
-8.548144932747581137e-02
9.031747580374505091e-01
-3.642677529679463344e-01
1.600214468021800007e-01
-9.277627942589803389e-01
5.163590464801570690e-01
-2.140972982932820567e-01
-6.806757118577071441e-01
-5.721838628044761954e-02
-1.158866891176322245e-01
9.884525924614577796e-01
7.592965581930388730e-02
1.546351794841063221e-01
-3.448549967512410941e-01
-4.825071995908294387e-01
2.635931681462464482e-01
-7.637980560652046780e-01
-1.047843989004921816e+00
1.670788931422274581e+00
-3.756809085465997455e-01
1.514400799885233795e+00
-4.588735350084993669e-01
-4.335980825509899717e-02
5.425674355459199072e-01
-4.584294123448255931e-01
-2.081858253048569640e-01
8.036623815187495801e-01
5.049297281815219307e-01
-6.481960435480751404e-01
1.413456754557865125e+00
-6.789728820600224868e-01
-6.242563585444298457e-01
-4.927886491531603408e-01
7.026540339179287997e-02
5.746868076198254904e-01
-2.027204701621490024e-01
1.885548268186693521e+00
-7.101536228142288909e-01
2.710239605213802250e-01
-6.642879134694190668e-01
-7.536551415055916525e-01
-8.154378888319049334e-01
8.858166891372223350e-01
-6.936574061158389259e-01
-3.788719509774125527e-01
-9.681597956754581791e-01
-5.818108198884168747e-01
2.539105252174400640e-02
-1.779674669568982459e-01
-6.796291001363452544e-01
9.593720591761845107e-02
2.932766945900719957e-01
8.348024521886613369e-01
1.341343642782735213e-01
-7.846198419908050337e-01
-1.802789399839251905e-01
7.192037268693960428e-01
7.196730527907453379e-01
1.230944565664091606e-01
-2.894227923672502700e-01
1.654255816602023810e-01
2.508946996690128994e-01
-3.648597389051100315e-02
-5.286332467625509679e-01
-2.418223571570059516e-01
-7.053981994010471990e-01
2.718120317120222840e-01
8.600710831696263270e-01
-2.211972420294139319e-02
8.232215507014370992e-01
6.969702803370172450e-01
8.079302927842069160e-01
9.456324714370538675e-01
-5.163850666126801325e-01
5.164896437613621938e-01
-1.345597251861927468e-01
-2.333603346386352584e-01
4.605776548476738785e-01
7.162137151327796492e-01
8.189686546992884786e-01
3.766409472211160736e-01
1.796384520044451705e-01
3.388357447482148732e-01
-4.749189509100453788e-01
-5.053082508225805736e-01
-9.133716660281210320e-01
-7.412155310046435464e-01
7.424303956642512858e-01
-3.404619091993248414e-01
8.321347155768938908e-01
-1.346518940955719223e+00
2.077785644113587793e-01
-6.720723903441427893e-01
-5.213627666240665537e-01
-2.427603118818848493e+00
5.203896969373708048e-01
-1.188440482259403019e-01
8.248472774545654307e-01
4.788674651592764731e-01
2.421698573504101226e+00
-2.078891255216092304e+00
7.920276312061973467e-01
3.298929772999343868e-01
-8.055560156106122971e-01
-1.598189344997764660e-01
-5.911064500187845905e-01
9.174013057962138173e-01
4.457843979784590349e-01
-7.230435448878476112e-01
-8.841331789419815124e-03
-9.952461060886945710e-01
-7.632713611035073509e-01
-8.955301539967259750e-01
-6.640751752483646797e-01
-6.434161788025638540e-01
-2.448165154484474026e-01
-9.926935412910133927e-01
-7.938981969209837342e-01
-9.008047669674295044e-01
-4.232828746986037061e-01
2.021683520749402163e-01
2.656796967698282774e-01
1.156251726897206122e-01
8.793824071744724691e-01
-4.092855561235668738e-01
-6.480451408467025054e-02
-2.519717950346314073e-01
-1.943820258388444522e-01
9.468032765221146008e-02
3.332236239978605408e-01
3.333331903264236118e-02
6.399076363998195127e-01
-2.480867544955691617e-01
5.278126205191520093e-01
-8.992774593151966478e-01
-6.515847475094116437e-01
9.097312236032732979e-01
3.296327785807343647e-01
-2.921045790506078266e-01
-8.003403845134555716e-01
-6.699040661565880406e-01
6.074799628263434226e-01
-1.036818360409905715e-01
3.688750103384039747e-01
7.967353479176331188e-01
-9.626642718265274734e-01
8.691433226312990090e-01
7.151845339767860521e-01
6.446851338384860242e-01
-6.104227628909224546e-01
-7.432988967716480655e-01
-7.569107605995195609e-02
8.993317155671083363e-01
9.182544543602551013e-01
-6.000616891038255130e-01
-7.914849305108104804e-01
8.326824100075103097e-02
4.592197552653594084e-01
9.383689720698036307e-01
1.037869841723600306e+00
2.190992880713762414e-01
-1.505719031438705890e+00
-6.416352893398082902e-01
8.310597081708623879e-01
-5.617138964151147107e-02
1.594459568322261767e-01
-3.743845584095570889e-01
-6.384697798496230536e-01
5.107926833824913970e-01
6.889537221334183226e-01
-7.804246548761211155e-01
9.928723595580024597e-01
5.113217115125392453e-01
9.343666726096580000e-01
1.885265420400484615e+00
7.217657871605680509e-01
-9.521633876813722086e-01
4.696102238518737870e-01
-8.619206230821399028e-01
6.128530231566859943e-01
7.733111659986520170e-01
-3.268097797901635015e+00
3.860775058591983111e-01
-3.425693010610573186e-01
-8.764167834646494626e-01
