-1.479585150839753060e+00
-1.539428306130070645e-01
1.688274923663139582e+00
-1.381859640704979686e+00
1.758420098537895715e+00
3.167646031085212810e-01
-2.566677187618221723e+00
-4.369044418682888065e-01
3.050642445232004007e+00
-1.390551373135336943e+00
4.770043682133645602e-01
-9.809861692067676220e-01
5.855826960520264635e+00
5.235829454866240518e+00
7.956846368320309448e-01
-4.892039933156024034e+00
-2.949506017549154091e+00
-3.725747601427629618e+00
9.896701740889951582e-01
-4.148449094718034136e-01
-3.228823386535860429e+00
-1.962567575434981393e+00
-4.951769654422608191e+00
-8.989199728215815366e-01
-2.042880184796818543e+00
-3.094439687013692541e-01
1.519000311040495266e+00
-1.209793207512244617e+00
1.895402201004248166e-01
-1.576576707373736674e+00
-6.871538199555945470e-01
-9.863829946789670622e-01
8.636258372298285524e-01
-1.495382651465470225e+00
-3.548600770112639413e+00
2.759401571906885398e+00
-1.463739433310166316e+00
3.621120251827229630e+00
2.493527818815658992e-01
7.929923634049425019e-01
2.086165595725389732e+00
-5.357223028714307445e-01
-5.606771316726072429e-01
-3.261556475552643164e+00
-2.922530997125648344e+00
9.794836197711471737e-01
1.429887964620554008e+00
1.577519312670466078e+00
3.439747219004157586e+00
1.192416950913776752e+00
-6.058329250943668143e+00
1.047178035335063484e-01
-2.649184824553525885e+00
7.597693054034757587e-01
-5.349106769130553829e+00
1.805839785344626858e+00
-2.206157083103930105e+00
8.006828836295274421e-01
2.037333131837714362e+00
4.367330335626245841e+00
-1.719038210261625288e-02
2.059327886537827723e+00
1.838505433665804212e+00
1.742537310367278325e+00
-1.290613997999971119e+00
-6.774358642294084909e-01
-2.734988619894283879e+00
2.528797219796458773e+00
-2.191965189942959746e+00
-1.227501719990825357e+00
-7.977159736606415308e+00
-8.985042354402608122e-01
-8.714199123863167529e+00
-2.366930254367344943e+00
-3.841026567561487859e+00
3.138333052995254668e+00
-2.853620862768757149e+00
2.971303287787378622e+00
-5.595537292558687703e-01
3.966076805870711652e+00
2.602291120129711643e+00
2.789649979764323717e+00
1.072957458052716362e+00
-1.881064120231355163e+00
-6.512555803380482899e+00
1.147199287737860285e+00
3.162924348675041131e+00
3.102748192951532147e+00
7.143157236592523329e-02
3.363013893405613963e+00
-2.355092739505546540e+00
5.874199690092651860e-02
-1.157264792216397220e+00
-7.031148033154167587e-01
-2.261695401164101060e+00
1.731278053337869938e-01
3.044754372524658415e+00
-1.284247833290068641e+00
4.945041891754787144e+00
2.029572053485815264e+00
1.193511985218604021e+00
-4.776235536490480715e-01
1.174878740460469917e-01
-3.861412584558749472e+00
-2.488365265436231155e+00
1.731711314377694322e+00
-3.125703159484271687e+00
-1.069120505213783989e+00
-5.842421865151310456e+00
1.008740937923274572e+00
-2.236820652454990288e+00
2.393491170182788785e+00
3.441339292117584492e+00
-1.741235865979217090e+00
8.113215213671954862e-01
-2.800420703974293435e+00
2.340485940001223231e+00
-6.751610709249555864e-01
-3.349333372205479664e-01
8.370541984749233499e-01
1.958873283494115825e-01
1.664165775916635948e+00
-1.462250502928608142e+00
-1.283024838737510720e+00
1.158543091834501659e+00
-1.415286756649301925e+00
-5.864958370008959143e-01
-3.277844377830453126e+00
4.232133854808652895e-01
-2.368930910728350159e-01
-4.859575692152959370e+00
-2.787990737655187345e+00
-1.568704271292657770e+00
-1.361516318595872299e+00
1.129077465162815264e+00
4.434856889989669537e-01
-4.064669673419022189e+00
-2.732286418885548684e+00
1.236705395181327383e+00
2.178285455073027066e+00
-2.428609817528770698e-01
2.602543238219101607e+00
-3.734348543327592029e+00
1.938412371019581748e+00
-2.840278712765117675e+00
1.141887110536720540e+00
-1.334456170695172084e+00
2.265896426958855070e+00
-3.148395419317421506e+00
8.033184248901654723e-01
-5.067428473157656876e-01
3.101568826744106611e-01
-2.394206933357758249e+00
2.944930477500087740e+00
8.405568994837864238e-02
6.358205902514210139e-01
-1.359948514194066593e+00
2.594956742584878517e-01
-2.389715799139222163e+00
1.901501068723907117e+00
1.989105388576622113e+00
-2.931001302966802058e+00
3.071577705528192759e+00
1.399829507154733754e+00
6.977087291049482998e-01
-1.377572678112627180e+00
-5.920840793151567194e-01
1.572731934453658331e-01
2.792896629952702270e+00
-3.716883905398248977e+00
-1.148708684269591718e+00
-7.938129535034761375e-01
-2.169617788565783023e+00
2.557002906234550066e-01
2.596335646348618464e+00
1.524787608292700047e-01
2.637556138590864130e+00
1.285472652006056427e+00
-2.991730603869220406e-01
-1.774104238663901434e+00
1.179116619395686794e+00
-2.157079203524841393e+00
3.718527668839353595e+00
-1.933080576535406436e-01
6.612235072166837924e+00
2.402519309360727107e+00
7.018339408312637140e-01
-1.725308297548672209e+00
1.397199958331819314e+00
-2.428246313059574391e+00
-2.187533479618178678e+00
-4.047293942575279635e-01
-1.331087833153667743e+00
-9.528050844383040285e-01
2.842160838759101971e+00
-9.239508785796402002e-01
-5.374677661770027370e+00
2.083145932741265582e+00
-2.552882169877439100e+00
3.644941714020965229e+00
-2.794481575051633637e+00
8.840520120860841935e-01
2.678521887556511327e+00
1.710096407598701074e+00
-2.511953337820053367e+00
3.509955495392223845e+00
-2.841283853848334040e+00
-2.874353388324501601e+00
1.647134094318609243e+00
-5.320781702545157366e+00
-1.989018724685027939e+00
6.189135358482467097e-02
3.046259726293940595e+00
7.879005266865373169e-01
1.802297072174290360e+00
-2.212772640616962327e+00
5.169984624839562670e+00
4.493041941689863705e-01
6.540090515222969358e-01
-1.756762933128258819e+00
6.600726014359754590e-01
1.133692639897191157e+00
6.712488383144784798e+00
-1.476051189047589807e+00
-1.053944111037963705e+00
1.830223495594311522e+00
3.394254712333834689e+00
-3.101934798300197915e+00
1.515209106845441189e+00
-1.908095249266339444e-02
1.105307114250139389e+00
3.785480697919827442e+00
5.086915891610688245e-01
1.249925673204510312e+00
2.568907404752835966e+00
3.189624127740185999e-01
4.026335418093519358e+00
1.312504462675270434e+00
-4.334248447344693389e+00
1.350856065101240233e+00
-3.530133432663972393e+00
-4.597818508518679792e+00
2.980690542463716675e+00
1.462568130657619703e+00
3.640906419868767507e+00
-3.304982095140047704e+00
-4.973041117378094178e-01
-1.658295936374672763e+00
1.447217006989848009e+00
5.284949000278705178e+00
-1.756351073460404422e+00
-2.826410778796921708e+00
1.390545239998235427e+00
3.313842921020275334e+00
5.229114109613826500e+00
-3.677924277839406120e-01
-2.209040660514126619e-01
-3.889826000505413606e-01
1.447219856348631817e+00
3.792253004076884260e+00
-9.169142604880383685e-01
-3.147269014196266035e+00
-3.671731554023677457e+00
1.920206506432478311e-01
1.450949802454638116e+00
