1.647121527324916790e-01
-2.114603489041898321e+00
-1.545242873270980866e+00
-1.996178617597189842e+00
-4.842003061772669481e-01
1.167572923399478324e-01
-6.317907448307930052e-01
7.726302913530458394e-01
-1.367288036151937947e+00
-1.643970593063126762e+00
-8.695299746524309814e-01
-7.713606151637533159e-01
-5.840089590409883735e-01
-4.330655855732153947e-01
4.196373579195060710e-01
2.985277664293799482e+00
-1.600571424760276251e+00
7.835112999469142636e-01
-7.761736952056683680e-01
4.847219469780161827e-01
-1.545846732633260889e-01
1.577143271850521611e+00
-4.579008690924139535e-01
1.194064991946224508e+00
-1.919683265684301920e+00
-7.396769252686609120e-01
9.143178749408222838e-01
6.745448626214708421e-01
1.129209696116017181e+00
-2.550520866393489516e+00
-6.524997901131618372e-01
1.956523080448780316e+00
-1.181203894159399415e+00
-1.622963139530630317e+00
2.149833068930075974e+00
-2.493150098743579068e+00
2.261561428037095478e+00
-8.747965069291963047e-01
1.863670948642532466e+00
-8.428055418293214363e-01
-3.875230008228441325e-01
1.383480650151525104e+00
-1.160156949650406277e+00
-1.798386553573811719e+00
-8.141726657697930802e-01
1.581697753520368455e+00
-2.721637437856344599e-01
-5.167281191479480285e-01
1.630321072739755461e-01
-8.223629742569904533e-01
-7.909836697462970800e-01
8.412721626683159482e-01
1.173579656267441873e+00
5.244990395735888988e-01
-1.963344470000623954e+00
-1.823792881474424421e+00
1.181467646449263914e-01
7.744721619538065260e-01
-2.012310737767925850e-01
9.872340688262405406e-01
-2.367305255662200736e+00
-8.523122177917182851e-01
-6.779678274414029371e-01
-9.711429537939859635e-01
-2.195193406108504330e+00
-8.762659572735329583e-01
1.405111900523851265e+00
-1.684996521007482984e-01
-7.179150485114508262e-01
5.996975951173936226e-01
9.227000655439125953e-01
-3.379895157213825385e+00
1.149373086901062102e+00
6.199886532787246551e-01
-2.456966191963369239e-01
1.904456258162012139e+00
-4.043833915048483107e-01
9.112057013956520457e-01
-2.561619323413133031e+00
9.883691718106947244e-01
-1.480816870879518854e-01
4.567552839331091574e-01
-1.103409966478501758e+00
1.444108180384322315e+00
1.241576489396009952e+00
7.986575898238712501e-01
-4.278492653460980177e-02
4.140924984168377065e-01
-1.431762875817048863e+00
1.568514981245056616e-01
1.555016053036291535e+00
-4.717786573593784616e-01
1.167952607018840849e+00
-1.513033698733593502e+00
-1.972551666785820723e+00
1.405155048030586329e+00
-6.505045703081427932e-01
5.642843072023536743e-01
-6.988096781663381829e-02
1.255411284938700689e+00
-1.581298236681607960e+00
7.758534390058147157e-02
-1.206448713919850757e+00
1.338760257696663292e+00
1.125022755813752884e+00
-8.696312147424750671e-01
1.041159963809181743e+00
-1.444260974692485711e+00
-1.620033151207135091e+00
3.909241783865431419e-01
8.923201341451824087e-01
-1.430114696408536945e+00
-1.540602696617792366e+00
-1.361931426960766300e+00
-2.367220845270878282e+00
2.860055541657940958e-02
-8.734085302743213042e-01
-1.379510009932658487e+00
3.710533793563447480e-01
-8.751318325184589408e-01
1.268651063334254592e-01
-5.658311691350064176e-01
-1.551819539145081306e+00
-9.169138688514111291e-01
3.147932395318850052e+00
-1.098331297944646234e+00
-1.185931353368435248e+00
1.294883722370481882e+00
-1.512998773899014937e+00
-2.031932570780768721e+00
3.557392775761296644e-01
2.485896811763420811e+00
1.385752227872850462e+00
7.829902811226747694e-01
2.200810496976375319e+00
7.957820208660161265e-01
-5.630176002633268117e-01
-9.337783348389083748e-03
1.155359037914283959e+00
9.045736833610693584e-01
5.232921877755394302e-01
-1.272367268779722282e+00
1.999732933931845924e-01
-1.633351114814443061e-01
4.050122184046582863e-01
-3.027563134117186583e-01
1.602497252378808357e+00
-2.825297237435148712e-01
3.721325871937704477e+00
1.484929320074627856e+00
-9.499911909656980624e-01
3.442175398089656113e+00
2.084091058543945607e+00
7.182145666233492598e-01
1.146667104190289832e-01
6.983616231939098196e-01
2.064000874643174832e-01
-9.189689387163149092e-01
1.051567779002360092e+00
2.723184546768992575e+00
4.680194599489664320e-01
-5.104785760129088024e-01
-2.783163576629672065e+00
-4.737670663689357298e-01
-2.211441608104621759e-01
1.600231423597786584e+00
-1.761999414913634654e+00
-8.785177330386486627e-01
-2.911443783336176705e-01
-2.022935286578169567e+00
1.372861300940261930e+00
2.215517673531790244e-01
-9.161620805118737554e-01
-7.642073387115624339e-01
5.903284197020379764e-01
-8.096459504110345984e-01
-1.105374898133733907e+00
4.943169845964467957e-01
-3.899623045118703613e-01
-1.386259750163536975e+00
1.515153328055343529e+00
-5.699455713325987105e-01
-1.146857954658305978e+00
-1.513900091749365906e+00
-2.793884981043758486e+00
7.094030089388035920e-01
-1.232741994838044974e-01
-1.943497906640780482e+00
-9.247032667590266986e-01
-2.301099364830599292e+00
7.946499061382594764e-01
-1.662791216867094413e+00
7.537243386586121030e-01
-1.156403311977053594e+00
-4.238928234020576946e-01
-8.666897981210281987e-01
-2.237700279009575244e+00
-1.208546962898581434e+00
1.348898711373022752e-02
-1.361235595786118191e+00
1.026243934073741482e+00
-2.767268575119583573e-01
2.936764258624512181e+00
9.541750203675121167e-01
1.462502284659139340e+00
-1.980502120642668729e-01
2.556609055418660598e-02
-2.056511460127860291e-01
-2.428275457120059322e+00
-1.772990074726604748e-01
-4.934852394257222663e+00
-4.712726127774198304e-01
-1.902610746185848356e+00
1.555417312192816537e+00
1.595184997114443837e+00
1.774823053640334214e+00
-8.234273800897939921e-02
-8.327738370119529276e-02
-5.210588959377793206e-01
-9.644289885343748647e-01
-9.220735878617881687e-01
-6.662880769792411950e-01
-1.649543963314810791e+00
-3.941855910588944467e-01
-2.241830234680931344e+00
-2.458531656538983090e-01
3.981576644472420434e-01
6.522084673495791574e-01
2.636047743538791455e+00
7.086829800090602705e-01
6.853092043064721306e-01
-7.128000437891935936e-01
5.518563173724250204e-02
6.555496689331541393e-01
2.430097104848664369e+00
-1.083100916162285543e+00
-6.841426306997783202e-01
6.389258475698645912e-01
-2.529285753347912946e-01
1.092994652343376227e+00
7.075332380273531285e-01
1.442018856725482412e-01
-1.113121931741044346e+00
3.135804967758207273e-01
4.874319785168317876e-01
1.198821290833571140e+00
-1.027214384236884825e+00
-3.606752731480077356e-01
-1.239269083088185397e+00
-2.087745721263611909e-02
2.023038163790157551e+00
-2.216566449200498834e-01
-1.722990673923896487e-03
-1.173112560644020697e+00
-1.061472980056242799e+00
5.566479472864262201e-02
-1.257531529980030482e+00
9.812633169411545397e-01
2.735065525745918880e-01
1.663696836290663672e+00
4.901388379284100649e-01
1.855356735188160577e+00
2.362660169507258545e-01
-7.237909386306747850e-01
-6.831569653576580192e-01
3.832491067842186405e-01
-1.902653743962022803e-01
-7.138656809850339735e-03
3.158334037574818121e-01
4.313617956589183011e-01
-3.868986801817734245e-01
-2.111059397353625688e-01
7.663521723358887039e-01
2.054691394925295053e-02
4.025892018184896171e-01
1.457635340114111999e+00
3.505565045337094565e-01
7.772451319140702974e-01
1.979050144494417296e+00
2.268129919106446124e+00
1.078288605452903060e+00
-6.780848586441556858e-01
-6.368610864955291939e-01
-2.740219103440650339e-01
6.615371510173302383e-01
-1.512541885830440136e-02
2.613245018283659959e+00
-1.678722855647347023e+00
7.512108048230131674e-01
-6.031487958817366435e-02
5.579739338439453356e-01
1.957054807441236943e-01
-2.137933899380950464e+00
-2.339983890302064218e+00
1.511189483188151605e+00
3.645561882210931692e+00
-1.383184448596721960e+00
-3.893202700790798776e-01
-1.337587566429024655e+00
3.528282679650805442e-01
2.335769255182843784e-01
5.934013348861885140e-01
-1.521445234051734818e-01
6.567647713245875485e-01
-1.034749339826473769e+00
-9.293750025056130015e-02
2.138659837936674468e-01
1.880668647137224703e+00
1.738041758875011888e+00
8.926018049246235986e-01
-2.125160912724807005e+00
1.085520609164860595e+00
4.259121765621424749e-01
2.092504877992322765e+00
1.377770887264917032e+00
-2.168124981794614214e+00
1.378647654612206175e+00
6.062743467095971228e-01
-5.833574926615503475e-01
1.401895851392715331e+00
-7.517708311993565040e-01
8.108408758919996018e-01
-1.079002973320250858e+00
-7.791930544782088575e-02
1.606616008514328620e+00
3.006689426400893650e-01
-6.567830669812652067e-01
-1.202796017302636855e+00
-5.008093356975541477e-01
-1.204537325335274245e-01
1.131330470786786835e+00
2.005890830579692086e+00
9.224792600129648745e-01
-7.107120355776525011e-01
1.310456239200614714e+00
-4.554066210879621934e+00
6.787647110759641167e-02
2.763644300155361222e-01
-4.457990353295641084e-01
-4.291030749154193247e-01
-1.080848466355677440e+00
1.058769660089649900e+00
-2.960431703692177896e-01
-3.126966331426632162e-01
-4.798480488125615451e-01
1.393429173175300961e-01
-5.608844407628565953e-02
-1.822015429146810472e-01
-3.775415393958383437e-01
-1.398464783966793856e+00
3.199024912570627710e-01
-1.949852301632684970e+00
-8.217052237869478803e-01
3.986613696592234968e-01
-4.082516962275988814e-01
2.834858485072912493e-01
2.735142854618932695e-02
-3.974469107915966415e+00
6.653210851229443001e-01
-2.847349423481345884e-02
3.320137494352171093e-02
1.355697146237862638e+00
-6.015318480971969528e-01
-4.377012086412124803e-01
5.766996447808140358e-01
4.361153258136368782e-02
-5.937476148018031585e-01
-2.266622482739930056e-02
2.527469236540492936e+00
1.109314150073290317e-01
1.433521499323160697e-01
-2.723237081272230853e+00
-1.120900831531648656e+00
4.122003264343139683e+00
-3.115739089472894019e+00
1.978501691498353865e-01
1.030583853498285629e+00
-2.661820876047644724e-01
1.834456271284889750e+00
1.469527543583234008e+00
1.718957689593535010e+00
2.138405928187073757e-01
4.577801713335941797e-02
-1.162193798553465829e-01
-5.088155532734113251e-01
-2.904840178094755920e+00
3.968465221220186301e+00
-1.193629576488218103e+00
5.474373666308700592e-01
-2.303670083165064497e+00
-5.129186080954297733e-01
-3.906772541917660213e+00
-1.459332438081912819e+00
-1.309723585534067203e-01
-4.261735546560416754e-01
7.261464725479769289e-01
-2.146229802992081659e+00
-1.647020952648118319e-01
1.138053710574208122e+00
-5.685414947616719283e-01
7.817929266772866148e-02
7.842517713930173828e-01
2.294365129043677953e+00
1.881899635098992496e+00
8.967733184007435909e-01
8.021658759805082584e-01
-1.147273883272809991e+00
-1.050229138401205242e+00
1.038549832084884272e+00
-8.570782106179340998e-01
-1.192006423149601479e+00
-3.062499832463731586e+00
-7.575567515224255200e-01
-1.762793226757461085e+00
-2.349850888818023176e+00
6.814480676632621581e-01
3.330785586243846241e-01
-1.606384519817051437e+00
