5.324422913596440488e-01
-1.959785192736347215e+00
-8.521638624088265779e-01
8.887251465996471866e-01
2.063073534644064289e+00
-2.727070358441581188e+00
-2.200925894260950866e+00
2.379571468924713606e+00
6.240316898212195929e-01
2.308901449862572619e+00
-2.704633006299532738e-01
-1.085572963719158457e+00
2.971948802378205912e-01
1.786915144991707116e+00
-3.279776304234670370e+00
5.608996445307621315e-01
-2.815374373530422081e-01
4.520803924216486358e+00
7.022520184682883304e-01
-2.106854861026483672e+00
-5.486042809572315715e-01
4.675411684435784032e+00
1.348977241498480417e+00
4.294174283892434607e-01
-2.105445920902322854e+00
-9.593654888970658545e-01
1.449602941774636999e+00
8.544435961586993589e-03
-3.163502525458548931e+00
-5.124646578852917050e-02
-1.616762019296727138e+00
1.074889344538559888e+00
9.117424920979224634e-01
-2.464422277894574576e-01
9.349445908158861007e-01
-8.199499066965131311e-01
-4.709653286779957870e-01
-1.699987562070101599e-01
1.648087229277203303e+00
9.039234458058739152e-01
2.844771308509638885e+00
2.471237355048166773e+00
3.157302600588195229e+00
5.004430828917216800e-01
-1.269803439973277825e+00
-1.850154718641396023e+00
-4.358138233897670410e-01
-2.133161304609779485e+00
-5.673736803784680260e-01
-1.712116111693440690e+00
2.864688131750291467e-01
-2.464223834426189086e+00
-1.392686448517411302e+00
-5.532796300757427677e-01
-8.950124398756440502e-01
3.300146671959299782e-01
2.794214470166185293e+00
2.041555573233639898e-01
-3.843597696088275617e-01
3.199228178304049930e-01
9.954609437273344019e-01
-5.042422267355115117e+00
-1.274175170847222871e+00
-1.161851035314055869e+00
-1.022788212099144278e+00
-1.171946116869555521e+00
-5.290515383288354467e-01
-1.182503225535087354e+00
-1.232774528198863795e+00
-7.194380985349989599e-01
-3.872347354949879361e-01
1.367453475526303253e+00
-3.329770195677819178e-01
-1.380576992616424636e+00
-2.747882027824476214e+00
-6.763623205032910368e-01
2.285179323707568599e+00
-5.672834242886723999e-01
-1.911970471251351000e+00
1.727027280047506608e+00
1.852497018299975817e+00
-1.945533520852016807e+00
-4.398534027340370578e-01
2.508378285127251139e+00
1.658111547729090862e+00
1.313926261824045927e+00
2.447593763165664127e-01
-2.131821821541157735e+00
5.710105407159999924e-01
-3.073773492435771804e-01
1.266112095816204208e+00
1.880628651713072141e-01
2.261300299937522684e+00
-2.426750666689494906e+00
-1.955320502835287133e+00
-1.983401547841317836e+00
3.252435417624678138e+00
-1.898448770819350706e+00
-7.669101162043410191e-01
-4.499454897837865675e-01
-8.329122893242473236e-01
1.984913399548544177e+00
-2.737013487144972501e+00
5.277939044607171670e-02
-1.346631120330306963e+00
-1.621292822585332472e+00
7.751788421087612013e-01
-6.491247384102871720e-02
2.673501481156239645e-01
2.685805144476545170e-01
-1.032703937957057949e+00
1.102732414880874146e+00
-3.582161808545626602e+00
2.095200005259563181e+00
-5.657122572852368858e-01
-2.112857818133210053e+00
6.475510096567163587e-02
-3.429469967093986327e+00
2.910084384418389902e-01
-2.205360390978863272e+00
1.647370365386340518e+00
1.705917223128018190e+00
3.464886856895742717e+00
8.933976048399187020e-01
-1.309863207069352553e+00
2.416135195129054836e+00
-1.352359772049649411e+00
1.233621464764971698e+00
3.821428809627674728e+00
7.904586834093030312e-02
-1.666384642103492020e+00
-1.728469376912638023e+00
1.938061171702187835e-02
-1.061731975500108116e-01
8.147174901719477225e-01
-1.540805128656677070e+00
6.170725773961150962e-01
1.109843645992921957e+00
-1.155098952815513336e+00
1.126551595195536937e+00
-3.603340791025674061e+00
4.760837190402870123e-01
-6.002230559806065457e-01
-1.013144648219560295e+00
-7.783056230288337707e-01
-3.390067396518381959e-01
-1.645364516863237814e+00
-1.733459953752198857e-01
-3.741120676161813652e+00
-1.639257447965381864e+00
-2.781581440610594314e+00
6.540754628554248384e-01
1.170922554331137233e+00
8.027762684868660070e-01
-5.218029580388205968e-01
1.130117910606243115e-03
-1.287176649407514972e+00
5.074329964072670229e-01
5.932404897468854799e-01
-5.613824423064542879e-01
-5.235861117847329105e-01
-9.943862842453087270e-01
-1.688380445322682721e+00
-2.221224103249068715e+00
-1.605969435550924862e+00
1.430147511957441386e+00
2.504854810601105264e+00
-5.821686964032339873e-01
-2.030071269767876885e+00
-1.855170080113023534e+00
-1.956280750475882568e+00
-7.113449537319969096e-01
-2.309694811306537865e+00
-2.728363321264765773e+00
-9.312389792901487606e-01
4.322592270715041707e+00
-1.465089811671885123e+00
1.952721067759334295e+00
4.896327940288347502e-02
1.783652719632448758e+00
2.060259875306279298e+00
2.604805433831210326e+00
1.537494113694020115e-01
6.313206447223982387e-01
1.251080744168884262e+00
1.070741234815459908e+00
1.348958446738808048e+00
7.640308590806087485e-01
-8.759662781411727828e-01
9.865762546639657016e-01
3.343600583181710606e-01
3.361637136660127201e-01
1.790797268419405341e+00
-1.167808790609526248e+00
-4.399729329756084661e-01
1.700631455750284626e+00
-2.870664256486223920e+00
-4.108872312826587603e+00
6.932799823991336874e-01
2.902004178766186548e+00
9.917662481234784666e-01
1.048691055654424442e+00
2.784761666977548789e-01
-3.001622920890890001e+00
-1.442792156420437566e+00
2.686308330121429222e+00
2.957178133505301565e-01
-7.942436272860367019e-01
-2.847774005635736572e+00
1.576393588134975321e+00
-2.454766316383575120e+00
1.031628209449281686e+00
3.673434256631731287e+00
-9.240731705360807346e-01
1.174630500028966740e+00
1.602772789828532662e-01
2.522583772854707362e+00
1.122557303718041855e+00
1.373300690152705172e+00
2.126568907302779365e+00
-1.025119134056800663e+00
-4.620879364532125777e+00
3.087269564766958574e+00
3.461614676180932548e+00
4.163395411917027999e-01
-2.319922314211436465e+00
2.482570186318868721e+00
3.495117969738466002e+00
3.179892296118039141e+00
-6.868047307256084366e-01
-3.028889926254978882e+00
1.121374987362839359e+00
1.556282145306516096e+00
2.526864448512873285e+00
1.087097705218537103e+00
-4.665148422077149970e-01
2.950027211827823681e-01
1.656473457231215196e+00
-3.844918904813583449e-01
-1.821199644991531752e+00
-2.101732973295385776e+00
2.618176251266024934e+00
-6.105049238781482535e-01
8.195333282924917029e-01
8.991670887991708438e-01
1.309102048583005384e+00
-2.073199969238116669e+00
-2.203549577826207972e+00
-1.104497315652080758e+00
8.973896191285462010e-01
-4.927335767502282193e-01
1.992018207240633387e+00
1.314430683105705544e+00
2.061576447459389172e+00
4.369350008753001280e-01
-1.746368700515981143e+00
-2.661633585507495736e-01
-1.476876217127509605e-01
2.101218302458911946e+00
1.910475417465389070e+00
-2.051789245536337347e+00
-7.565569998896120030e-01
2.995544831331740543e+00
-1.106414697187571461e+00
-8.720233096897551661e-01
