2.753651995194399404e+00
-2.784921803811473584e+00
2.279366507076693527e+00
1.751216706391905742e+00
1.200987226884133285e+00
-9.981628497933202615e-01
8.891073456962801380e-01
-2.355671200891400474e-01
-2.984501207600258610e+00
4.860166516673522508e-02
3.975179652404731145e-01
7.755398091764176272e-03
-1.175293919290026023e+00
1.628112238458128358e+00
2.233176412282387169e+00
8.301257455845101330e-02
-6.371069839296644721e-01
-1.957120335063644578e+00
4.999208751895040104e-01
-2.919187671959785568e+00
2.232187508915397522e+00
-2.144793409825419328e+00
5.471468179975116364e-01
-2.844435842411511040e+00
-2.670726816932186942e+00
5.452155227991344055e-02
3.163916865338108231e+00
-2.945857143511698695e-02
4.612028289591156849e-01
-1.650482918263711518e+00
1.536319596181432434e-01
2.318476671799671429e+00
-2.110662957387289040e+00
-9.145162106115917178e-01
-5.811747721016680135e-01
-9.163493651336533929e-01
1.507702451954447076e+00
-2.710483826423986997e+00
-8.068077801594756293e-01
4.284125688506167151e+00
1.598322338221419336e+00
7.559269300528751456e-01
4.656308004516640509e-01
-4.193383628655942275e+00
-1.092658285201456358e+00
3.746749440303464240e+00
8.751018625923951966e-01
3.293343625275077180e+00
-1.558494844794438006e-01
1.366799115451056590e+00
4.956563783736294138e-01
1.690570959902796044e+00
1.450231174392278222e+00
1.459024320121772966e+00
3.654114897550480023e+00
1.334821611470772051e+00
-2.811684879461130437e-01
3.930409040329596593e-02
-2.375411689834065143e+00
-8.000898361159112238e-01
7.509748883919303841e-01
-1.629764910878372941e-02
-5.667014602567560511e-02
-1.697364647113721592e+00
-2.716541728026808489e+00
4.732778130352977008e-01
-2.083141340476031278e+00
3.042653462776094386e+00
1.287657851047065982e-01
1.146843357217957049e+00
-9.202846540632435568e-01
2.167813083900471227e+00
1.456227408338659046e+00
4.164937459104565698e-01
-1.358725342487744792e+00
4.378332822502561950e-01
-9.710064294640857741e-01
-2.276262294314500556e-01
3.128085786884543751e+00
-2.209086236753290966e-01
-2.619445694161111504e+00
3.113117860914710877e-01
-8.658252491202540480e-01
-1.473570944881203992e+00
1.638721899930815518e+00
-2.221460370488796965e+00
-7.434194545784567065e-01
-1.528784593040969142e+00
-5.781344020909658710e+00
4.266054846979394632e-02
1.831653604581440220e+00
6.011039049347413066e-01
1.246652938829613477e+00
-2.553629681667128004e+00
-1.211767429344875691e+00
6.685836083299414589e-01
1.575780188436817220e+00
-6.023395726437705822e-01
1.680931163621314894e+00
3.218140396996702179e+00
-2.233890034097107513e+00
-9.034688270814670297e-01
-2.533217066232522185e+00
1.594634197576242141e+00
-1.024783683032232551e+00
-2.693066971332183535e+00
6.619145107523911609e-01
-1.871358441286710805e+00
-1.944256506619144176e-01
2.464281488021152988e+00
-9.775127048863011536e-01
-2.994003482770552171e+00
2.948713800816605612e+00
2.204036532984215313e+00
1.706093972598336395e+00
-2.162331653225219696e+00
-2.132362155322558461e+00
-4.922239741590505036e-01
3.563308891494764152e-01
2.625410282587784749e+00
-1.634010154409191173e-01
2.575913029666807574e+00
-3.895210200551946222e+00
-1.029355759492908806e+00
-7.934914036305418250e-01
1.718061061420781410e+00
-3.395414491633172993e-01
5.765199291667206793e-01
9.965251401145340804e-01
9.151344246750285905e-01
-1.944084526414935787e+00
3.734487337800281859e-01
-5.914252047246693067e+00
1.998352051771320692e+00
-2.299175989746985227e+00
-1.638648728620658801e+00
9.013671411297484726e-01
2.296721470092937256e-01
-2.114912156253178299e+00
-2.766231347185588163e+00
5.491508779020015218e+00
-9.718606855053949500e-01
-3.202682684440386618e-01
-1.878609905739755392e+00
3.344099901164939048e+00
-2.554129312003877494e+00
4.360558621442732097e+00
8.974624658150048839e-01
-2.324866934525675610e+00
1.280079695572767573e+00
-4.372425945043497686e-01
-3.317802617336150561e+00
-7.472482153456312393e-01
8.405274100927657699e-01
-3.498961412866327336e+00
2.942382817863105959e+00
5.825653779848554592e+00
-2.590415960893825420e-01
6.026737301851042838e-01
1.115880676559703133e+00
-1.774401305457806721e-01
-5.205386057768213171e-01
-2.073146577329100460e+00
2.611265801989071100e+00
2.229450115685534861e+00
-1.986781781197415775e+00
2.883386989480101192e-01
-2.362413953776087983e+00
-6.091279691498063809e-01
-2.890410130869406569e+00
5.404229386973837812e-01
-3.626226362794513935e+00
-3.064462159078065628e+00
-7.749011607681867142e-01
2.452257859354846636e-01
5.188268943814273726e+00
9.923392836804467709e-01
7.807588455827461082e-01
3.585863714345839615e+00
1.934381029921985240e+00
-2.137712778150804738e+00
1.062954979660697186e+00
-6.381774546740691667e-01
1.034433759835042821e-01
2.123089735999862171e+00
4.056503090779182585e+00
-5.760090011617788885e-01
2.422854774294899372e+00
2.216938406004353102e+00
-3.571614124016765590e+00
3.056131317382754231e-01
7.827890571211211235e-01
3.185180097649124242e+00
2.187211275592898296e+00
1.494012500768668872e-01
8.621372194797363164e-01
-4.871674513842876308e+00
-2.619204478401286451e+00
4.306443056046860285e-02
-9.820572202513973004e-01
-3.342428933863707652e+00
-7.383165900352042232e-01
-2.424928235497275431e+00
1.214336509468402214e+00
4.949912424436488934e-01
-7.393491386802785170e-01
1.557950160348499757e+00
3.234805477209458324e+00
2.903574712825041093e-02
-1.728881999001085523e+00
-3.429545700467090175e+00
-2.643164574304604386e+00
1.954249080703488017e+00
5.883089010527355001e+00
-6.324528118530179377e-01
4.805084190164832236e-02
2.037931844774860224e+00
2.224362834852056547e+00
6.897624128356267814e-01
-2.827669722614151837e+00
-2.089742815494719963e+00
1.014052047056627437e+00
-1.446565714493712740e-01
-1.716631433821182995e-01
1.565126285967644582e-01
4.823651073922231802e+00
6.582798937991215515e-01
2.310458091259683044e+00
1.642308341492687562e+00
-1.277594016167546753e+00
-1.715645107310610040e+00
-2.951959623584325509e+00
9.603334121807481916e-01
2.678119832737427819e-01
-2.896065397356474946e+00
1.059629918097994450e+00
6.702437536279763908e-01
2.212668920729678135e+00
8.143462628613209464e-01
4.502630737529495164e+00
-2.276581735337320556e+00
1.508358007915129750e+00
2.420884522180264398e+00
1.990142288107797475e+00
2.188797655827594113e+00
-3.684337951902958430e+00
-2.271193606360665918e+00
7.884410459305191132e-02
-4.520545629758032646e-02
-1.723650789419342910e+00
-2.740463034004312348e+00
3.154590377435201320e-02
4.013139810288112841e+00
4.237980264852859946e+00
9.758285562627628806e-01
-9.785137112440543961e-01
2.180887156597023591e+00
5.460879778542262031e+00
1.246899612678844083e+00
1.319482141706846967e-01
-3.257528599185707474e+00
1.290807305501072921e+00
4.862846048539092081e+00
2.410560083715751034e+00
-1.158449395200042975e+00
