7.297774247731547703e-01
-2.726250073087950199e+00
-1.211779493990596146e+00
2.634003260435390903e+00
8.910746195541144887e-01
-4.660861313329841771e+00
1.315686023387787618e+00
1.050341982580787592e+00
4.943668954295262097e+00
-4.724913813714666233e-01
3.028083183327698880e+00
9.820835692037590547e-01
-1.752432556192202173e-01
-1.188968230314910501e+00
-5.910653224055045785e-01
-3.137464871657120180e-01
-1.048840721204939541e+00
-3.756388596593655538e-01
2.464806692128409082e+00
3.789155341026843260e+00
-6.234637899909616365e-01
2.319514719711762041e+00
-2.685949324432583385e+00
-4.297926540999155165e-01
-1.070977168630694365e+00
7.156611245844379798e-01
3.068550120358188416e+00
-1.664271231813262142e-01
1.117264542687924411e+00
-1.473574327273109663e+00
7.791967182519424773e-01
-6.735498530549866025e-01
1.238144257817252791e+00
-1.931822708494445040e-01
6.492391199292031345e-01
9.454608848590198011e-01
4.184712288661236457e-01
