-1.068950512256729324e+00
3.421360867404161787e-01
-4.460670402294137360e-01
-2.908703920297825984e-01
-2.013782172649342117e-01
-3.234624781976797037e-02
-6.143046041452122630e-01
5.185852348883693841e-01
-6.057169550189482887e-01
-5.386305977249314925e-01
8.109441672572390569e-01
7.181440247201780203e-01
-5.161137893052472059e-01
5.285064751766481717e-01
2.902488393408941825e-01
-2.312865016265427676e-01
-3.615596679377736100e-02
1.735638319674946140e-01
-1.178946275991130666e+00
5.684640271805954104e-01
-4.243550138209593037e-01
3.825554117607343207e-01
-1.219285582050910755e-01
2.422110009558304244e-01
-9.587871830459360201e-02
-2.038674321673010215e-01
-1.957093336771775216e-01
1.984040077919657086e-01
5.716128458738300999e-01
4.330739180068560179e-01
5.137114290250970328e-01
-4.065187243399629446e-01
5.920769255434161771e-01
-6.283130901439507587e-01
-3.710150468179502781e-01
-3.634400101155343954e-02
1.699247758780517148e-01
1.317829635070076610e-02
1.007737103592809547e-03
1.973826779207402404e-01
4.694022759965642000e-01
6.655881496661060215e-01
2.156004095023977829e-02
2.681210415269138503e-01
-5.898664241857793922e-01
3.874143643835484263e-02
1.860013624126422571e-01
-8.001743254199739086e-02
-7.867222868527593560e-01
-3.231493937385201964e-01
-8.158429201988420809e-02
-5.323211081418224300e-01
3.269338055659019027e-01
1.013631283574726094e+00
1.042544503699875058e+00
-2.120473171568999782e-01
3.839334886239119116e-01
1.027436081881888619e+00
-1.415155977984380309e-01
5.875617620352074910e-01
-3.159822715271060067e-02
-9.185547649523260194e-01
-3.558520862924353656e-01
3.390024819458024585e-01
9.460274623105274783e-01
-1.399982118984644530e-01
-1.163999610292697273e+00
-1.001494581684105878e-01
8.700692155625250335e-02
5.020547975814837471e-01
-3.507176819679049262e-01
-4.608719880412120995e-01
6.805740619088296306e-01
6.294718898449468414e-01
-1.237353064023195004e-01
-4.211696842426456699e-01
2.676458653147097966e-01
-6.941995048801963275e-01
1.569528766753463811e-01
-2.393881495671187909e-01
-5.291646111564397570e-01
4.053765947169332140e-01
-8.199736024015360503e-01
3.651309442451208254e-01
6.456133952084229799e-01
-5.861777789076334788e-02
-2.448854029688992129e-01
4.890443277774189079e-01
-2.719741058230277786e-01
1.083552328809670728e-01
-1.042298602889669912e+00
5.806393254729512732e-01
5.558004868445273194e-01
1.051111658866750731e-01
-5.602469138625301159e-01
5.494225274216245625e-01
8.886050703275943929e-02
-8.473267572003066739e-02
-1.318531480723900418e-01
1.146047172845552353e-01
-5.325188285490259910e-01
5.230809611681681570e-01
-1.579813341171247831e-01
9.272663345156868797e-02
-4.033557402115590662e-01
-7.498569444163815101e-01
-4.270881362788991331e-01
-1.950691542635556441e-01
3.897426739515930660e-01
1.992202358583870792e-02
6.297458465221897894e-01
3.632979634696745230e-02
-6.274877290346689285e-03
7.102765427837082202e-03
4.248493406083646284e-02
4.606128710158063355e-01
1.593197736508665807e-01
1.350306789345920300e-02
-1.389419506984165831e-02
9.759813640375564203e-03
-5.191898224911432047e-01
-4.359713960117735376e-01
-5.522688252380125729e-01
-4.463270471342131729e-02
-8.162575090866979188e-01
1.454566116667792564e-01
-3.865367608087015849e-01
2.259056901341102985e-01
-5.170746715159290074e-01
9.894028342165525625e-02
-2.209916247792000354e-01
-5.318247248579072856e-02
-2.743908545354200590e-01
-3.364820785144285731e-01
-1.581490863000175329e-01
-5.215460344864112363e-01
-1.341511132482128277e-01
-2.026057474922951240e-01
2.605933582357218281e-01
-8.591779306944808958e-01
-1.188728723141657451e+00
-1.989597385221661685e-01
4.218971241355534696e-01
-2.911944606173957895e-02
-6.802880796574406475e-02
-4.959797068530482633e-01
-2.782621001878999856e-01
1.017916409089015817e-01
1.057641958545738614e+00
-2.398258725943993308e-01
7.082812951767999410e-01
-1.591833338506518786e-02
7.804042543399839493e-01
-3.376964052283704110e-01
1.139341069279325713e-01
7.223225433173918741e-02
3.445078135420734933e-01
4.603379826306951972e-01
9.838969657466963836e-01
-1.066219508380833320e-01
2.699412956465485069e-01
-3.194689505891523673e-04
-5.232659298644150025e-01
4.107088308676779542e-01
5.138134368460643975e-01
-3.142292338875092295e-01
9.476175580761015960e-01
-1.159760967905053147e-01
6.097664964389193365e-01
-4.152781295119792326e-01
5.137094043684954370e-01
-2.711585115808943236e-01
3.438099528441850294e-01
-7.609393033953048002e-01
-4.934104488245477649e-01
-1.125383421966756003e+00
8.094949856939915867e-01
-1.518771297771746465e+00
-4.270969832351471096e-01
4.920700667195077038e-01
8.460441473411679514e-01
3.620483028925176594e-01
2.455491370614813207e-01
1.801882580015262414e-01
-6.574286475825122378e-02
4.015616185761661794e-01
-1.059580754326490570e+00
-8.591540021064272281e-01
-5.110607841823968656e-01
7.212429364456387493e-01
-2.569719678731657297e-01
9.831177590396297239e-01
-5.500830484712350144e-01
2.024015805207187990e-01
4.026389208545353426e-01
2.912587302673816936e-01
-3.746553887092314572e-02
-9.919636688380788492e-01
9.077619288669941389e-02
-6.953937854540703789e-02
6.057254301575689670e-01
-2.279303228258029029e-02
-1.464084211268661118e-01
1.586589395833520322e-01
1.011700844441804081e+00
7.677074397656932225e-01
-3.786244671064004086e-01
-1.064203780734720883e+00
-2.496036330105736722e-01
1.167386718129889367e+00
-7.586368442655841982e-01
-6.694086175305924424e-02
7.253101370704196915e-01
1.005696589840118893e+00
1.086495793894799666e+00
-9.020233316888677244e-01
1.324846678673889944e+00
4.869793474478108508e-01
-3.309910710109792986e-01
3.513247244315181872e-01
7.728452382203854221e-02
2.374135895285851561e-01
-2.443992633351902422e-01
-1.315799350187429329e-01
7.357852157334898724e-02
-6.968391421953166187e-01
-5.757343310721770857e-01
9.067626972854562206e-01
-8.239385470471958239e-01
7.250245234337399092e-01
-3.564752602123697489e-01
-2.471000708433802040e-01
-6.361002347774079579e-01
-4.409009473094802067e-01
-8.595390902538874167e-02
3.445091145572055646e-01
4.480646057551998518e-02
-1.497828264182047286e-01
3.942922776173838906e-01
4.546380852250193061e-01
-1.974303566270657895e-01
-2.559552050070991805e-02
2.660444939158128630e-01
-1.885743780953972881e-01
2.558154669788348379e-01
-5.036907876411724772e-01
2.665664158310090404e-01
8.182454206630678240e-01
6.105397697504049148e-01
-5.173478140922880275e-01
3.731850046047485714e-01
2.169545924489574285e-01
1.013737237945722347e+00
9.274577882830730147e-01
4.825092096339787529e-01
-1.461114607251506881e-01
-2.766835961915907194e-01
1.133133458465890531e+00
4.222721346587585134e-01
-1.468621803544014059e-01
-1.902463396198862178e+00
-6.751692886443440011e-01
-5.923888507037280426e-01
1.409614746085240178e+00
1.351708293042784836e-01
