3.464540292911880842e-02
1.296703778451170352e+00
-7.314225091931735312e-01
-2.256605965531923164e-01
1.623622671045350518e+00
7.002777151841269587e-01
-2.343941672834699008e-01
-1.466681660311685009e+00
-2.711257984054087911e-01
1.250437701702346249e+00
2.789353929455461178e-02
-7.785788692358765022e-03
4.249900263494993391e-01
7.370748616939755138e-01
-2.439786545262115081e-01
-2.080239466408607463e+00
2.658642067941292986e+00
7.179231744676810578e-01
-2.589584787518577902e-01
1.385805661574440295e+00
-1.339755051812816067e+00
6.658282438374182322e-01
2.035174836148465616e+00
2.196787488388120213e+00
-1.200589010173335469e-01
9.091369365865563379e-02
1.160261153914503157e-01
-1.048837088228185666e+00
9.795134789375491424e-01
-3.370750615818766116e-01
4.681168862963978050e-01
-9.542182902981167780e-01
-1.818654687891732569e-01
6.410482690510449499e-01
5.319642157233819280e-01
-1.090825755691825938e+00
2.870989418060215792e-01
-8.057001399028075328e-01
-7.470466381412932400e-01
1.493421953802067659e+00
2.495574461088251539e+00
9.682800419219370625e-01
-1.008985402017473998e+00
1.984254253957212111e+00
-1.196446554757394504e-01
-8.372398411434649190e-02
-9.087347743473066231e-02
-3.961031944511269054e-01
-2.169863430225427992e-01
-9.928819788035979643e-01
3.301640117855618728e-01
6.954287152212829115e-01
-5.729934947929765654e-01
8.550725953300788440e-01
-9.559628798595778409e-01
2.263952258864468714e+00
2.254063746957382097e-01
1.473683826602153024e+00
-8.191208722717637780e-01
-7.258826499236428198e-01
-7.924422181167886103e-01
-1.201914698619027444e+00
7.046683344164714757e-01
9.396568982550331794e-01
1.965479177705446723e-01
4.662649299791064017e-01
6.556532744143064306e-01
-9.910980318944572209e-01
1.163268248015311007e-01
-2.516581513840681072e-01
6.677882450279902515e-02
-8.484280293563521980e-01
-1.674196182784851994e-01
-8.443001710159286910e-01
5.189883552571055159e-01
2.123978431958907009e+00
-1.128344437177084769e+00
8.093594583871481785e-01
-2.241714704985137974e-01
-1.157486693452600246e+00
5.598544653701483798e-01
8.774740721863073523e-01
-1.042503608689802963e+00
-1.128651662377313292e+00
2.301982454934680955e-01
9.191354950329072571e-01
-1.698846909968877217e+00
1.146655183569408321e+00
-1.226012371622719144e+00
6.857588412527297894e-01
-1.553098222783387383e+00
-7.218741973396806122e-01
-7.103960446745573032e-01
5.993543544757958808e-01
1.200398970628659967e+00
8.340845070556556218e-01
8.311275323018345595e-01
-1.183741250314053861e+00
-1.236144697908075019e+00
3.598722615763718657e-01
2.797783213626797161e-01
-2.483791562091724470e-01
-7.360661700545573227e-01
1.043026442637209783e+00
1.060261932425433651e+00
-4.537398711896414166e-02
8.081964080917034554e-01
-6.602940865461497388e-01
-1.721979334267219608e+00
-6.718886046157254710e-02
1.512835350351147357e+00
8.615556394754648739e-01
-9.504932056231320259e-02
1.831057347597155605e-01
1.061440960604805639e+00
-3.565131818653701212e-01
-7.425236767528595738e-01
-1.629962532178646839e+00
1.024896498101230263e-01
8.936854760914735296e-01
1.076300055809549516e-01
-2.149384803219496765e-01
-7.632414312832013215e-01
-1.136262474318099569e+00
-1.350301852295998417e+00
-6.890567782135494923e-01
-1.470425428864288397e+00
4.072310069504305741e-01
9.556788483222716790e-01
9.403350620841335328e-01
6.406940050879625925e-01
-2.020436520152330828e-01
5.749511815864177811e-01
6.406737801808390920e-01
4.580997199411678822e-01
-1.055425190105533151e+00
-4.465483562783459717e-03
-1.836472606117708350e+00
-2.937579162310887670e-01
-3.416252247782198409e-02
-1.227567956501080318e-02
1.288392745814442852e+00
5.291230346029424103e-01
1.415879744272996454e+00
5.042676140581132671e-01
-5.419797473724414782e-01
-1.120064575608166857e+00
9.263588251597564271e-01
-2.702128474460711582e-01
-6.492812712564061117e-02
1.445037491741741009e+00
5.455090436457268321e-01
4.695329226657618538e-01
-7.249732511287745318e-01
-5.414124249786720355e-01
-4.203645650466187322e-01
-1.285383105807929249e+00
2.583172608417546590e-01
1.469831084941703780e+00
5.062995402853922577e-01
-8.712494164532447183e-01
7.054491004892116113e-01
1.289203957107733389e+00
1.648856661171323790e+00
-5.410556948484825934e-01
-6.964629601699666439e-02
1.016360220118165847e+00
1.312213858591095017e-01
3.935664862215991211e-01
-3.986248739728766588e-01
-1.367396463023381026e+00
4.864331941690713812e-01
-4.492106389579487713e-01
2.643880233827878290e-01
-2.545425599126722171e-01
-1.087985741246028537e+00
6.290690190918105107e-02
-7.164538397053170360e-02
-1.498491800250420780e-01
-1.978650436112196764e-01
2.242051763431006095e-01
-8.779416766563999941e-01
4.312441980877639719e-02
-1.539137490747960690e+00
1.198971946895365237e+00
-7.506405389292906960e-02
1.292472549412452709e+00
4.692578856706257628e-01
2.466954315519484187e+00
1.508670130675045185e+00
-1.759167549909552986e-02
5.393600180346702633e-01
-1.440794576851408548e+00
2.064002591009944876e+00
1.392976366656019926e-01
6.295674545609729611e-01
1.751792007770636150e+00
8.268012085474196748e-01
7.914560515436379617e-01
1.025513235651717592e+00
4.077245315164882214e-03
4.441219047110308432e-02
-3.190593438363051870e-01
-1.047368821415401330e+00
-9.292448475121716234e-01
-7.659323132665354361e-01
-1.047179324936959866e+00
-1.423294799239415154e+00
-9.430174268546444027e-01
1.430276898319391643e+00
1.836877199720180265e+00
-4.333798542399472375e-01
-9.447517794007191938e-01
6.866874898348404033e-01
2.330037893579123942e+00
-3.905719340885855928e-01
-2.351462094215738041e+00
1.167884426753562188e+00
-2.561437290213747220e-01
1.221435435836913053e+00
9.091151832864642346e-01
-1.521952778317837485e+00
-2.825096402479231883e-01
5.467947408192278536e-01
4.256489547217637837e-01
-1.813743115896112368e+00
-1.549558557675203119e+00
-4.703695685472081278e-02
4.987585606953023887e-01
5.951810562461187226e-01
-9.106657242516131845e-01
-3.636966773798276931e-01
-1.769710230442229859e+00
3.999081822822344590e-01
6.377258992414804872e-01
1.884107969161298968e+00
-9.481380241934289632e-01
8.020650387425509731e-01
-5.742130117052206550e-01
-6.856073691843862505e-01
1.132160094099357472e+00
2.297424846391870723e+00
-8.785882884790311431e-01
2.050358114219550831e+00
1.245103201877409527e+00
-2.817765194024929309e-01
1.171419034887138722e+00
2.790743707361476034e-01
1.631575298718084543e-01
3.763508395446995558e-01
-1.905417549359860185e+00
-2.666272414620109443e-01
-1.282051815419812835e+00
-3.209129036314201655e-01
6.800653412885626636e-02
-7.195893714844655564e-01
7.701176955269956048e-01
-9.876685976281931456e-01
-2.054791116770705806e+00
6.133079313670752875e-01
-1.279849664169467882e+00
6.460679143834663352e-01
1.599924648221672019e+00
2.638623808329284337e+00
1.155931938183457630e+00
-1.734005853189011792e-01
-1.403475766233270861e+00
-4.534587412354670888e-01
5.285130754425022837e-02
4.790558918166881175e-01
4.021821471901993600e-02
-3.953320871707812212e-01
3.116469725037870203e-02
-1.064711577838973522e+00
2.591418225178800383e-01
7.754944990777469238e-01
-1.682339166471937153e+00
-1.631321830694901109e+00
1.357853045230817957e-01
-9.609147502774680882e-01
-1.034205119610935419e+00
2.221690395276017416e+00
7.307510753590832353e-01
-1.327078686065982005e+00
-4.801236000021912309e-01
-5.498435747575106669e-01
-6.787719966240617075e-02
7.810481709428149788e-01
1.008056986940635946e+00
-6.641797506363802395e-01
-9.102799461759889521e-01
-9.993531077179257371e-01
6.196200678547667540e-01
1.130582927874977495e+00
1.972500619251845055e+00
7.102475865190915894e-01
1.967859703133982396e+00
2.030888137533679139e+00
6.570630609273501177e-01
-5.201648826676622539e-01
-5.232950199739573316e-01
-2.190962523911072490e-01
1.337005373856151591e+00
-9.880902264764561682e-01
-2.725061476070425925e+00
-1.069743833348334894e+00
-6.580279737363948778e-01
1.587086911140695333e+00
5.706906967236866635e-01
-1.529974200348222624e+00
-7.000793035729330205e-01
-1.903048141649331892e+00
8.024556500287064464e-01
-1.793078833918983817e+00
1.115889951558148629e+00
1.790075813660648441e-01
7.825479660292534723e-01
7.093371641424323082e-01
-6.029834915265417372e-01
-1.175399825529404696e+00
7.041494200265848713e-01
5.387649889862091701e-01
1.270866176247167911e-01
1.374464284210462184e+00
-5.312677699231846962e-01
-2.239223512846398645e+00
8.223001963006073556e-01
-4.252029096334215830e-02
-3.283605274255776418e-01
-5.346751386192502009e-01
-1.889058857380879530e+00
1.126591990653428299e+00
-4.424529591727159317e-01
-4.659886311948769899e-01
-1.034442990979722810e+00
-7.391033874154169514e-02
-3.669962342804986011e-01
8.087838915208794832e-01
-9.593290670198504344e-01
-1.049227340660063845e+00
-1.066412245694055433e-01
-7.916353041445187699e-01
-1.481918957328022257e+00
4.704562562917831703e-01
6.675075579814837567e-01
-1.087737076910868073e+00
-1.548432328430095206e-01
-1.800987804867743236e+00
8.680396062704634486e-02
-7.676537962998276621e-01
1.096825036026516653e-01
5.013191047391009070e-01
-2.607021946167824122e+00
1.076418374329460637e+00
2.030179614009676725e-01
-1.132271182672423881e+00
-3.584282779464481594e-01
-2.285812529651119807e+00
6.850573089950109384e-01
8.639927959824572623e-01
-1.270849342273925542e+00
-1.079263343467887215e-01
-1.054339992913291724e+00
7.531732437062277352e-01
3.256087964540015089e-02
1.562563090069526150e-01
3.515260779789746715e-01
-3.503623862648709841e-01
3.340767301289797597e-01
1.525099954155618720e+00
-6.210432327697803512e-01
2.130785439484192523e+00
-6.681230264558785104e-02
-2.284087135768451959e-01
1.308153713761905701e+00
-1.302545257890211916e+00
-1.218975892353102719e-01
-2.987857423253889033e-01
1.795252031722559982e+00
5.629733515228932950e-01
-2.030243867622860687e-01
-8.044519265062487490e-01
1.196629351252457729e+00
-1.140311379483368581e+00
1.037636413285187187e+00
7.629822241895960477e-01
-8.483808640798252698e-01
5.211382376573262531e-01
-1.220980823325622744e+00
1.652294699780977760e+00
8.304378895773236735e-01
-9.636787282568520796e-01
-3.634366011740639002e-01
-6.209218688675315762e-02
-1.754390066816580829e+00
-6.829897880802904275e-01
4.726431259473440338e-01
3.133100510068020372e-01
1.262541818121321713e+00
1.111939462334695428e+00
3.003249588261766231e-02
-1.790044361855781752e+00
-8.767603948343169473e-02
3.684497313374136551e-01
-6.764739815399172240e-01
-2.357095408872989743e-03
1.570994775132592336e+00
-1.354280667678142480e+00
-8.139908844259282628e-01
-1.241493983752560037e+00
9.327810686592684641e-01
-5.852329845335355607e-01
7.304932790500976436e-01
-3.410161693194060928e-01
-7.224280662186077784e-01
7.199442541432301557e-01
-9.542094255309639950e-01
-1.285400330631734311e+00
1.719921164413097836e+00
-4.111039516500421542e-01
1.449267546328948941e-01
-5.888196114495305444e-01
8.681458269568195218e-01
-1.510228975500615967e+00
-1.239632234581903969e+00
-4.184968327996478887e-01
-1.341456907418594469e+00
-7.176896938864790743e-01
-3.771057299700549259e-01
4.233471347144656671e-01
1.212487991677242416e+00
-6.615271134616409476e-01
3.023865359371486483e-01
-4.608200303128812125e-01
3.489606541251867866e-01
3.811772168353908530e-01
5.914429896026659333e-02
1.839234563411648926e+00
3.360885630179408334e+00
1.053882025891355712e+00
-8.582175526349143935e-01
-1.446443751384029808e+00
4.540474114830755359e-01
-2.138961325435419614e+00
-1.468869189753364113e+00
7.421082007131621916e-01
5.770409750905801383e-02
-1.130672869805589231e+00
-2.018946594746212075e-01
2.037260406276542479e+00
-3.125362067200061489e-01
6.415762480649062072e-01
1.598376564737264971e+00
3.192331264182470679e-02
-3.956868131450252957e-01
-2.310924001656189830e+00
-1.109109015391569031e+00
-6.213528870175019092e-01
-1.308985443105902924e+00
2.679873537862720312e-01
-3.101635084175429803e-03
1.064991884501997443e+00
1.128343625363369962e-01
8.648863446004919631e-01
1.367827752846437095e+00
1.768926168495950912e-01
-1.110127351390526984e+00
4.526651341138352574e-02
-1.116775123208912229e-01
8.659921844739189023e-01
-2.144408873419568484e-01
-3.986184501429349547e-01
-2.902663519125681657e-01
-3.187253386035766856e-03
-1.703862256112383816e-02
1.177704304594516804e+00
-2.328422057388311206e+00
-7.626966794628525781e-01
1.271551580281939264e+00
-2.624037194439847731e+00
1.759452930636234425e-01
1.024438272429892549e-01
9.165008385266742996e-01
-1.106405923864855478e-01
7.677201742985173549e-01
-1.695999204724481846e+00
1.994989195572041574e+00
1.363257209403357928e+00
-4.155965662134027960e-01
7.899737400461054326e-01
-6.378309732010849220e-02
7.541982961998879853e-01
1.847818760409327243e+00
-6.603159498318420528e-01
-1.666038554568977759e+00
-1.611624305987380712e+00
-7.407653290310960426e-01
9.433285081110799331e-01
1.873086415941748406e+00
5.868321222524511827e-01
-5.768171551602430114e-01
2.095912828964504815e+00
8.533848481243347939e-01
-2.052490745132048433e-01
1.570764474113812703e+00
6.768678824753426859e-01
-4.325578601578039528e-01
-1.540548241296759435e-01
1.905310247159162973e+00
2.594608307505053557e-01
-3.837508150217124325e-01
4.914017284090365090e-01
-1.139327582006607997e+00
-1.424552595520623077e+00
2.703100003279240937e+00
-2.096730278337625375e+00
1.943304873424530066e-01
9.841673621802352612e-01
6.924113628690912181e-01
6.636329060973125138e-01
-2.803598663949479972e-02
1.780181550249089417e+00
-1.388151010346182712e+00
-5.092008020633710663e-02
1.800921930221524692e+00
-1.803776884961750260e-01
-1.773167183131407199e-01
6.822561681177324866e-01
-6.003013168788881027e-01
1.665416729460867495e+00
-4.346637579671229767e-01
1.526348231178830117e+00
-8.026366191660977423e-01
3.086449347885295569e-01
-2.068099529332182218e+00
-1.501856172430605652e+00
-7.582563943215603341e-01
-3.155476374904548353e-01
-1.305052232091531872e+00
-1.004743701293344893e+00
8.689948389675789323e-03
-1.634214371477495487e+00
-8.281737248937520723e-01
-1.574260924091371305e-01
1.508816908047947158e-01
6.259701348677531030e-01
-2.483973479285186137e-01
-1.860137365540973642e+00
-6.429748504634278383e-01
2.536298812185268092e-01
1.548953772572054577e+00
2.081259258236333398e+00
-1.144613557018197142e-01
-1.082518929438532007e+00
-7.592453289329931243e-01
7.039334683141283688e-02
1.543918758279724468e+00
-1.428984532662829210e-01
-5.578815514754807969e-01
2.878156539080798382e-01
-1.046005705152515119e+00
9.852353776035794874e-01
4.659222247416363039e-01
8.207380911915519439e-01
1.181782528617448369e+00
1.268018506150416558e+00
-1.443867427999235620e+00
-7.089317471788311176e-01
-7.770388961036073239e-01
-1.160366626954725117e-01
2.189338629169780059e+00
1.009865752050230325e+00
6.868140151727942788e-01
1.327301403111525557e+00
6.886159629321910725e-01
-7.342071742427748182e-01
-2.030797830877042021e+00
-3.897657313862957773e-01
-8.145089894720611845e-01
1.964007995237783966e-01
-9.831351464746673763e-01
4.362441344800959686e-01
-3.618928030778590932e-01
-3.562042011002005126e-01
-5.286455708444761648e-01
-1.073016176386264231e+00
2.073783427425501535e-01
-4.640971083958270738e-01
6.368090890230397871e-01
-4.931749029094197878e-01
-1.803368266812669374e-01
-1.860611033708906126e+00
-4.958132052455255789e-01
-1.340043554230416767e-01
-9.575865992061691756e-01
4.692106803001734883e-01
-1.309852816783727780e+00
-8.509935392521553732e-01
4.967192421134060676e-01
-4.113867382262731964e-01
1.412921973607415005e+00
-8.463890416497764635e-01
8.545736973451938390e-01
-4.175112087915775483e-01
-1.123487480785426262e+00
-1.312331948313047558e+00
-7.328822478032706034e-01
-2.654378221096485579e-01
-3.965358509490555794e-01
6.204211465056693742e-01
-1.585691562254506248e+00
-1.259142459030422601e-01
-3.079932206854564258e-01
1.631163518930663026e+00
-7.088728381208447837e-01
-8.072576674183870038e-01
3.656371011019269313e-01
4.774341281333220333e-01
5.276008323611547368e-01
4.815971905313348178e-01
1.698196187167798910e-01
8.591484480372492405e-02
1.468978790046262750e+00
-2.405151325656878225e-01
-1.241104562334428008e-01
