-4.744612686116360667e-01
6.641849478116130800e-01
-6.182023874600259816e-01
7.388042365954128332e-01
-1.019098346823639201e-01
4.217183260696331093e-01
9.150323581105792581e-01
9.856753468032453114e-02
-2.189318837613927204e-01
5.743300208054935574e-01
-6.775116660787456890e-01
4.137207093258785662e-01
3.790623086687383569e-02
9.028474417700180776e-01
-9.466926143754097467e-01
-2.093514081831728824e-01
-5.134315056602312133e-01
-9.987758826608161833e-02
-8.433585449703306924e-01
9.485353976697958878e-01
9.859548309029146917e-01
-3.377557256954069054e-01
-3.285190983321706337e-01
-3.733876104120950057e-01
8.959245581650920887e-01
-6.056782254974075741e-01
-7.120702733846466792e-01
-2.540239503801406951e-01
1.430512530428262874e-01
-3.736907572397005772e-01
6.149020259618134254e-01
-5.912597515190554098e-01
7.502242267514103169e-01
-3.115549114335958159e-01
-8.492569671704965906e-01
-9.710650829936682271e-01
-5.301659045142761428e-01
1.832058687549416032e-01
1.990608971028819951e-01
-4.692674246706167729e-01
7.748903950388090767e-01
8.604543162090139141e-01
-6.194822596697779904e-01
-2.871056470600887867e-01
8.844085054733836770e-01
-3.216382277494405084e-01
2.850985839727633309e-01
-9.036292058377848324e-01
-4.735590986620807907e-01
5.093386114785602992e-01
-3.610916356979856356e-01
-9.833053904081383578e-01
5.316882651638519253e-01
-3.987942742525723006e-01
-5.591330662802502793e-01
6.413654949351834667e-01
4.387248658168079185e-01
2.350176624171778084e-01
4.098524212173548786e-01
-2.996147057944171799e-01
-5.690193453027700965e-01
-8.238539416997407994e-01
1.440401887094595601e-01
3.094538845598011623e-01
2.344774850268334099e-01
4.066719984684674660e-01
-9.907081689250696321e-02
1.633518733024723613e-01
1.111496401623821573e-01
-5.923041514578231137e-01
1.721281314313636290e-01
8.761707796786613045e-01
-7.843845690414275040e-02
5.757186190097622891e-01
2.259495978854331177e-01
5.025921942501632156e-01
3.047820242204530850e-01
-9.539009256978743245e-01
1.329459142411542061e-01
-9.254215205591738158e-01
-2.357896217816257689e-01
-9.322001240696944357e-01
-4.628653321511433383e-01
6.235554540592398443e-01
2.030073446383253710e-01
2.049224676062606498e-01
2.741408389508166454e-01
9.494200088985125241e-01
2.189070601776303970e-01
5.863213828186368826e-01
3.481411064731871896e-01
-6.670554511807218478e-01
6.671890219276388478e-01
8.166337905472176306e-01
-3.869723443359538440e-01
-9.363223057273550864e-01
9.465294302885844946e-01
7.177334971799493868e-01
-8.564600411811811309e-01
5.951512919552373049e-01
-7.087769609144729532e-01
-6.637411183625692157e-01
-7.938858792299341438e-02
9.813060181642567770e-01
2.263075694198446453e-01
-2.730592789084325123e-01
1.942900905619600049e-01
-4.675599275488586670e-01
2.515880523069027319e-01
-6.692511269322016787e-01
-4.426464043037028340e-01
-9.812667083258539424e-01
-6.505110779610678851e-01
-7.682740794293589914e-01
4.264549255282514828e-01
6.278579563289268251e-01
-6.647867187528446742e-01
-5.258904079445236857e-01
-5.230318716871225071e-01
1.313868361510692750e-01
-2.175969745125705401e-02
6.818357806743702287e-01
2.311703578446244745e-01
-7.871931493708084204e-01
-9.254259383569263253e-01
-2.607311116322927891e-01
2.609033425266371609e-02
3.330572037685497477e-03
7.454698964225896507e-01
-1.198779166157244447e-01
4.245767846657377831e-02
8.865261467921865535e-01
-7.730496849570254181e-01
-4.265616917219701154e-01
1.945628538125947493e-01
-5.696597480851604001e-01
5.516655712368216946e-01
-2.394351752871333172e-01
-7.812860024558818672e-01
-7.142035723105499834e-01
3.810906353863874330e-01
-1.274776676007833842e-01
8.062337095193439218e-01
7.187973679076440359e-01
8.456472549102438396e-01
-6.922752723128102748e-01
-4.512602947937816023e-01
2.380854668110627959e-01
7.626443560906290831e-01
9.247328309297515592e-01
-1.098492095480965158e-01
1.566423684662086036e-01
-2.592597868994750421e-01
-6.614446798108613024e-01
-7.122994021070689907e-01
9.567246422768065361e-01
-2.300521880974406574e-01
-1.219919693419486695e-01
5.777165675367526010e-01
-8.988133402530857907e-01
-3.150806042964608977e-01
6.402176802740695560e-01
7.998938100126427031e-01
4.821859057916884073e-01
-1.718956642294930948e-01
7.751341259341086865e-01
4.823705927930177495e-01
6.144244734544757058e-02
5.385858449927365399e-01
3.963166953853289876e-01
1.813029851110163904e-01
-8.322377796961053509e-01
-9.659669200791463073e-01
-8.134293364234752577e-01
1.732240136677991593e-01
8.010861464785223873e-02
8.834008002562614426e-01
4.781927720737650933e-01
-9.705275650878575355e-02
9.590330124300083803e-01
9.727592549318953008e-01
9.460043538609339553e-01
9.591356880670385276e-01
2.037733586101913019e-01
-1.709254922503178342e-01
-7.192119555484774995e-01
-5.599492569238264661e-01
2.444718057896209107e-01
5.764152296352151872e-01
-9.036965902980300669e-01
6.400874318413087849e-01
5.055231622283928861e-01
-5.910336266206572819e-01
6.145603212258743397e-01
5.640065792926352017e-02
-8.158527804478765688e-02
-2.368053586436353886e-01
-4.305122275620416605e-01
7.597457013665205316e-01
1.223287762425437908e-01
-9.371622411969253719e-01
3.520172092647622097e-01
-6.381794165268985797e-01
-9.940884133021112845e-01
3.155521525494859869e-01
9.947444785226666752e-02
3.264520349525799059e-01
7.002073391804586322e-03
-9.012323784395632753e-01
-5.159775097173078251e-01
-3.344850079825589795e-01
5.213480876372118544e-01
-2.597200866597559887e-02
5.917747853461561292e-01
7.074310394052321094e-01
-4.636846621720105421e-01
1.352161882055824549e-01
3.214627098258138194e-01
-9.550118790790429468e-01
-2.442680644287591463e-01
-3.180988288559587485e-01
7.421157997014851126e-01
3.437785126437864491e-02
9.821562773260583690e-01
-2.930417235453726121e-01
3.441813260480084402e-01
2.596210919827108832e-01
-5.582247013917880363e-01
-7.482550788729946944e-03
4.896883358160968314e-01
2.773742797917120306e-01
9.723787370462293467e-01
7.488963696800856606e-01
6.694522202499211261e-01
-7.072715909639939458e-01
8.045732460773946659e-01
3.356848377956920260e-01
5.261533260008401935e-01
-4.388523480928276932e-01
5.466668260621463382e-01
-1.852711514002747251e-01
1.797761812676419435e-01
9.275037024944381425e-01
3.106977001361055368e-01
6.773177751473871133e-01
6.997846947951735785e-02
5.397330249295166915e-01
4.604368267155394268e-01
2.200321911664890884e-01
-8.318660728932985027e-01
7.408575523399336671e-01
-9.627354963564433987e-01
1.592868917223544400e-01
4.227041354210041568e-01
1.810050732260510831e-01
-8.473546385129926417e-01
3.201608522698962123e-01
-5.348328804148756443e-01
-5.514204138925435927e-01
-1.062239341561082018e-01
-2.763973168328599517e-01
2.227859113618926301e-01
7.611979989809050107e-01
9.628850520773823973e-02
2.962010989669057182e-01
