-7.198498898000222912e-01
-2.244229988747081794e-01
9.905101548076560292e-01
1.318144460190537881e-01
-4.914687725708035693e-01
3.821636875370879594e-01
7.303950916159913653e-01
2.509214841475806423e-01
-1.744628446296476731e-01
3.545870061611533508e-02
-2.256328778988714312e-01
-2.593903603199594343e-01
4.492111689186519818e-01
-4.975124722877897199e-01
-4.873923932004635695e-01
6.390036071700160303e-01
-7.404738905444885333e-01
5.926834525163060530e-01
-7.090747163751343063e-01
-9.059069064517566439e-01
8.268674426427082835e-01
1.813443690558125265e-01
5.923985982055890442e-01
8.301404139596590959e-02
4.600922318537912226e-01
3.763356857455877336e-01
5.424717322729069036e-01
-2.485053611277676655e-01
-2.634468692563605163e-01
3.470878649206492472e-01
5.863890176830817147e-01
-6.396612257758291786e-01
-4.496688307715042132e-01
-5.711550551950557164e-01
-7.213797890469002549e-01
8.617920630346409538e-02
2.949156218139803443e-02
-1.913696052177984441e-01
-6.473361424610544201e-01
2.471878227384807225e-01
-1.776904904928178208e-01
1.582910904810306274e-01
-6.958121378088955034e-02
5.014580452016439427e-01
-4.311007457771582896e-01
5.560195807864214412e-01
-3.385206865541374732e-01
4.477357438601039519e-01
9.925531265668248171e-01
2.008707916255203507e-02
-9.151992551097665185e-02
-3.123058032225591862e-01
3.411844874959537588e-01
-8.529399414454978956e-01
1.679569674588365924e-01
9.247241060661763878e-01
-4.781364307483466636e-01
6.267667087649757551e-01
7.699041591613875468e-01
6.593905793448324726e-01
-6.282544025145779809e-01
-1.248173346888441504e-01
-1.846728453023938066e-01
5.285623324099741893e-02
5.264584278507171700e-01
-6.396239735244844127e-01
2.846188602396291234e-01
7.974511909708552615e-01
1.048029924960824921e-01
-1.381064973816061858e-01
-5.282290736802897069e-01
7.628822188955264316e-02
-3.164254605884739835e-01
6.860876032659026791e-01
-9.323008598816777681e-01
-1.674101171114619202e-01
9.809888839608449373e-02
5.606845908466842054e-01
-3.650863318593171591e-01
3.163566923802485498e-02
-6.906545406762567563e-01
5.832860747618533459e-01
8.000671561780925423e-01
1.753574925294201226e-01
7.050452440080445804e-02
8.825479703059102565e-01
-8.444534903509353096e-01
-2.062909260815350976e-01
-1.192674749945399348e-01
3.674341015347084571e-01
1.043441623226555315e-01
-4.489852766060420386e-02
9.771887024969889701e-01
-9.676298092176691679e-01
-9.098356348211229516e-01
-3.462219957880241505e-01
-7.673707751129552612e-01
-5.092102368009605584e-01
6.354455721906218102e-01
-2.093565621589887904e-02
6.134930091969459376e-02
2.912378544075719944e-01
8.145266044220487167e-01
-9.075252862771663320e-01
-6.907865498627581147e-01
-3.563499487284924605e-01
-9.895407919838974387e-01
-3.360332533054017912e-01
5.539338227280625748e-01
2.071604126711219518e-01
-8.962376438866599404e-01
-6.984726999690926696e-01
9.310972406827735526e-01
-3.081450250319137663e-01
2.935141901309539225e-01
6.355686184950066764e-01
-6.092989953992213881e-01
-2.879387416473029315e-01
-9.359813010121471599e-01
-5.131083845635846519e-01
-1.535189023393956909e-02
2.664238811659340733e-01
7.468740079189348791e-01
-5.735357678664227965e-01
-9.646659973829827539e-01
-7.891259178506142558e-01
3.422661999372611508e-01
5.275071223694192124e-01
3.144288043920677733e-01
-3.671556034891017006e-01
-6.117860156248438042e-01
-5.093053271205003618e-01
5.749820445583944117e-01
-2.347966923282041041e-01
4.864453038029394882e-01
-1.659258560486782663e+00
-1.399379206643591722e-02
9.321689287060828111e-01
-5.762681058530185751e-01
2.417841985093542867e-01
9.242352664211941349e-01
-9.174361462235514075e-01
-9.616872142337959950e-01
2.305752727768253241e-01
-6.980080423135119894e-01
1.358454205064065778e-01
5.501296105207713616e-01
-6.195764007286981290e-01
-7.803130797220194648e-01
-5.438868255385844730e-01
-4.131402671276547256e-01
-8.943167805915732682e-01
-5.924102519073526363e-01
-4.196649636244844661e-01
7.965154470563975408e-01
-3.197020418085996241e-01
2.670948570656932475e-01
1.812163776831765549e-01
2.586357083172199367e-01
8.126279034215229125e-01
4.918048771224330373e-01
-5.205298296115510315e-01
4.383099964049870234e-01
-1.489004595395653219e-01
-2.962555638259558588e-01
-9.071245151208695567e-02
-4.734483465781558209e-02
8.197607102547534996e-01
-4.724565224824455179e-01
8.210579072905488385e-01
6.352420859220762051e-01
5.115263720820515392e-01
-9.129745887594418186e-01
-7.188912113740921761e-01
1.717925249760385853e-01
-5.819370982724025865e-01
3.630825945344779981e-01
-4.417705898420376531e-01
-8.698477046466650542e-01
-7.023186400379435312e-01
8.129105065694084420e-01
-1.156407020695804366e-01
9.155916027299253468e-01
-6.831037200504086471e-02
-3.471645080679277573e-01
1.834820461774619993e-01
-1.770347106252101455e-02
-9.951746580657383490e-02
4.571011031745222386e-01
-1.820089305950793879e+00
1.954704108871418988e-02
2.772316562902832904e-01
6.779633074020132710e-01
-2.685346506459418414e-02
-5.460042689412589745e-01
-5.261404419307915692e-01
-7.173424819835116928e-01
9.063955750209440332e-01
7.548884263228763380e-01
-2.440064668843866524e-01
3.666614779916961275e-01
-7.262774497448227784e-01
1.713666380870553230e-01
-8.735265337307074329e-01
8.218433225538361864e-01
-7.944831640816027996e-01
1.834142427884456195e-01
6.241960859518098648e-01
-3.969112980442186522e-01
1.760155091326174315e-01
9.136206081327994388e-01
6.300698559465236492e-01
2.369102298435270537e-01
1.043322199112601822e-01
3.995811804240070320e-01
-2.913709109237505590e-01
1.776808635207545173e-01
-6.860784068173133576e-01
5.763981342226018878e-01
6.813294151489728279e-01
6.736599080944216666e-02
-7.645317571203631424e-01
-5.841971934894611973e-01
9.564789447321657700e-01
1.290491908542468202e-01
-7.199505363755103193e-01
-4.153470601971748777e-01
-6.293650338215808215e-01
1.361928128273202088e-01
2.652788924937266035e-01
9.156173767573991817e-01
-2.241139827876039714e-01
1.414746390402902287e-01
-3.783405668246974107e-01
5.857131311431209575e-01
-5.326627992460031269e-01
8.870683225992912480e-01
3.240128623980009781e-01
-2.594726757048511079e-01
1.566045747646938047e-02
3.347391439219018494e-01
9.973484669188719121e-01
6.950135795269707373e-01
6.601749357977064747e-01
3.369084857707039804e-01
3.840988181312408045e-01
-8.267959201431301919e-01
8.857165423106501123e-01
-8.669799025351664357e-01
3.539785497906042799e-01
-3.617917734558062648e-02
2.833121251079850911e-01
1.310680043333399825e+00
8.681082422038222113e-02
-8.322470847398084626e-01
-7.415366150785005495e-01
-9.210745582707231538e-01
5.663484745550555477e-01
-9.940303577674567403e-01
-2.834330905663218214e-01
-4.083175016628104448e-01
3.026766036085872802e-01
-6.837381996314877419e-01
9.285457662579175153e-01
-9.134707773267722875e-01
