8.176527682279075560e-01
3.284324352811778702e+00
8.448406264679813038e-01
-6.533263765112021781e-01
-7.666341235567131207e-01
1.645570752089822730e-01
-1.712106229946750879e+00
-3.087957365362464568e+00
7.668416488137373976e-01
-2.837471413906543560e+00
2.653588533051677523e+00
1.057595317363908688e-01
6.436274102749076631e-01
5.952476775177104606e-01
-8.965889363558391389e-01
2.827880570286251061e+00
1.338009303043802944e+00
-7.438341374256289829e-01
-2.079664430502796701e+00
1.865147977372437982e+00
1.305496071726261587e+00
-1.691700930036227790e+00
-1.334666948083353066e+00
-1.611626638279070489e+00
1.513466117711613990e+00
-2.002992079885267174e+00
-1.341798800286960747e+00
4.925159644913461143e+00
-3.427386726605905043e+00
1.465426516168488735e+00
3.093500077753597588e-01
-1.104069220437330356e+00
-1.103079460943652057e+00
-2.255648329437903055e+00
1.417243438306404979e+00
2.313583104713635930e+00
5.847072061181540770e-01
-1.846104278481214278e-02
-1.683312441973441320e-01
-1.986488724080250901e-01
5.125019393898626596e-01
1.314145023158995285e+00
-2.597644682457377563e+00
2.444934718972086696e+00
6.713134797759622296e-01
-3.233485085832392247e+00
2.540007554627804254e+00
5.164337048619662696e-01
-1.985321028941283039e+00
1.830644502921176198e+00
3.523713999733494528e+00
1.708144334574317469e-01
4.794658405244548449e-01
7.168583560777187502e-01
-1.642128140845707573e+00
-2.745487672825293934e+00
-1.693094540535754033e+00
4.801890165311949454e-01
-2.301658514933985766e-01
1.532140883263380271e+00
3.987243623677080850e-02
-2.561778347011851587e-01
-7.697482940302882160e-01
-1.758841554951160013e+00
3.292104927041856754e-01
6.267978632883597356e-02
4.077768847132694496e-01
-1.074231655628632653e+00
3.543310521984658901e-01
-1.136184654649923687e+00
1.141654570051786055e-01
1.503441516006047252e+00
-4.511732368421468298e-01
-8.659405830342404853e-01
2.123249765892926688e-01
-8.267294759776341317e-01
-1.740387454287912972e+00
7.613533365455038560e-02
1.693777267572252887e+00
-8.939070673382676357e-01
-5.857514005312343119e-01
-4.798592638348780914e-02
-1.677985282638896347e+00
-6.148093584464776606e-01
-3.607347218265294364e-01
-1.711359979246381835e+00
2.291782686087880272e+00
1.445357758193847264e+00
8.446629569220408529e-01
-1.103283984111841143e+00
9.137056999587372941e-02
9.576762013095387882e-01
-5.024214571324652212e-01
-7.792629751520677717e-01
-3.963012864327542517e-01
-5.800630157585557889e-01
1.021788960146502001e+00
6.686234011733365179e-01
2.860589962527849472e+00
1.413978298576977988e+00
1.001221625762014122e+00
-2.172634201356596906e-01
1.332312210601063196e+00
-1.060295600883301326e+00
-2.316807658966123507e-01
5.805367540560113504e-02
-1.271780184893596566e+00
-1.148594976957187791e-01
1.281578292223190862e+00
-5.829591664288144570e-02
2.680277414149509596e+00
1.058156623885966985e+00
-3.576239036556965623e+00
-1.038394215008954236e+00
2.626655609048283324e+00
-1.190577306653212375e+00
-2.773418191282723377e+00
4.573634505755035384e+00
-6.532188101089888566e-01
-4.630691852096804340e-01
-3.163887925439701210e-01
1.209023081652109477e+00
3.056391029557068872e+00
1.589604481717713069e+00
1.911853301227195878e+00
-3.254453983425874775e+00
-2.273327406072246093e-01
3.021480480908460553e+00
3.269004867247585766e-01
-1.636638296193731135e+00
-3.320967474279748810e+00
-1.825725412856335217e-01
-4.890908438571706096e-03
4.312653515835049856e-01
-1.700965607094473642e+00
1.312927582059092213e+00
1.075022309869693160e+00
-1.340414601997439892e+00
-4.884228324800399257e-01
-1.479159055040969228e+00
-1.443207334544759357e+00
-1.634060427172121077e+00
1.136865404649473721e+00
1.289172940970948478e+00
-3.469570027868568718e-01
-2.568947892507695840e-01
1.881897036392074507e-01
-1.399421208028475139e-01
-3.199669417626651580e-01
1.410247395783178481e+00
3.597531064467995421e+00
-2.323646990936383716e+00
3.923680916437852217e-01
-9.209227641235246953e-01
9.697882379681186382e-01
-3.860288328201773034e+00
-4.774951477502056840e-01
-9.443414362678101970e-01
-2.472553540032464081e+00
2.023338066302325711e+00
5.991323148719186475e-01
4.394552039210476990e-01
2.047614738267212520e+00
-2.205167916737931222e+00
1.873336295716428790e+00
2.256860694709920401e-01
-2.562015397505939429e+00
-6.816454013223738340e-01
-3.389746593239647554e-01
-1.356168743783233710e+00
1.461933921391567859e+00
-1.094281431628882029e+00
2.370399811825516512e+00
5.794326700828311694e-02
1.080891529682549868e+00
1.895166962815440170e+00
-1.287041531138319650e+00
-1.251789872609040621e+00
1.307312359329475093e+00
-2.178513783362275635e+00
-1.860136730922876680e+00
-8.882714065525977309e-01
2.721174458243422745e-01
-1.846947835042080044e+00
1.068434778065644464e-01
4.817909623808330766e-01
1.748871784351078151e+00
-2.271519100878656161e-01
1.085994051271761851e+00
8.845995150230223647e-02
-3.413742248615592167e-01
-1.466129658850210682e-01
-3.099165561893109100e-01
1.255190532824429273e+00
-2.358428020973195594e-01
8.284567966112765802e-01
-5.912351307723884286e-02
1.336691064875635160e+00
9.626493169443494091e-01
-1.417402087690534440e+00
-8.273173460002257729e-01
-2.246828853507922386e+00
4.716012592742863108e-02
4.393848339722010166e-01
1.249065404195446760e+00
3.696819148534374322e-01
-1.029362804357666805e+00
-1.521400668914534737e+00
-1.476833922213609096e+00
9.195535834228055760e-01
5.935635105733735317e-01
-9.096088305922606088e-01
5.432633239547450810e-01
7.556556139213066459e-02
-1.918469803720541655e+00
-1.881886406843651605e+00
2.219539396256378971e+00
4.172787826597459948e-02
-8.206741234029757415e-04
-6.001376726524646488e-01
-3.875699744506989064e-01
1.947684942167340338e-01
2.209079816285304809e-01
-1.132594622446855825e-01
4.369648412124250703e-01
-4.531012244117895715e-01
-7.012686447522156197e-01
1.346203543120913393e+00
2.752597479998183161e+00
6.704817347576350617e-01
-1.006597997103952702e+00
1.693066904084386870e+00
2.093095253013757429e+00
-9.195477219962534532e-01
-3.221995689139830477e-01
-2.642078646285922705e+00
-1.482828415180049264e+00
1.448519191935165873e-01
5.452951657837726840e-01
-1.525668016532985005e-01
-2.767893544049089716e+00
-2.904141623720682408e-01
-1.316918266800137127e+00
1.155613081541662091e-01
-3.785402082268734425e+00
-2.492380934495841416e+00
7.972816479844770932e-01
2.074565762108062650e+00
8.959955436479776214e-01
-9.367551760595410615e-01
8.371118247687939773e-01
1.061819259458824383e-01
6.810470880240396818e-01
1.701074821118572888e+00
1.477430102924753186e+00
-1.941583162589140432e+00
1.200369052537676451e-01
-2.365558420954277707e+00
1.113109219754622181e+00
9.597834733915483474e-01
-1.748572760071620547e+00
-1.456764075123240687e+00
2.988128894899628740e+00
-4.256625617832632269e-01
1.495335389996875985e+00
