3.684890824739419646e-01
-7.310877271635831676e-01
-4.651285001294036547e-01
5.077045869275897960e-01
6.805725172615169072e-01
7.606465675963620665e-01
-1.606271866536520987e+00
3.979918471770020894e-01
9.581928674548778613e-01
7.052319746957453894e-01
1.810781322882883959e-01
5.202664290230472055e-01
7.133290841977266705e-01
-6.894666816795953501e-01
-5.375636042997213870e-01
-4.047472697841563161e-01
6.745582246914130220e-01
-3.552121017343203846e-01
-9.248429427258031410e-02
-3.435562274997951970e-01
7.665467126878080517e-01
1.398130566103512606e-01
9.124630674660039187e-01
6.397405745087343387e-01
9.865881842077173225e-01
-1.203686605920086805e-01
5.570149993718720438e-01
-9.904268390329957761e-01
-8.168019767739493897e-01
-4.122874376228828353e-01
-1.890419341657330055e-01
-4.313144206686769788e-01
-9.965522079154629509e-01
-5.831641119773129933e-01
-1.038508969404261517e-01
3.337720621632329632e-01
-8.450337184384457689e-01
9.190319729996563325e-01
2.693415756272878880e-01
-4.997815227261621640e-01
7.024048003617011648e-01
3.771774082217169699e-01
-1.065317774096205428e+00
-3.184951973079026555e-01
2.820634616957784502e-01
6.333328333517471709e-01
-2.214726183309434493e-01
7.537368181014088009e-01
2.348606414152825117e-01
-7.853452248300305527e-01
-8.936913681170564061e-01
4.069352076419230357e-03
-3.752693732435257168e-01
4.234467556623652817e-02
-3.550791625970832754e-01
-7.501057838281377510e-01
6.929692833639453653e-01
-9.230647303344046151e-01
-3.385897972245730525e-01
-9.428742226426574113e-01
1.188252235163123949e+00
-9.521654064710172172e-01
-6.412333382266655057e-02
8.679676898239414573e-01
-6.528174090483848113e-01
-9.043607935754376381e-01
-4.622705030289639971e-01
-3.446699833226993803e-01
-3.625614525923275266e-01
-6.091564079641864637e-01
-7.829651208326653400e-01
-4.106060810509166714e-01
1.154004925882814003e+00
-9.171203093038791110e-01
2.386600358765960106e-01
9.382437641958416563e-01
6.314112713106321273e-01
7.748807710998883991e-01
9.202481939525457566e-01
-9.496747007865897761e-01
1.502358054979874291e-01
-5.211003953381763143e-01
-9.469829519977968069e-02
9.895881390733249905e-01
-7.882290154079509836e-01
-1.371372038734968157e-01
9.521745914307795378e-01
-3.003187150684140660e-01
-4.827410342493509976e-01
-2.438292240014350298e-03
-4.975287774970833521e-01
1.602731401243378428e+00
7.074612043606516298e-01
-8.005020148109569522e-01
-2.722852360079566214e-01
-4.218977272800157330e-01
5.651282173350256066e-01
2.491911699430133798e-01
-1.121169526159424557e-01
1.856024946376021445e-01
-4.026020539557706446e-01
-8.684858537494486441e-01
7.789096133931794341e-02
-8.911591551589235216e-01
-4.866471237188387811e-01
2.297594584340612034e-01
2.511078017913225047e+00
-3.920322763920882636e-01
-2.942907776891277027e-01
7.469986924483087432e-01
-2.549992876015754195e-01
5.893000312860048329e-01
4.831074168579179151e-01
-9.799878275856843679e-02
4.462102827836447183e-01
-8.770703743060870305e-01
9.972309748931349471e-01
4.692925463597852342e-02
8.232244693097310329e-01
-2.605460875450165137e-01
-6.518515990040723018e-01
4.083515419232268684e-01
5.209092909564505547e-03
3.192125553602842558e-01
8.795413130887341779e-01
-6.776756835196824369e-01
-8.920830407845579124e-01
3.923413619505838890e-01
4.899953228353759460e-01
3.774754122306432369e-01
3.308558633259202075e-01
-1.512560940448002489e+00
1.411247007932296404e-01
-6.702862922558359138e-01
-2.473434468044997114e-01
1.949818166531989694e-01
8.707368423914410016e-01
-5.040963832699292269e-01
-9.841227982206037783e-01
2.593525870296447433e+00
3.214916647509793446e-01
8.018854811604350097e-01
-8.311974113224935845e-01
5.481019306876067088e-01
2.651165215410700160e-01
-1.547177778921091651e-01
2.422280389437372339e-01
-3.933524687075529158e-01
1.488507046907276976e+00
7.277810866096963149e-01
-8.965794233784627476e-01
4.493545632342215157e-01
1.277348809497398374e-01
-1.403792650807474951e-01
9.615798075895971575e-01
2.797235673285465296e-01
6.966913840030373173e-01
8.442490966386480000e-01
2.630486593039271237e-01
8.697799911505612602e-01
-8.211354638440397924e-01
-6.420535581234997347e-01
-4.620857391280221993e-01
-1.466108618160151256e-01
9.588483019158831056e-01
-7.553209091773942507e-01
3.036995232743531226e-01
1.560028407746834045e-01
6.695479500077736734e-01
-2.335555234773465383e-01
-6.389825200321734844e-01
5.654119469104172957e-01
-2.000404359698664258e+00
2.898311874152370571e-02
9.476924466184062368e-01
4.007171965564368943e-01
9.413080600685790333e-01
-4.356337923393662770e-01
5.681382425163088445e-01
-5.318982863162182717e-01
-6.963956048928838793e-01
9.203403952300750479e-01
-6.033148800121443944e-01
-8.800841039882345562e-02
4.912230324216189103e-01
-3.327521529351771257e-01
-6.552257864948329846e-01
9.457928214475415096e-01
-7.389055791241183613e-01
-2.290671691092041051e-01
4.412802819539840549e-02
7.474434038868695840e-01
-7.874352015521874915e-01
1.567479465440237973e-01
-9.315036732682924203e-01
1.262498229882496048e-01
-1.385509261983465912e+00
3.046642390420934987e-01
-2.609673801277175298e-01
3.514336756609734991e-01
-1.705041060320255708e+00
7.769318285790363099e-01
8.676834548762024646e-01
6.939677816741043337e-01
-6.730777813656463326e-01
8.985694158573709345e-01
-4.438491061628291323e-01
8.208134788615136790e-01
2.900889380272266838e-01
-8.002696918705227702e-01
7.188078410680094343e-01
6.804804664588792740e-01
5.053795538998491210e-01
1.026800507227177750e+00
5.727014494439410797e-01
1.511657333968596806e-01
-6.957996078291939224e-01
5.929721053043075507e-01
-1.014752305775501462e-01
5.456859921442538397e-01
-9.756121550107890172e-01
1.427251585715810567e+00
-4.104709176286436279e-01
-7.176879386757164525e-01
4.466358614699483809e-02
2.244599129186492625e+00
1.377941476442468005e-01
-5.126080590012627169e-01
8.395290872429947981e-01
1.664971675344595337e-01
-8.930974495201784435e-01
2.583927162252581677e-01
-6.688737578050443222e-01
-2.670334450310272167e-01
2.327380076949727261e+00
-9.199827404503955197e-01
1.308214964523015666e-01
-1.400434158448200517e-01
-3.155166292266049499e-01
-4.620585950739313219e-01
2.518078109827885935e-01
1.051869035229331395e-01
-9.581598471169039399e-02
7.789397441130121447e-01
7.448662554942291347e-01
7.621150807687104844e-03
-4.404517690046616529e-02
-1.942071514860093107e-01
5.076293383310361840e-01
8.238915639365664845e-01
-2.903368182970374467e-01
5.944114439240346659e-01
3.595125019581422166e-01
-2.163767767918760576e-01
-1.863471265221720907e+00
8.076669148289300493e-01
-6.816948797336805921e-01
7.133567089574912590e-01
2.455028370500194068e-01
-8.340131137403861139e-01
5.752995109385738992e-01
5.695635557212455069e-01
-3.307554416605462677e-02
-1.074906102476938630e+00
-5.217321807036090497e-01
