-5.719504769694195856e-01
-1.506061169731487182e+00
-6.490746875121868875e-01
-1.149869321213610185e+00
7.682667893904921996e-01
8.983807066279123621e-01
-1.955851341897947071e+00
3.651913052983358776e-01
-3.026898700773890116e-01
-1.905473514658167777e-01
9.467180926991246581e-01
2.542690355357388743e-01
-1.481604085647751035e+00
-3.560241629768209570e+00
3.316952707091774810e-01
1.741546576004795011e+00
-3.257325204401275709e-01
-3.124419667060947869e+00
-1.755679172257406329e+00
1.675459249647512472e+00
-2.076748270706252619e-01
4.655022697061503290e-01
8.053367372227638876e-01
1.138877878355453177e-01
1.477252614610445880e+00
9.102683396839718055e-01
-6.668826809658343624e-01
-3.286909447653107552e+00
2.642716075383137464e-01
1.653842975803035520e+00
-3.196871843368132460e+00
-2.064528685226790561e+00
-1.065854282668424191e-01
6.833435735531908639e-01
1.620074175902027624e-01
-1.688900790390892137e+00
-1.138786183014743325e-01
1.278631670838857648e+00
-1.704357466130594023e+00
-1.375096995998041471e+00
-2.007642130041692674e+00
1.715886752826658812e+00
6.132914786255995176e-01
-2.165236777375992572e-01
-1.284500099582148946e+00
-2.603066499725308347e+00
3.098758715269900321e-01
-2.079594206752439778e+00
-4.800380362612717278e-01
-1.681607672729460212e+00
-2.143652888645195542e+00
-2.631375095160915834e+00
3.161265649286767232e+00
-2.683780334610891272e-01
-7.099181441898557710e-01
5.190123291938832928e-01
-4.204916051254338205e-01
-1.940591521081461490e+00
-9.210953755561046563e-01
-6.284482579550459969e-01
3.644895524547404064e-01
3.880652813119880862e-01
-1.046535399042362480e+00
-2.925712588188113528e-01
1.155346753364054901e+00
5.398381141776278369e-01
6.492687445992828543e-02
3.987615882026153691e-01
-8.893472561247114383e-01
4.780154137263893377e-01
3.437557850762773093e+00
1.818639416298917233e+00
2.497046827519160406e-01
6.909046703047081461e-01
-1.157154284110236020e+00
4.014886844493902318e-01
1.340064720958687117e+00
1.525944385074432530e+00
-2.261572289423190441e+00
1.214114673380843001e+00
-1.430120026454755777e+00
-6.490315299119023829e-01
-5.776292789424056773e-01
1.725814378531141280e+00
7.535583182488908571e-01
6.078022810648775476e-02
2.161725751829752795e+00
1.494853127723562602e+00
1.565488822122176327e+00
3.152735526683676071e+00
-5.367704070520817883e-01
1.025023643346452351e+00
-6.711259040620795036e-01
-3.518062850907560657e-02
1.220281004343165110e+00
1.637029949235875026e-01
2.786783961293058276e+00
-4.459627695297367356e-01
-1.223410617854012949e+00
1.988707992467670493e+00
1.765940270798452838e-01
7.060181489656464082e-01
-1.968049891192179768e+00
1.505526919465019153e+00
1.174457796581329427e+00
3.049941061430661016e-02
-1.361566228686931446e+00
8.967776136212372018e-01
2.003537455428065162e+00
-1.606909183854751788e+00
8.927908072054685507e-01
5.620425969394959864e-01
-4.970320673621111962e-02
1.881094479874176884e+00
1.549420687152589737e+00
6.462021058395529816e-02
-1.679030018022935611e+00
3.874397669633730112e-01
-5.817144968657994575e-01
-2.668377930510910656e-01
-5.344311028222895610e-01
-1.303230505326192779e+00
1.112818568157811550e+00
-3.201301057400340877e-02
3.892525452657858431e-01
-9.485773209164172215e-01
6.121200877571538745e-01
-4.931370437101088577e-01
1.503969740517780096e+00
2.661746811104417909e-01
-4.557250606197749132e-01
1.214249074273285212e+00
2.791955776774729947e-01
3.342504337759044653e-02
1.226237049641662802e+00
4.802751732367545046e-01
-1.641633137580915447e+00
3.079285466488700385e-01
7.063204542839468525e-02
8.388149807759561760e-01
-1.778233364552630702e+00
7.769776354120043749e-01
2.559925592922180360e-01
5.993021645109751494e-02
-1.326958185457930206e+00
1.194676030639674646e+00
1.100295155342558395e+00
2.782299981843515013e+00
-1.615273874319053116e-01
-2.818707165213533372e+00
2.658914435700262757e+00
1.368345952631327966e-01
-8.610730964122653708e-02
1.528247639175688510e+00
2.784684426109106159e+00
-4.185070754216039246e-01
3.346643568468569141e-01
-1.402860193810921086e+00
-1.320185900044612559e+00
2.331232537917159675e+00
1.265537010884599134e+00
-1.894613924826573426e+00
-2.816910104426733064e+00
-2.417254022485300524e+00
2.340694708122234236e+00
-3.274681492566893781e-01
9.443912093723518808e-01
1.221270032950971141e+00
1.868588540063103709e+00
9.352956475886520238e-01
3.201835690462412121e+00
1.783692923497058214e+00
1.577919412541340272e+00
9.275405471772968369e-02
-6.564637889548856353e-02
-4.418022124708980702e-01
-1.982751585043923015e+00
-1.318771378004640837e+00
7.498312287031116963e-01
1.232012773552645823e+00
1.339659281561927706e+00
2.538670525463667116e-01
4.521617516030234096e-01
1.669551202392041356e+00
1.751831953574498058e-01
4.199197003274465767e-01
3.475727902032460515e-01
1.756912459117691894e+00
2.068879947853740076e-01
1.000000000000000000e+00
1.881094479874176884e+00
