5.218932004361124255e-01
7.938053328584834256e-01
6.684981470719255636e-01
-2.181039272682439301e-01
6.825829817425899115e-02
7.843679436199957333e-02
-1.262329348646721305e-01
4.907992443307787056e-01
-2.808723207453276971e-01
3.752040720777126137e-01
5.499245330653371733e-01
6.332197821341367661e-01
1.326738869676551857e+00
6.034419919719185010e-01
9.233317692408559152e-01
4.287469505588232255e-01
-9.770916083239227223e-01
1.155621796428781600e+00
1.887636040713529528e+00
-1.134340440240968917e+00
8.748462697341596872e-01
9.495141209003734595e-01
1.141286232206625506e+00
3.790476235586842102e-01
1.069534423110582999e+00
-9.019834219470195258e-01
-1.908700346996388408e-01
-1.418962382501427033e+00
4.031436430297117846e-01
-6.734701702435441639e-02
-8.526607182803441765e-02
1.145920559452740517e-01
1.266531727291251297e+00
1.827021676497928571e+00
5.378327644906175653e-01
7.849428175608206271e-01
-1.306435005408552952e+00
-3.763448714604805678e-01
-9.229039425964536969e-01
-4.703365966198828629e-01
1.719629264954907866e+00
1.983872519187578121e+00
-9.086873787953390069e-01
-1.027556999773875379e-01
-1.289095228383632108e+00
2.208301804696628956e+00
-1.254184183107754702e+00
2.185835619523627538e-01
-8.491373218390027011e-01
6.812620621504591467e-01
1.298599673417228040e+00
1.490572829468111982e+00
-6.611948611811716559e-01
-8.020124996066689826e-01
-2.142113644660972316e+00
2.998311470025417647e-01
1.713093484647416065e-01
-1.498518775626702659e+00
-3.353626572215135382e-01
-5.005521706209614674e-02
5.866500812143194965e-01
-3.469182553928855661e-01
4.005313030018001763e-01
-1.092851787251366336e+00
2.070198828936936408e+00
-1.398956492301165921e+00
1.016225684739253898e+00
-3.013550596066426057e-01
-1.119006871006372528e+00
1.103070780555099328e-01
-4.654190297867687454e-01
1.993374809992662477e+00
2.967596435137216382e-01
-2.226159697624875977e-01
-1.254772611478220723e+00
-5.319588646752357874e-01
-4.044679072181078805e-01
-4.977559148895427943e-01
-2.473678699605666997e-01
1.505291272181132678e+00
6.549845364874218312e-01
6.121154402712737364e-01
-4.391135599226347330e-01
7.916662652789771548e-02
-3.159155809867319475e-01
6.644120881187248751e-01
1.555027919010179005e-01
-4.227358133066465573e-01
2.064596858849909733e-02
3.601219350141166009e-01
8.819962971178181288e-01
1.017737760689839455e+00
-4.812541345649372637e-01
-3.979516254112562268e-01
3.622048410072239433e-01
-1.515707699235388839e+00
-7.770111844669489454e-01
-7.775417040748138220e-01
3.472884503972559211e-01
3.685304952171952753e-03
-1.278532188781825729e-01
3.432290500964100266e-01
1.055462264672727635e+00
-1.319996255506985738e+00
1.181647250296619767e+00
-1.128883008839804525e+00
-2.568877006803436114e-01
1.447703819937300018e+00
6.568214460770072094e-02
-6.153150085714380602e-01
3.315699787690123967e-01
-1.276901304412395133e+00
1.039977994007608708e-01
-5.942510322732474926e-02
1.515348129228943908e-02
1.077869388725130051e+00
1.074497457431240754e-01
-2.021788698591896694e+00
3.451682927680905233e-01
1.635180311000592690e+00
-1.336337486879823233e+00
-8.071147476118144537e-01
-9.623120257594073301e-01
1.307964600546677181e-01
-1.203863260993605300e+00
-1.064297174042428518e+00
-2.664964642356921209e-01
-3.279419216751294774e-02
-1.373828899596043041e+00
-1.517704568936397935e+00
6.132744662660671864e-03
3.700624630065159071e-01
-1.027987521351941824e+00
-2.474697499469103446e-01
-1.638536107541147535e+00
2.742766249469970607e-01
-1.951144746750310965e-01
5.377559733224330785e-01
-2.688167552410006822e-01
-1.063626362941419323e+00
-8.220855919470144713e-01
5.004924797223581079e-01
2.351731118483996741e-01
-3.454322960734118597e-01
4.840120180276099027e-01
8.179620371979067217e-01
-1.302863995532010932e-01
2.359586910837621343e-01
1.517826781178479578e+00
-2.987931694260823057e-01
1.384643253410264840e+00
-9.646550802289147741e-01
-1.371585669119591788e+00
1.557734137752166070e+00
-4.668372469069798081e-01
-1.109716270274617500e+00
-1.529977817524407868e+00
-6.216082976190993037e-01
6.813896698967684129e-01
-1.132014569304246737e-01
1.282106574323886028e-01
-1.067911390784772152e+00
-7.944785959381740481e-01
-2.333081613241156371e-01
3.603939634006355086e-01
-3.536950700006615822e-01
-1.805279842074070107e-01
-2.790023748527479253e-01
-3.677781160606167776e-01
-3.614176460124122747e-01
4.235780814257052995e-01
1.053677842274254983e+00
8.638844504496471233e-01
3.178338856530469325e-01
-1.151165194564016669e+00
1.436875682230205120e+00
-7.889180192960818516e-01
4.329988427642370019e-02
1.942408039254487073e-01
8.760005757145954419e-01
-1.540202000459773846e-01
-2.360662313142045665e+00
-9.210209115516898581e-03
-2.345675209787481119e-01
6.621719123967838572e-01
-4.799485493127236824e-02
-6.718266610360537072e-01
6.907453922744765107e-01
1.838203422864299830e+00
8.430613389181168538e-01
-3.693808834597234192e-02
8.225214574292580849e-01
-1.390497886062485922e+00
9.106777235649873292e-01
-2.873471593050628270e-01
-3.981536373786723204e-02
-6.809440710250278528e-01
-4.914367366177256891e-01
-2.098712356525189171e-01
-7.765493456592043042e-01
-5.365220458455521868e-01
1.490771219357415855e+00
-8.458942971823446566e-01
9.100450150436296681e-01
-1.474937480849896509e+00
-1.933015935399745033e-01
6.418497908005605934e-01
4.059057846656386470e-01
3.450174054815844382e-01
1.202470278315380670e+00
-1.355010785249563421e+00
-5.288689791448936139e-02
9.861792029008700222e-01
-6.056734395109462099e-01
-5.415570136946268320e-01
-1.316744255005418474e+00
1.560926154375883723e-01
9.743883745855430600e-01
9.700727773620053673e-01
1.240248416690514777e-01
-1.159049477861381905e-01
-1.711895478299275131e-01
-2.018902640945117177e-01
8.101084389154769028e-01
-1.774540378156556297e+00
7.892446568634823301e-01
-1.060556259038977878e+00
2.601168231344571091e-01
-5.507369426924965117e-01
1.043914041625548350e+00
-4.643833206766737054e-01
-1.309180454005967276e+00
5.577612702188038396e-01
-6.554564348137058571e-01
-9.375078278985304880e-02
-7.476862217175620495e-01
1.870109275028422058e-01
1.083482072133149510e+00
4.711141721142578787e-01
4.780632044510836898e-01
-2.918649927412640954e-01
7.112790130146975365e-01
6.523332296675057318e-01
2.069017798370511585e+00
-3.521724747519672238e-01
-6.593725267405399215e-01
-9.104552086689936541e-01
-2.772865999397933212e-01
1.740451383315801404e-01
-1.048570890674892286e+00
-7.669028608025983962e-01
-2.379260933669664346e-01
2.818636174044104603e-01
-8.035630116355216845e-01
1.345797418956529157e+00
8.228706533529962508e-01
-1.420070197849709670e+00
2.019427331843167694e-01
1.645921314148497960e-01
1.670923745328312116e-02
-6.767850883288695218e-01
1.141330736811337010e+00
-1.649207617721787367e-01
2.116627919778220512e+00
-1.711084572229087497e+00
