6.754411609503949698e-01
1.057587189204557965e-01
5.059637826682535922e-01
-4.237158394661395544e-01
-6.423386476397681122e-01
3.243840959711413174e-01
8.479354612857176177e-01
-6.488800076264178429e-04
1.921637042160672326e+00
4.349703047379308019e-01
1.052838757519936053e-03
-9.099771002875473025e-01
-2.979126733172119845e+00
-1.570904543362155792e+00
-1.895900211856945017e+00
-3.231388118324707848e-01
-1.486982942945193731e+00
-7.020704704043796429e-01
-1.103521084952143738e+00
-1.086994528118114811e+00
1.942283418861887601e-01
2.371228421747255233e+00
1.710333238268795908e+00
-1.211861156890910785e+00
-1.243050697259293069e-02
1.526232552519936059e+00
-5.144331197687156410e-01
-1.470967837252410204e+00
1.600197728957877930e+00
3.448619635670449601e-01
1.554747151277112494e+00
-1.093482677996739039e+00
-1.404656775184697226e-01
-6.724505943059680968e-01
-1.131580708254639855e+00
6.446563258993500689e-01
-2.448789146879829737e+00
2.508461777596742159e-01
1.519494474262170325e+00
1.712862008513840628e+00
7.529579793601249849e-01
-4.969936041143094840e-01
5.870543632679072754e-01
-1.766616193745317753e+00
3.654566712528260486e-01
2.222718055727221032e+00
-1.950816129939753063e-01
-8.024328897280686990e-01
-5.563029392688195740e-01
-5.682562003689565211e-01
-1.685506874186161852e+00
1.225883867532169713e+00
-3.845156432159816950e-01
-2.387902404475241269e+00
1.145716953968800578e+00
-2.442404863834730100e-01
-9.555807860646772234e-01
1.499410324798184369e-01
-4.718938101596699131e-01
-2.036693504850250469e-01
-1.939504748375975307e-01
-6.522699883390892239e-02
2.065078420767879619e-01
-7.172769870948166870e-01
-6.126876537140966139e-01
1.235074827691813537e+00
-1.138404858959006560e+00
-6.104719720682290074e-01
-5.705457366137867137e-01
2.322404348119944117e-02
4.122602136924629068e-01
-3.701627171236337333e+00
1.548943879842215932e+00
2.841819496224876618e-01
-1.296716432253820273e+00
7.716335424501823415e-01
-1.700951933978616992e+00
8.873357016536154163e-02
4.835184833521513625e-02
-3.414977818623360584e+00
-1.106282398989320237e+00
3.447957388285980418e+00
9.123972596787447431e-01
6.503696051649222598e-01
-9.793288012163693379e-01
-1.802845928933075603e+00
2.190603718960647539e-01
2.642643527438547579e+00
1.926728095954656217e-01
1.112787669454568862e+00
5.728266716689189852e-02
1.097887790334004521e+00
2.625822397164395916e+00
1.200167757792054424e+00
4.462981777861378396e-01
-8.023639860788035483e-01
-1.251157935928869092e-01
1.090783062021506433e+00
2.151372410628283660e+00
2.250129110690574308e+00
-1.193092242630596100e+00
7.012702730215039093e-01
2.599039495272457589e+00
6.768077492289126251e-01
-4.785372711640228927e-03
4.607361306315578275e-01
2.054918525707717103e-01
-9.384893195700247936e-01
3.318704001915999680e-01
-2.481071424944359394e-01
-1.552729049682706863e+00
7.518042046703071746e-01
-2.343690322579452090e+00
2.346945797359067942e-01
7.579179325410784207e-01
-2.528813079989031265e-01
2.522143675589314515e-01
-1.458438757213178061e+00
6.056715135340012823e-01
-1.731404503087589308e+00
-8.801299803639652808e-01
-9.956129637017090417e-01
5.698036317045422905e-01
8.477041800406982519e-01
-6.716832042597950525e-02
-1.732409394593886320e+00
-5.808969156633341235e-01
-9.425858162807705387e-01
-1.053807039334124784e+00
2.235639490284358821e+00
1.544754466553725503e-01
-1.924230266747035678e+00
1.006871496556323020e+00
-5.722481184651215802e-01
2.753778893288332252e+00
-4.765187007525151230e-03
-2.942601441425342079e-01
-1.417499976846137821e+00
2.956877571108939562e-01
-1.130508142311898029e-01
-6.932234675352757503e-01
-6.294620074526484643e-01
1.339914844159732166e+00
2.915147573129534653e+00
-1.334002156037991771e+00
-8.538324812340813974e-01
-2.195218859168817982e+00
2.826563723196058309e+00
3.292922081129399103e+00
3.018217434151079237e-01
1.710040408514290844e+00
-6.503806716043183389e-01
1.901411429239761919e+00
-1.185871238021908081e+00
-2.033899589195607760e+00
-2.507631396634085741e-01
1.041845065945518511e+00
-2.153627170723658502e+00
1.552474586307120985e+00
1.948347978661699287e+00
7.119517089513067720e-01
9.410548951510872007e-01
1.589162035355555780e+00
