2.515604311439350482e+00
-3.747883555385442822e+00
2.271207331061063373e-01
-3.283805474470582020e+00
1.354161520292053167e+00
2.425659514867141375e+00
7.490277163322847098e-01
-1.894742683751779566e+00
-4.155956103654782297e+00
3.317130153769854428e-01
1.724638102720975175e+00
6.453717514816538214e-01
-2.978549208377504698e+00
1.394325043154498678e+00
-3.258520473739293100e-01
1.721422525470426290e-01
1.320892525562089803e+00
7.204564068922709730e-01
7.752138297424637781e-02
-7.052342376700573290e-01
-5.802640218855467102e-01
-9.159170577094798427e-01
-1.807290913182635350e+00
-1.313054127793489734e+00
-6.473092284603323421e-01
1.674065663100875456e+00
3.467613499280759015e+00
-9.222924081682996045e-01
-1.720077154708569145e+00
1.574696038490063010e+00
4.079235362676493004e+00
-4.900442752371222399e-01
1.343372836310362306e+00
-1.734203906826818908e+00
-3.251931761675370680e-01
-1.278489533200144024e+00
1.741972656566883160e+00
2.795818887541359210e-01
4.807608962508942430e-01
1.253230707825744750e+00
-1.785733481778069454e+00
-2.386645518943618427e+00
4.525206937737635826e-01
-6.839477646646470177e-01
1.787582344336368756e+00
-1.849064698164019305e+00
7.231645156593192736e-01
-5.519988146220320413e-01
1.524981074608943610e+00
-2.777974958882149625e+00
7.377393236422646883e-02
2.210979084834000741e+00
-1.904642263947686764e-01
2.849113699264377075e+00
-1.572779825079634541e+00
-1.085036899701042890e-01
-6.958461897675696228e-01
3.729125428565876810e+00
7.422743455121738609e-01
-8.509985984713099860e-01
-2.452664699195560072e+00
-1.218442076319078637e+00
-2.591814307120293037e+00
-2.086096247534266368e+00
-1.429177685795241848e+00
-1.999090714459382800e-01
2.170111755557610600e+00
-1.475450256118866044e+00
3.324746358965922077e+00
9.432003546202002431e-01
-2.194619287159225440e-01
2.847147803169657987e+00
-4.075336549181630685e-01
-1.531152579398964209e+00
2.476907514604700378e+00
4.295758733543462715e-01
-1.231708511338245882e-01
3.495780268277553837e+00
1.428782452769571387e-01
7.003633502946736700e-01
6.731312822077382130e-01
8.589303576692608466e-02
-1.253864547410083574e+00
1.936408769082009318e+00
-4.875788776435218130e-01
-1.451516793090881219e+00
5.472167881261271738e-01
1.104534361140452559e+00
-1.146517340381328243e+00
6.626283716611061081e-01
6.450741568692580641e-01
-1.702010588465502905e-01
-1.592573345257309869e+00
-1.619776265581389207e+00
3.520537621942352313e-01
1.330285465855883142e+00
-9.475251038086285327e-02
7.487744648688944293e-01
-1.223796232687243579e+00
-1.494241669580231857e-02
-9.528542297345949930e-01
-4.878543497996343237e-01
-2.598696935174872991e+00
-1.382373055687447838e+00
1.039166528102581033e+00
-3.533784576008400791e+00
-2.406799686993292831e+00
2.748521085128897479e+00
5.765163823769207108e-01
-3.110361230144414346e+00
3.573946122023878402e+00
1.746701278469151131e+00
-1.573457418591328594e+00
1.381742394768374682e+00
-4.256583121584232021e-01
8.523593988631112950e-01
1.801503017180594579e+00
-2.376669379571224816e+00
-1.092195021988181525e+00
1.156748583689906296e+00
-3.751460071576124822e-01
1.194821690094361788e+00
-4.258082980707286747e-01
5.807313227986958815e-01
-1.427564797139580177e+00
-1.222579369033947039e+00
-1.793988523104389721e+00
1.704762348402207639e+00
1.575665215969566546e+00
1.975420658701851906e-01
-3.867595660459089979e-01
-4.081745009003761027e-01
1.735565207761108120e+00
-1.398662512547274028e+00
1.805576802611112308e+00
4.685966575750048491e-01
2.290539296049371565e+00
4.366336345560553056e+00
-2.471694424203816354e-01
-1.541448903611064347e+00
4.830660784068558478e+00
9.155652516143266695e-01
-1.505457439039428635e+00
1.112706462464780444e+00
-2.676781738969689073e+00
-1.590085487584197432e+00
1.913142877508675177e+00
2.203121710248589160e+00
8.862168958188876289e-02
-1.597838483422607259e-01
-7.104444825467289837e-01
1.313883226970865348e+00
7.740157193856379569e-01
7.837471762914768325e-01
-1.528834135052214993e+00
-1.291949994763188281e+00
-3.651325600616264211e+00
-1.152804580056751016e+00
-1.745693488345039235e+00
-2.252560476404795509e+00
-6.201972481883432087e-01
2.214315276751853689e-01
1.007135121062104455e+00
1.010307133702866622e+00
2.743760329840251866e-01
-1.003708042334268580e+00
4.572146024163912248e-01
4.089851143554294133e+00
2.143441054237454624e-01
6.600923483255664026e-01
-1.246234151840238891e+00
3.196732659369009855e-01
-1.105932220388491816e+00
1.496281749138443917e+00
-2.148347911957274370e+00
-3.267347952383499621e+00
3.138715024898979689e+00
-2.420242368029036917e-01
7.638948054735932303e-01
-1.975836825544323494e+00
-2.700683483522851702e+00
1.807588577434287247e+00
2.069067885623789849e+00
4.410141918708214703e-01
-6.248336143261572495e-01
-4.464172536700283800e-03
-9.649933213701944457e-01
-7.603828391185096791e-02
2.020734908277670439e-01
3.467358375956404171e-01
-6.268665221576679158e-01
4.079644504603630040e-01
-8.584824691978245603e-01
2.962365322747612328e+00
-8.395562632246973411e-01
-8.118539888833274931e-01
-2.444253394337873253e+00
3.255903741279245756e-01
5.858399777635781014e-02
2.538095743974506657e+00
-1.599665293532902766e+00
1.228893591756697212e+00
2.130000989492618402e+00
2.834121748978343236e-01
2.319564273075360283e+00
8.804633801817980387e-01
-5.534740538941409493e-01
-5.958117453148850107e-01
1.310708567498958477e+00
5.222819467531941706e-01
-6.480653102256543896e-01
2.021769215805000464e+00
1.301230648191013195e+00
2.598611252626100931e+00
-2.075433356765227444e+00
-1.539411465426913317e+00
-2.168205590892855028e+00
7.680851503741031872e-01
2.133136332082374853e-01
1.183103118054183334e+00
-2.761808322857124409e+00
8.744351299605559458e-01
8.396595918238719536e-01
3.796216729810174773e+00
3.626957099000836848e+00
-2.900052879413161921e+00
-1.115659877596524296e+00
1.589432138158566099e+00
3.029507446605230747e+00
-3.966498326189215273e+00
-1.449144743915856237e+00
-3.874971631264658711e+00
-3.292734994830455619e+00
-4.233685213650856261e-01
3.559801129820543864e+00
5.977294887935750145e-01
-7.352475721472244707e-01
9.491737807346678490e-02
2.337439440228956222e+00
-2.648776712033233949e+00
-1.198652877136244577e+00
1.894093965872974517e+00
2.334329305115934616e+00
-1.786074775889131550e+00
-9.313983659510660651e-02
2.140782326336365671e+00
-6.094032307761674261e+00
1.411163697768385461e+00
6.796697685435713066e-01
-1.718121049032697467e+00
-2.333196981316489893e+00
-2.563560334500502691e+00
-1.430223115043807169e+00
9.053619962836796375e-01
-1.793955556156955122e+00
-1.220974907719439839e+00
-4.292814318834894394e+00
-1.246412966312727688e+00
1.163926054634374152e+00
-1.779436679567019786e+00
-2.496837014461440241e+00
-1.081072863345966972e+00
-1.488931942964952349e+00
-1.252178302004941235e-01
-4.788723291969834150e-01
