1.814782562270959687e+00
8.170787184706462813e-02
8.982321759535778494e-01
-5.150353589932410436e-02
-4.735680749921405419e-01
3.080798856387118256e+00
5.443674053840681371e-01
8.747706042565281948e-01
-2.307337693553582481e-01
2.816413449890135645e+00
-6.243170582382095990e-01
1.886588827045374561e-01
-4.327112389249639368e-01
-9.155047590894814791e-01
1.156206109620397715e+00
-2.747159808090706701e-01
1.550924273868613312e+00
-2.024222656989761671e+00
-1.784057009427024054e+00
-2.792615074316540991e+00
5.399195291773860594e-01
4.320054093289737440e-01
-1.928808436472760901e+00
1.449232007912115261e+00
-3.335731229300511469e-01
6.935434415544003972e-01
-6.577614805724801839e-01
-8.960902635913506886e-01
-6.911542613993585382e-01
-3.994270576897317460e-01
-5.150592389747680189e-01
9.674563107755345115e-01
1.470940429324375076e+00
-3.081325299272302143e+00
2.858405327329873735e-01
-3.904573896465712290e-01
-6.756553583523936535e-01
-7.391929268812005294e-01
-5.670321633001003114e-01
-1.362323522334941028e+00
-3.365435506828732493e+00
-1.592111957344813089e-01
2.753945352590893014e-01
-5.550303284173462304e-01
1.147080224050678554e+00
-1.729973537898398916e+00
-1.695284382341524454e+00
9.946218236604658092e-01
2.627160300629827749e-01
-2.758627922464380183e-02
-2.852440678806049679e-01
1.313558522957879227e+00
-7.971472911267205030e-02
8.863238493818414998e-01
-7.459422815308895671e-02
-2.858888482465739012e-01
6.753602353655717705e-01
-1.067099173061939688e+00
1.316803950971628667e-01
-8.758424875247808883e-01
-1.702613184800100488e+00
1.229044518901283745e+00
1.595828018801404014e+00
5.696765943832124979e-01
-3.088026141463859897e-01
-4.241925454620998348e-01
1.512614825265451213e+00
-9.735740620098845000e-01
-4.522593403064439910e-01
1.684512648993861106e-01
-2.416660825254668687e-01
-8.463899219721865430e-01
-1.373843728248249185e+00
9.040409126441303345e-01
-4.432008916827450129e-01
2.201352329395761531e-01
8.864695795888495322e-01
-6.652449873490866583e-01
-2.692838515828243490e-02
2.574408933689092960e-02
-2.230235668437320129e+00
6.660744439405490436e-01
-1.124845871060313751e-01
-1.808353255221480715e+00
-5.661339656364380302e-01
-4.422271697212583619e-01
4.934797695850481336e-01
-1.150486560380195700e+00
8.201820454444468389e-01
-9.914071709534348908e-01
9.279695595710281131e-01
2.585210349949087494e+00
-2.154369149587193610e-01
-1.161954407967681902e-01
1.822988520986120187e-01
-1.266593679861875987e+00
-6.426727146136815838e-01
4.149824734054142761e-01
-4.654141657638085627e-01
1.489133700215743650e+00
-7.075202154935777976e-01
-5.320342517714884423e-01
-1.692787590142406096e-01
-1.974879732628044504e+00
-1.624780992423439763e+00
-1.192678001622128559e+00
-5.337658293757896466e-02
-3.806926809930483158e-01
-1.039335255036222927e+00
-2.645055405452610975e-01
1.061071163200874690e+00
-2.861477988304302666e+00
-1.558609410085551650e+00
1.747709757267673636e-01
-3.043253228479980144e-01
-8.224782035774075295e-01
-1.200778325935201174e+00
6.870716016557549821e-01
-9.937329825576790565e-01
1.545868362922750983e+00
9.045628910147022195e-01
-1.039243510262592318e+00
8.511570636541525570e-01
5.513801028076207311e-01
1.127959822867167894e+00
-1.330029146206837209e+00
1.722074012071324045e+00
2.062041507407343932e+00
1.420597787487377417e+00
1.004714551840261816e+00
-5.647180881861572077e-01
1.471220007922602546e+00
-1.872026057552396816e+00
-3.835290474320283138e-01
-2.064648739526252497e-01
2.899902580170317989e+00
3.788967950540870211e-01
-2.150791075034385713e+00
8.648554534635814750e-02
1.074587737606332027e-01
2.275722504987803152e+00
-1.460670685539072533e+00
-6.015698913785975099e-01
1.384995391400515530e+00
-1.358344408999587194e-01
1.167067412048626407e+00
-4.771500804734576939e-01
-4.104514499454358090e-01
-4.545479119175954708e-01
1.896535407017631680e+00
2.716914107309345017e+00
8.378883116741006054e-01
8.681606658828112666e-01
1.270235462284682315e+00
3.263796318946366792e+00
1.296295993053908413e+00
8.983499956728122626e-01
1.410372719251019591e+00
4.252511253462364915e-01
2.010409233961689135e-01
-2.271216353141345845e+00
2.065041827555396114e+00
1.185570109474632372e-01
8.654401326349228096e-01
-4.576569511487787456e-01
-9.876896710122308187e-01
-4.149226283141390637e-01
6.769126890842910305e-01
-1.486827690862820184e+00
9.414703632718117721e-01
9.318348519041327327e-01
-3.899791661523303699e+00
-1.542779525554796471e+00
-1.610803047932235277e+00
-1.021526706320031730e-01
1.982039207246489187e+00
-2.777723148373305584e+00
2.055832364045387273e+00
1.465569054689686235e+00
1.994402400628559890e+00
-3.411432516881764410e-01
3.065653375377563439e+00
2.968806754365481693e-01
-7.025488574045889445e-01
-9.107546558589212360e-01
1.672304415941949340e+00
-3.520523931297486753e-01
-1.617604523445947962e-03
3.843158095297955490e-01
-2.729589763380229073e-01
4.828574373551556276e-01
-1.182669320320725248e+00
-1.220405985334706900e+00
-1.409695798772100828e+00
-7.001933395244905323e-02
-7.726029216505406749e-01
-2.885459722798088267e-01
-1.719276512546708879e+00
8.818512522448740398e-01
9.563424511696458907e-01
1.428333106793880036e+00
-2.677002686417498722e+00
5.324798791655764862e-01
1.172109533067415388e+00
1.854437363595919264e+00
1.440490723904389814e+00
2.186820248220714191e+00
1.060517672829053293e+00
-1.125417186429387373e+00
1.462613148006813857e-02
-2.502222473444239537e+00
-6.766890958102100839e-01
2.970149935098839844e+00
1.550191414242206189e+00
-4.699080522493365719e-01
-1.475805772767531776e+00
-4.567507099616147093e-01
-2.471104386699802813e-01
3.867069082347068587e+00
1.498919418692397310e+00
1.040655924329892734e+00
5.113947985944058416e-01
1.161294245967674055e+00
2.361902314124997293e-01
4.288406994420593255e-01
-4.246693169162572001e-01
-5.382426150805894594e-01
1.552350616029575470e+00
3.560927356087703055e-01
-2.058097511047885408e+00
-3.866061461650867059e-01
-1.353460809715487434e+00
1.471171969920674893e-01
2.664997894346494256e+00
-2.469456142123743980e+00
-1.325452170990504719e+00
-7.592402571322810489e-01
1.139691573370694710e+00
3.068746864191468582e+00
-2.020877846446405890e+00
5.898491302945511050e-01
-1.626317217920902336e-01
1.236086029076108650e+00
2.051740620811053351e+00
2.543695849474099102e+00
-1.500902384297503112e+00
-5.912336493757908151e-01
1.189951172185032879e+00
-2.396864494891015607e-01
-1.840793377655530527e+00
1.168446452454247053e-02
-2.043742590191698349e-01
-8.719148265572587153e-01
-4.055137441473353199e-01
9.274588484309751468e-01
-4.297397164295446714e-03
7.215671855447781669e-01
3.709368790010173278e+00
-6.534053688478983490e-01
-1.331337888993350038e+00
-1.079837433221625842e+00
1.362642316237607121e+00
8.849872652662500450e-01
4.911751989080644920e-01
-6.192771822469019805e-01
