-7.455550875597730109e-02
-1.312796714028451106e+00
-7.997250877361774535e-01
-1.464000998508705464e+00
1.586755039792903554e+00
1.395804825229343571e+00
-2.855517849505975203e-01
1.112599530621929622e+00
-1.728417816983492949e+00
-1.835318518806979826e-01
-3.853104217389413111e-01
1.354631968017554033e+00
-2.309568115136927169e+00
-3.410894010847487778e-01
-1.037591600044514450e+00
2.598478934306041488e+00
3.011349261803896171e-01
-3.647942993186334970e-01
-5.623855996390549894e-01
1.111943583977732075e+00
-2.132071885279029466e+00
8.001541233237531303e-01
-1.183863923440639843e+00
2.475362525181119988e+00
2.367775748997303920e-01
6.999154714306996539e-01
2.584608827989169466e+00
-3.580946032047450100e-01
-2.196723555460272925e-01
-1.603444882667708127e+00
1.663888966538233649e-02
-2.158273816235806386e+00
-1.198510649687568819e+00
-1.802356287092595766e+00
-4.284343560524711547e-02
-4.793588997341797220e-01
2.147038770713366462e-01
-2.674322334705207194e+00
-8.698995189601234079e-01
8.512208510865744149e-01
-2.624300606236869005e-01
-9.073327933312367310e-01
-2.494823011593117812e+00
-1.973460445610849989e+00
2.693709525882334699e+00
-1.743193607386968880e-01
-8.752641605561148896e-01
-2.938057147531193181e+00
-3.050785029169504892e+00
-3.622341376105249200e-01
-6.362365494578621217e-01
-3.412546579074993147e-02
9.206575997756882845e-01
-3.115250229540049154e-01
-7.284641193188368113e-02
1.704467662207572287e+00
4.253988688235772031e+00
1.633808299991805768e+00
9.877598337139934515e-01
8.283944438360331119e-01
1.716174754580873651e-01
1.284312106692279354e+00
-8.034709150084652363e-01
2.247527368680961146e+00
7.481705547834026637e-01
-1.763299787750708170e+00
-4.138897961852551211e-01
-2.212827957905670884e-01
5.929677430039804742e-01
5.576813688943653702e-01
-4.439605266572332898e-03
-1.723651523785166173e+00
2.467352304450967093e+00
5.890052479474252589e-01
2.228306074911637680e+00
9.426579104266497033e-01
2.263376650518707400e+00
5.088046672679995552e-01
-9.286363908156975988e-01
-2.520373328349841957e-01
1.162032267791308415e+00
-1.344864115626959844e+00
1.677557531622338560e+00
8.595505344257036162e-01
-5.490656063150559651e-01
-1.331215028591644201e+00
4.823476117863143564e-01
-9.118630280578711167e-01
-2.559570044253307586e+00
1.201634031391207724e-02
2.675693153423631676e-01
3.774747927319329621e-01
1.207167503397613917e+00
-1.335562181018894234e+00
2.772576154235196988e+00
-1.150147955697283786e+00
-7.781827850964464499e-01
1.321674005562058218e-01
-5.894558869040796845e-01
5.535348144199090381e-01
2.075983146200610363e-01
1.003475603172543362e+00
1.341809095684024289e+00
2.160540420037129206e+00
1.490577502350300509e+00
-9.059137405381950670e-01
2.070519076865924291e+00
1.046956423530479352e+00
-1.963866652536167656e+00
-2.938112378641379308e-01
4.581763197982847147e-01
4.889900219026487305e-01
9.705075038206878446e-01
7.201814622163710267e-01
3.006418661134133141e-01
-1.963708355549440010e-01
3.727176177953260838e-01
1.527754522428073303e+00
-1.739402245665516433e-01
7.734949547123488589e-01
3.317585103527176837e+00
8.786918738335982582e-01
-1.472780808908770722e-01
4.117942230884540367e-01
1.607700006478559596e-01
-2.154856742946503090e+00
5.495038999229262533e-01
4.958243129938220695e-01
-1.501664462393220933e+00
-1.318122269187238738e+00
-6.964534859133538758e-01
6.378112063104719454e-01
7.828889889528984902e-01
3.725448009212017908e+00
-8.952455710614000139e-01
-9.641808739691917207e-01
-1.058527918135883095e-01
-1.000586207870252986e+00
-2.271443542560713236e-01
3.386544420669606037e-01
4.925475699957934106e-01
1.470707287293620436e+00
1.560598522987388437e+00
1.016446305734075434e-01
-4.318334240294819937e-01
-3.385119956305761013e-01
-9.033870473171312643e-01
-4.568025688247089738e-02
1.659278693547947547e+00
-6.835122797634061165e-01
-6.599791765410150113e-01
-2.675993860259753276e-01
-8.456455005233322053e-01
2.279071164391634763e-01
-1.117210901247761567e+00
4.535326625947455614e-01
9.637712791602079943e-01
-6.766674495058523364e-01
-3.987929858143609563e-01
1.400408576517961912e-01
-8.964381594648165308e-01
1.222498316686686293e+00
-2.779924553257484110e+00
-5.386001850180694994e-01
2.780879760618910623e-01
1.328104821827634785e+00
1.126084671293051676e+00
-8.064012337294317323e-01
-7.153586572547859790e-02
-1.801481039827690644e-01
1.598162590333337407e-01
-1.450546319940593465e+00
1.543857387659824720e+00
6.705933010723255094e-01
9.457922288010609524e-01
8.071404153683195415e-03
3.366060203157163477e-01
-9.955145528123819920e-01
-1.832969976777281351e+00
-1.845580751484585669e-01
3.846210583361803881e+00
1.357693229429163706e+00
1.226243710942894749e-01
1.631497357603323151e+00
2.686460729802826020e+00
1.040229562468589997e+00
-1.848343258511707887e+00
2.201558918868762760e+00
5.131276646238502881e-01
-7.376906879234175207e-01
-6.432828814093599634e-02
-7.268207832008202196e-01
7.510564093705556221e-01
-2.687393122462423678e-01
4.471929258421367681e-01
-1.335638891164633746e+00
1.549734587387051166e+00
-5.047239599596828885e-01
5.709369177583772936e-01
1.950744413948723777e+00
4.531583614465763965e-01
-1.306700487462267413e+00
-2.034870207991003266e+00
1.445640421379653651e+00
-8.695595122617182371e-01
1.335596739198177563e+00
1.360904121275706480e+00
-1.365646265501433199e+00
-5.338511138039844228e-01
1.741561930702154593e-01
-2.395443093633471854e+00
-5.374388639100293741e-01
6.965685544441788668e-01
1.570737652471592805e+00
1.331928513312313545e+00
3.751096497076286118e-01
6.445503060553334773e-01
1.143555315314028098e+00
1.733958154250259120e-02
-1.014118545251024628e+00
4.171003438881104031e-01
1.099149997194155404e+00
-1.083631014613588572e-01
8.655425394975324593e-01
7.416564633100666271e-01
-1.476282425887690763e+00
-1.218976076098135852e+00
8.456754533691648312e-01
-4.860949022735905345e-01
1.281695839635154321e+00
-8.824322043614709621e-01
-1.122877169175179768e+00
-7.044614297695340754e-01
5.024759807333673001e-01
1.563068779071339787e+00
-7.964811654842202104e-01
1.245202602279007920e+00
-6.564723533121348542e-02
1.917441632929010931e+00
-1.195602324333448152e+00
2.214161769816826997e-01
1.710013311826760196e-01
4.030214980217505794e-02
5.606823268800706916e-01
-1.489094722775861079e-01
-1.062023934763125510e+00
9.497294034590171297e-01
9.070752576347842489e-01
1.368096175890973765e+00
1.701141541437402482e+00
-1.653556504562158080e-01
-2.362676533886435559e-01
8.909218986665244921e-01
-4.259298881397880487e-01
1.975056161157485057e+00
-5.639477165293796945e-01
-1.319580503017916406e+00
1.390866821221874439e+00
-4.371098711556171690e-01
1.626314414027569599e+00
6.444137320096996469e-01
-2.785335497291821394e+00
-1.106557339142810070e+00
2.913067079219860966e-01
-5.712321713796655320e-01
