4.382887940126826143e-01
2.108958132087388471e+00
4.644677710981834018e+00
-1.940494440894134476e+00
-2.457399744354869409e+00
1.025392293530492216e+00
-5.998104535349220168e-01
-4.356915160060588210e-01
3.013589140559343349e+00
1.106217871222884286e-01
6.127552595169043492e-01
2.819149454646108222e-01
4.679184128577380530e-01
-1.124867758108280213e+00
-1.316641241899869641e+00
-2.395461602185228467e-01
-9.053893438131230820e-01
1.897280540084486766e+00
6.521518266521562912e-02
1.869873174977965791e+00
1.388964914458211131e-01
-1.671549957395256136e+00
2.932562861136639221e+00
-1.656671588429730502e+00
-1.266582013457394407e+00
-4.988985399362456663e-01
2.955029811283201635e+00
2.872266017040101538e+00
3.133228330121475280e-01
-7.119550853623172193e-01
-9.775405110379531415e-01
-1.595914641141170376e-01
-8.292628084892079698e-01
1.443570038908886577e+00
-2.643345892683244713e+00
-7.185732112853994158e-01
-2.125599002843421736e+00
1.028528067465863449e+00
2.537652064127583484e-01
-7.351346036634642811e-01
-3.087380228368719948e+00
1.724722354247570699e+00
-2.249343470830620806e+00
1.605929801132141010e+00
2.684228877003306257e-01
-8.546404760095085984e-02
-7.345751045726469641e-01
-2.908496393768172927e-01
-1.804288439676831057e+00
3.085862675513502684e-01
-1.517349781998392988e+00
2.372960790577845813e+00
1.337847506216724991e+00
-3.834147965137145064e+00
1.401641984690896958e+00
4.310850599256698668e-01
-4.207092347748077610e-01
-5.069184478698831597e-01
-9.750821550655562608e-02
2.507176055161476125e+00
-3.639229042488932309e-01
-8.097536035820012135e-01
2.868580951500749876e+00
-1.918400592178266528e+00
5.704496981155939839e-01
-3.522992262033719513e-01
1.126159314800426303e+00
6.423783029687050172e-01
-1.625703195297933057e+00
5.324849797781184835e-01
-2.169040492020985478e-01
-3.749585295080325870e-02
3.952114020096116898e-01
1.654879688123471526e+00
1.681348983983109724e+00
5.917807082930628404e-01
-6.063179911623547413e-01
-4.348050803199922654e-01
2.065883739807017783e+00
1.042423133798029644e+00
-3.630298241380275903e-01
-1.210201148654951320e-01
8.245310223810913275e-01
1.122141677160168660e+00
2.974892114186043823e+00
-8.506855109691464634e-01
2.159922572598530710e+00
-3.202961307357353737e-01
-2.114413503130884442e-01
1.179120495833508864e-01
1.918314765889425733e+00
-2.986684953214919336e+00
6.277787951050703974e-01
2.711763378619843401e+00
7.956364790315462177e-01
2.509172940455194567e+00
-7.190174095202936932e-01
-2.831572362642014173e+00
1.456375568804374188e-01
-1.676686384320824841e+00
1.877305624543406548e+00
3.293213069661916848e+00
1.517068103730618400e+00
6.957854571770789587e-01
3.714891513055437189e-01
-4.312197325474822485e-01
6.446898905674309788e-01
-3.350827120965344186e+00
-3.262513002083467395e+00
-4.483430940974483803e-01
-3.831249766831030246e-01
1.487850634944070327e+00
-1.748936964842164432e+00
-6.839074050478339828e-01
-1.602184570145431142e+00
-1.138373441724255031e+00
-2.101035258565423725e+00
2.063598968564549274e+00
1.031369532832641100e+00
-1.557850302813703847e+00
-1.892589444809238852e+00
1.478402372540441156e+00
-4.626050525794937585e+00
-5.439686379307645536e-01
4.161940834517655619e-01
-7.907620533970346477e-01
-1.544092947669623017e-01
-1.633961227142074479e+00
9.518183473630438263e-01
-4.181187145718984199e-01
-2.589294559688697928e-01
5.275046185681013799e-01
-1.914006232610816927e+00
-1.110668058575362549e-01
-2.381864519475006325e+00
2.800578815719487302e+00
4.338070856206628911e-01
2.959717937475116578e+00
-7.265014770150773904e-01
6.506409980159660877e-02
4.737343016445539345e-01
-1.972377689787506272e+00
-1.965493330395206906e+00
2.051746182669150542e+00
-3.761032222155274440e-01
-6.640555093632876105e-01
1.126757599259162523e+00
-1.860478485344680966e+00
6.592257266479570887e-01
-2.543971116666025045e-01
-1.823510233681293613e+00
-4.693780891915211861e-01
-7.347631806178500646e-01
4.783163083737052013e-01
-9.920792714663373424e-01
7.366875146149357567e-01
-3.875915762528612696e+00
-2.661387552600801065e+00
6.490782622574733374e-01
6.268493473584570985e-01
1.034324146268525535e+00
9.183747505286469215e-01
9.255524133443548962e-01
1.680504270856492788e+00
-4.930428258830249488e-01
-8.141431172413382544e-01
-1.020553518314229358e+00
-4.886244758848909964e-01
4.330684190079280294e-01
-6.437694131136368902e-01
-4.360241846244573560e-01
-4.861566229694922470e-01
-5.865933083330797659e-01
-1.121968621389595189e+00
5.063960418540405239e-01
5.856050707824345114e-02
9.815444417429997070e-02
9.662681794003279423e-01
-2.599169588456748947e-01
1.914660454629713016e+00
9.304791759793940020e-01
3.253966205076428864e+00
-1.323741091882025545e-01
-1.226376791592620918e+00
1.010019694380132727e+00
-2.891060936713577778e+00
-2.569027966042908839e-01
-3.626601014784033516e+00
-6.893097691078010625e-01
-3.085591884103839333e-01
-6.428798278924576781e-01
-1.826607990862408437e+00
-2.799992320227461029e+00
1.818328671758392412e+00
-1.637807353904964680e+00
1.420283038319633206e+00
-6.356427517695517615e-01
-4.270684821872541281e-01
-1.155296206894548039e+00
3.143100670847067124e-01
1.656702864252972418e-01
-2.916352142826524663e+00
2.619317143485505595e-01
1.337797374988549670e+00
1.034266666317977368e+00
-1.657346385474057493e-01
-4.779180746840828720e-01
-2.024752362302117692e-01
-2.034311860876552025e+00
-4.884310273139802483e-02
2.345221114530423367e+00
-1.210791959454148525e+00
9.329526636092886349e-01
-2.271438902392766579e+00
-1.651673516118918439e+00
2.913184749929485395e+00
-4.830798820350950429e+00
3.415669470871276481e-01
-1.702113721085601883e-01
2.355122399829264523e+00
-1.507758715388193949e+00
6.478734373417186498e-01
-1.402111548822523868e-02
5.701528581280900232e-01
1.395537178187783001e+00
4.684443507031008647e-01
8.988094884433257548e-01
-5.997790198637507064e-01
2.897302981982534664e-01
7.115490574247850253e-01
-1.433926488307357028e+00
1.990232825394651961e+00
5.005191596867046844e-01
9.935212347489430496e-02
1.206935943459365168e+00
-1.679886380437673132e+00
1.625106266534790844e+00
-8.036101677547001776e-01
1.445111571353719926e+00
-1.101060671942394986e+00
-1.062353611853085633e+00
3.079234503994167316e+00
1.303337891402715165e+00
-7.848947066624656355e-02
4.308919369261951515e-01
-3.850674063706736483e+00
-1.867965264440360151e+00
3.501914446488297861e-01
2.780501294424812198e+00
1.860819635690198481e+00
-1.390230752556971483e+00
-1.177659274357516939e+00
-3.469228561655651188e-01
2.315412127665394060e+00
-3.251813658367885829e-02
-1.598072674340767829e+00
4.632838485694357883e-02
-1.270180327787657326e+00
-1.305194249747967161e+00
3.999039628799581636e-01
3.004579270870533225e+00
5.445513172786122791e-01
7.735151582516152091e-01
-1.800930258619211632e-01
-7.350701075638443882e-01
7.900342280238271675e-01
1.122353180592473132e+00
5.508772724962140988e-02
-7.128152514330609035e-01
3.001598962374269153e+00
5.951567320134542038e-01
-1.280092912610910072e-01
-1.920121295533605998e+00
-6.492831245191163503e-02
1.751829198500723717e+00
3.253522618332686189e+00
3.307885738636369144e+00
9.133374280029292747e-01
2.114901504044755853e+00
-2.261701146064948986e+00
-1.411589776250105954e+00
-6.752062552407835927e-01
3.750104499334468322e+00
-2.486650659676433173e-01
-2.867707861927282220e-01
-2.178033735738623022e+00
-5.210076828742667310e+00
-4.906829337331464203e-01
1.528492658356615186e+00
9.436096335227436294e-01
-1.662294617918034234e+00
8.410161456993239248e-01
4.127164087756777233e-01
1.663616391161422348e+00
9.453198939511036070e-01
1.446025534797508616e+00
-7.893825142778949644e-01
2.265320243131691669e+00
-1.388911274699420328e-01
1.062866287255976649e+00
-1.210669722554051919e+00
2.212196743953740996e-01
-1.429872678062029667e+00
-1.034523613653817620e+00
1.308176413046454822e+00
-1.302731414131877097e+00
1.161372805892230353e+00
9.374706140197100468e-02
-2.739592958849660143e+00
-2.302721519100930370e-01
-5.203669877364900387e-01
-1.539155007932342611e+00
1.864501350131597457e+00
-1.010256371705934519e+00
5.966178636313691497e-01
-1.002503949046388509e+00
1.389765376378077733e+00
-2.283494837713640369e+00
8.465983262004502796e-01
3.114680328976917156e+00
4.034277404932973821e-01
8.408824670256177525e-01
1.756391466900262266e+00
1.688077831296341369e+00
1.788833285317496191e+00
-3.961441648863303744e+00
1.335629444878816408e+00
-5.252923324004556971e-01
-4.912080240250582541e-02
-1.258721898338752476e+00
4.235327858332760265e-02
2.055764601387939816e+00
1.915836662527248047e+00
-1.833104276301810165e+00
1.068528398726798390e+00
-2.886944902367924448e-01
-7.425951398355954414e-01
-2.587247331818688378e-01
-1.459880185283991993e+00
-7.356446493270067943e-01
-1.408364935883243962e+00
-1.851980946251124416e-01
1.082354015393491853e+00
-4.185311452839785562e-01
-1.450193085314485097e+00
5.150146863322366819e-01
1.177526522733610026e+00
-1.308191510961153270e+00
9.353962996667619656e-01
-7.775051006387609931e-01
9.243806313141864628e-01
-1.411374034174391667e+00
4.582101114083446669e-01
1.713552835647963679e+00
-6.318993626397468866e-01
-1.749193739041917106e-01
-3.261362335617604136e-01
-1.648774682942470537e+00
2.603909496493278519e-03
-3.975746606225850632e-01
1.055712110632756051e+00
1.649946972539334533e+00
-1.555151520878285565e+00
-2.850735789590035374e+00
9.429495913338032942e-01
-5.742052592409992995e-01
-5.081714723225192465e-01
-2.541370895408678887e-02
2.108633482488354860e-01
-2.667140886386476506e-01
-3.082623677021926328e-02
2.453606802907503104e-01
1.756206282409571162e-01
-3.523599322679384777e-02
-7.761728346903169484e-01
7.324629618313793777e-01
1.619699546829098225e+00
-1.794137466823113813e+00
3.668403448592971738e+00
3.117498000238873024e-01
-4.004312668909192352e-01
-1.339429721878971358e-01
-6.390920775329035630e-02
1.877420075807529676e+00
4.627794884517886786e-01
1.046555861414942612e+00
-1.004085808551386627e+00
6.118543091471302375e-01
-5.036454314221990858e-01
-5.748742208415720256e-01
1.380927424740892251e+00
3.756066483731839156e+00
-1.683204339784236225e+00
-2.276099109039180668e+00
-7.113651711583058868e-01
8.051306930732443634e-01
2.428558296932474825e+00
1.584294506238562272e+00
2.108652779267958799e+00
3.026274631941485715e-01
1.328954547457831925e+00
6.273020386115579772e-01
1.549574386665327319e+00
7.802631020315481392e-01
5.343253533019962642e-01
-1.634477284486344884e+00
-1.187040162657350129e+00
2.453876330986751508e+00
-8.755731254616890835e-01
1.890859081241416995e+00
6.002445367818632915e-01
1.064911342373744407e+00
-1.143148698869684621e+00
1.761610589126852311e+00
1.434815257383275977e+00
-9.506432824764061706e-01
-3.203653799674799352e-02
-1.483215225103689194e+00
1.987978899346047434e+00
-1.597393006539671589e-01
-1.302188174367806095e+00
-1.027387529962339174e+00
4.756045994306429270e-02
2.017454907114414109e+00
2.262674152320569010e-01
1.283473639852175385e-01
1.256744057228107003e+00
5.323226366776043772e-01
-6.169329798649006991e-01
-7.538167963236855895e-01
-3.664409110880030851e-01
8.870226639431091353e-01
4.091151735699135039e-01
3.222308366691030157e-01
6.634561007939210331e-01
-1.266163192837333806e+00
1.086598613817221670e+00
3.224036834013696007e-01
-3.271282029633442612e+00
1.157704083512935078e+00
-1.384959752899486585e+00
4.341138117871857216e-01
2.392259839657031595e+00
3.193816006296924526e-01
1.774042786752760559e-01
2.365469727917314913e+00
-1.058046536671917170e+00
1.888380503955413847e-01
1.201637812238942615e+00
4.429923361801907378e-01
3.142794046668400121e-01
-4.429852175712793105e+00
1.285076144014913657e+00
-3.860989369206924593e+00
-2.898954860914087495e-01
4.249543461069728995e-03
-1.116370565211792121e+00
1.673485002678127609e+00
1.536762598212361164e-01
9.327940178793793224e-01
-1.471560191315661292e+00
5.197339272912581132e-01
1.177961427034011521e+00
4.450044982026141183e-02
3.706021743616025876e-01
-5.363030391363700078e-01
-5.202707148584213570e-01
2.036425392639963139e+00
-2.035251625588748947e+00
6.139266362608575278e-02
1.759755688443420896e+00
-1.560544277788706635e+00
-7.865407954099348231e-01
1.426840411202712211e+00
9.366246135732225753e-01
-2.016233962521437384e+00
-3.392663527008241142e-01
-5.077473606897648928e-01
2.172836763260750093e-01
1.446708203607584675e+00
1.672530686358082996e-01
-1.612160847987140766e+00
1.474364655281370062e+00
-2.538814887823406252e-01
-1.017050472082000168e+00
3.637184930838884278e-01
1.695594177823446902e+00
2.209045272291346507e+00
1.664613264113796731e+00
4.675287991860981873e-01
-1.467305158951289101e+00
3.197337671973208284e-01
-2.111846528925813704e+00
-2.929631297243632804e-01
1.832417037104601354e+00
6.204050844420183619e-01
-9.142092916081354659e-01
5.429876807743018174e-01
8.530890588158228649e-01
1.205593688562124122e+00
1.492208948331945617e-01
