-7.364482312246580786e-01
1.468765522574178028e-02
2.401668121177367166e-01
-1.066336221053800548e+00
-4.085890635925146785e-01
2.770035218981958813e-01
-6.151484289978192965e-01
-4.271990391755913219e-01
1.469819142277072332e+00
-9.584415543158053552e-02
-4.495001638430349278e-01
8.227892122471183733e-02
1.925811757924347001e+00
5.951260211671867140e-01
2.028948721574943548e-01
5.299826835092322774e-01
9.411821864849900798e-01
-9.500267298992561837e-01
-5.744063909970531512e-02
9.846298075953230367e-02
1.206606897229743680e+00
1.902804524448549195e-01
-1.542249945225531160e-01
-2.170758463380175751e-01
-4.008568844485322913e-01
-7.105360601281214272e-01
9.484198656479816414e-01
-8.914833717338497276e-01
-8.630676686652083429e-01
-4.587577309863026809e-01
4.936221287045934325e-01
6.709858968843191995e-01
-7.027029946886798051e-02
-8.242651388406503354e-01
2.423270131168286046e+00
-4.680968429442824430e-01
8.072198487079933482e-01
4.348439576169862431e-01
-2.546107728849540397e-01
-1.524361882190059525e-01
-3.391721764569373132e-01
-9.927584169888201693e-01
-8.937816162442759893e-01
4.480933306578811504e-01
2.296236779143718820e-01
9.886262685012747742e-01
-7.873849467238567268e-01
-5.572002775178652723e-01
5.034295736050631298e-01
5.683499834885503699e-01
3.283592641029606796e-01
2.407208460643457393e-01
4.339949981557529313e-01
9.998237456337195628e-01
9.152554304654598738e-01
8.949039719469138454e-01
3.036899313125387412e-01
-8.401166922016940486e-01
8.086302274224175246e-01
-7.705471497505038680e-01
-6.782744598681389459e-01
4.525572179928307737e-01
-9.463196795940942430e-01
-6.784754305811442343e-01
-7.485680880567193718e-01
-9.206812447258108101e-01
9.093170701790211918e-01
4.049458649956820810e-01
-5.535131676824791569e-01
-2.470489651161441036e-01
8.565767776151773649e-01
1.561537260852667863e-01
-3.316159623160099823e-01
-6.735523459222059195e-02
5.323918881333100650e-01
-4.225960620870681250e-01
2.013846208273140093e-02
1.363433370896920405e-01
-5.089375936809403811e-01
-3.723076807692664580e-01
8.119198723680509655e-01
9.598365850625538709e-01
-4.679732947485277794e-01
2.702104884395306605e-01
-5.615236233537936883e-01
4.324887974469873164e-01
-4.751170302010720992e-01
-1.273576754608019002e-01
-6.854591920626331714e-01
-1.847598056960676693e+00
8.718186746272738041e-02
-7.090454493459269480e-01
-4.644760635211586663e-01
8.231560614795874198e-01
-1.201928763034281200e-01
7.218206725030722470e-01
6.264594229393960489e-02
-9.727359755045741352e-01
1.971151525985321840e-01
1.740374197299343617e-01
-2.056154103463618821e-01
-4.890831776778381546e-02
-1.317129646487513739e-01
-7.322698294975633626e-01
4.885353906095308840e-01
7.474267191454941894e-03
9.518732296000969040e-01
3.995650707969859994e-01
9.044959009845237041e-01
-1.247690162126473989e+00
3.676574842380571084e-01
-3.701914660218612596e-01
5.159040663972760399e-01
-5.734001349272870307e-01
6.802212194671135581e-01
4.776680934715851201e-01
8.003056804949694181e-01
9.685224503428058185e-02
9.643495215068038640e-01
-3.093688537671488437e-01
-3.568642359278695331e-02
-4.348722969809237782e-01
1.692923313097998150e-01
-4.210168659698625415e-01
-2.471012528579863421e-01
1.945719221170656432e-01
3.359744252627809846e-01
-4.254041472515552869e-01
5.898689578182754190e-01
4.344737628840218413e-01
6.374251208026877613e-01
1.139068528765234678e-01
-2.197857042414855577e+00
3.690489804229815096e-01
6.414516976810149540e-01
7.115042058653080481e-01
-6.493109939085024429e-01
-2.689927138972196818e+00
-2.738618489414859081e-01
-5.226039457374442865e-01
3.937414872043074610e-01
4.904817910956804639e-02
9.668770632928456177e-01
3.542070743312879522e+00
8.236213819685997972e-01
1.372960215670928630e-01
5.644908646896644733e-01
6.917398637946181594e-02
-7.197693076906408471e-01
-4.722491022765269442e-01
7.299539834942414540e-01
-6.195742521885678755e-01
-3.279944624772554995e-01
-7.702727992102540444e-01
7.333680113079241725e-01
-6.813816609960466897e-01
-6.345457538255128149e-02
6.038461907805503515e-01
-1.053622180164647926e+00
-9.279508924373607304e-01
8.379116781742339537e-01
1.859820778495987481e+00
1.644551437306345232e-01
-7.784652311945019498e-01
9.332666985219699729e-01
3.602205874116226614e-01
-5.108312919228130689e-01
4.075383347107446319e-01
-4.989807400197303622e-01
-7.500641232854476925e-01
-3.539693639629746258e-01
8.909625631012751956e-01
9.131835953233873315e-01
5.183343908770163821e-01
-5.209696419520755128e-01
-7.991902868601656884e-01
8.426341377452781778e-01
-7.435154544604154481e-01
2.689537029970774373e-01
5.109276996687142081e-01
-1.073019997421298388e-01
3.950718929355985232e-01
5.998914892004312271e-01
9.617225232220378839e-01
-7.703310014384816551e-01
8.781561328103006936e-01
-6.542340511314856943e-01
-2.634214492754334280e-01
1.613478653111011241e-03
-1.124275928322103768e-01
-1.119398503042844606e+00
9.818293408661677990e-01
5.717775414717809479e-01
-7.739797923236051425e-01
-6.106907797874150390e-03
-2.350986905389198522e-01
-3.098837509612988317e-01
3.362844552002327569e-01
-8.036010793932943930e-01
1.512104941675276981e+00
8.742380633865418638e-01
-2.989787456303887314e-01
7.434945477976955264e-01
-3.620559879530123037e-01
4.327605623246544297e-01
-6.703839270049662957e-01
8.690380915377176052e-01
-8.559429667807083586e-01
5.226766034630858648e-02
5.702218122725308813e-01
-7.817175628335140125e-01
-7.182422719027883318e-01
3.338934530246531196e-01
4.532414743413104574e-01
1.795522696799349838e-01
7.347227713727391141e-01
-1.549193059786528881e-01
4.108858070479068925e-01
9.285551882487610431e-01
-7.497818621894143387e-01
-8.960050665239676082e-01
5.214327839714991697e-01
-5.441100911656873151e-01
-9.152318467483766540e-01
3.843699845687225114e-01
-8.688787349586055697e-01
9.434954132778758940e-01
5.731063763774064679e-01
-1.224563620738410297e-01
-2.264537235950525584e-02
-2.061961212170681179e+00
6.831159422405583825e-01
4.470889906383703760e-01
2.964105677327903976e-01
9.030981714255906789e-01
3.147241671777292193e-01
-4.116884898883752530e-01
5.334976234394372963e-01
-1.113350320722752418e-01
-1.068038534868929745e-01
7.445084583966634639e-01
-2.100668197670940707e-01
-3.873881782951689168e-01
2.412258831407656512e-01
8.410026127748333469e-01
-8.721002881802566442e-01
4.026705985719170044e-02
4.640311970627701843e-01
3.245066178492441722e-01
-9.246589256593655826e-01
2.961907524757258159e+00
5.378904492574287932e-01
-8.128630031111019338e-01
-4.212254588508386188e-01
8.622635721315099477e-01
-3.734105022000511198e-01
6.818843368841936980e-02
-2.978316337793407431e-01
-3.012829556608282999e-01
4.937547403551210135e-01
-1.331357551618482793e+00
3.322843664307191247e-01
-4.346621760059465878e-01
8.759936915382955380e-01
2.154555721715500916e-02
