-1.505517930597310094e+00
2.424190991992543065e+00
-6.784500198442297014e-01
6.564292580210130401e-01
1.591414365420718235e+00
3.390125957392584044e-02
-5.837599267186661667e-01
-9.779993439459077065e-01
2.214521656189863297e+00
1.528873089076355551e+00
-6.742396842553036729e-01
-3.266038366976229401e-01
-7.314158163447176397e-02
2.645431700070954295e-01
-2.483947167621527174e-01
7.740550067489588848e-01
5.481705813376540615e-01
6.307403949525052234e-01
5.337650092804163693e-01
6.550525323353693086e-01
-3.171336551954980765e-01
7.246995584423113757e-01
-5.262715625773956019e-01
1.759673826503678429e+00
5.261384331694732852e-01
4.005247302265840803e-01
-7.573073121833880927e-01
-5.864706184087153940e-01
4.238467945792774305e-01
1.278598637882140121e+00
9.289931700887816834e-01
-8.411188968708062097e-01
1.623129540366285539e+00
-8.702193544078148379e-01
5.250829886106800348e-01
-1.553672549674090408e+00
9.591485270685650155e-01
-9.075998786038412813e-01
2.007566621078204161e+00
3.379373003244148799e-01
-9.423643848568370729e-02
-1.857802214237899152e-01
-1.504931941962484865e-01
-1.307298620915104070e+00
-5.829405167817732769e-01
1.037638444675386795e+00
1.012318270107482876e+00
-9.031599047026794835e-02
7.970286172438078021e-01
5.783612469859202021e-02
-1.559897293970837318e+00
-1.155829285360072900e+00
-1.514588934239939899e-01
1.913866107214691414e+00
3.860412353266486074e-02
5.117184721518233115e-01
-8.869847467949096842e-01
-2.548143910886024530e-02
5.631132425405308561e-01
-2.806416345477303897e-01
-1.206757283638355327e+00
-7.979165956546842020e-01
6.064586016280540948e-01
2.348472972308995044e-01
2.012242754310818726e-01
-8.263389821387826517e-01
-6.241745782143583998e-01
-5.622390702938352414e-01
6.800494000298104025e-01
1.291422074673153952e+00
3.224917958777736016e-01
-8.512369156291589301e-01
-1.589026898697716225e-02
9.523026127550222597e-01
-7.644907805635439146e-01
-7.976037944064300056e-02
-1.793288522406579766e+00
-1.027789588985414948e+00
1.350886100229837794e-01
-1.473483124630778240e+00
1.787780733382723364e+00
-2.576054211803327387e+00
-4.461749148832608314e-01
-1.965684299920646971e+00
7.058539619789430120e-01
-2.629233842222862827e-01
1.992375570571171428e+00
-5.280431656978266108e-01
4.930523430221337433e-01
-5.952188474089824544e-01
9.339467629733824716e-02
-2.031088068752079923e-01
8.543058200337632080e-01
4.220113898585988177e-01
2.142405664285455646e+00
3.313517057855757675e-01
1.772863413625370477e+00
-4.244856559187058093e-02
-3.388680169625693517e-01
-1.725599233367785257e-01
1.813817638895610429e+00
2.456708233577855172e+00
-1.014522707413190394e+00
1.098409730284948260e+00
-1.705686578370083417e+00
8.480192867406010082e-01
-1.183352168040817665e+00
3.389338935110389750e-01
-1.703899146373437090e-01
-3.771539084759457094e-01
-5.483522149372116461e-01
-3.528541618305574001e-01
-7.077032822880051643e-01
-2.050913013629139525e-01
7.224127558870170329e-01
-3.205107784812739891e-02
-1.097841488130879145e-01
1.466852560389588556e+00
-1.736988740012407106e+00
3.841117569670290943e-01
3.219227876202009342e-01
-1.465468947401798339e+00
2.111888396363248988e-01
4.450968834475323987e-01
6.165336917647846748e-01
2.317812570407560002e-01
-1.157402126177510704e+00
2.371210670716963897e-01
1.523292320463201177e+00
7.352200160566516596e-01
7.758211808039187085e-01
6.889647709193347236e-02
-8.274899274837416163e-01
4.147054404176284681e-01
1.592836880113629727e-01
2.035184400108000613e+00
1.318430437594647842e+00
-1.890436021263820210e-01
-6.607548789392387878e-01
2.263619776334862888e+00
6.212140825685474876e-01
-3.012836661696686180e-01
2.962451311994907521e-01
5.363146270303895680e-01
-6.993581628866762934e-01
8.181219822621325077e-01
-1.524923783369233732e+00
-2.301047231202515628e-02
1.043380171855399441e+00
1.132346275769640087e+00
-1.114799122378686169e+00
-2.248218432842875592e-01
-2.920046401659287527e-01
-2.464950877313705491e-01
-9.487039911290889166e-03
-2.838429207596316894e-01
-7.248926308529267670e-01
-6.126564889089889387e-01
3.609520061957121051e-01
4.708234274521441720e-01
1.727047681250678812e-01
5.090500377499207474e-01
1.474434385381720336e+00
5.062969155959706757e-01
-7.751424822974667395e-01
3.518389892687737164e-01
-5.441503662586784085e-01
-1.638196985152389484e-01
3.785465113947949489e-01
-6.349116117836080264e-02
-2.272791590638445769e-01
-7.533774387339741141e-01
-1.342039997047790978e+00
-5.119165497821814848e-01
-1.947901994770754541e+00
6.402908529473078092e-01
1.100445290143207688e-01
-3.474333731461481389e-01
-9.526816795180967912e-01
8.271433602995000856e-01
1.275363799830504297e+00
-1.196991794957245059e+00
4.769358077523627726e-01
1.807836778201395989e+00
1.225693226087660737e+00
-8.636758761959716368e-01
-2.649764837646803595e-01
-6.574755367315924248e-01
1.033976211572343734e-01
-1.301760258005953741e+00
4.977528054986060657e-01
-1.175257195401427035e+00
-3.357631324527901029e-01
-2.766343443132118773e-01
1.430127559752568223e+00
4.270281673865836125e-01
-6.135705616678956975e-01
-3.184872383706854881e-01
-1.916437497740864249e+00
-1.176227495868556572e+00
-1.243368077548765660e+00
1.311123548802598959e+00
-1.310615194056276689e+00
7.473528570456591247e-01
-6.592083927796271725e-01
3.597516333588765547e-01
-8.085100650255358512e-02
8.671012745090840301e-01
1.851269818807678824e+00
9.202897480995781976e-01
-9.386484035640407786e-02
1.303073933048083610e+00
9.700950823604637119e-01
1.308056832735627006e+00
-3.303091379124461491e-01
-1.649189632723264465e+00
-1.409770821899898885e-01
2.612189632357181379e-01
-1.357384760188801831e+00
1.296609453261905687e+00
1.585369509124938681e+00
1.238448516507589359e+00
-6.572715801339376052e-01
3.251536771658892766e-01
1.633009246241380774e+00
8.035645914573624760e-01
-5.073703597339235954e-02
2.086115918337087261e-01
-9.487562106906477499e-01
-5.934117170593253832e-01
-9.167699637292278103e-01
-9.015259959925257804e-02
-5.875653465618732030e-01
-1.183136957843395481e-01
-1.115674061441333187e+00
-7.471576779561722725e-02
-1.530693798937320382e-01
1.306751068004448069e+00
1.475708416017345703e+00
-5.592272727889943118e-01
-4.201981629965335641e-01
-1.113271692368729415e-01
1.217187582812981894e+00
4.531616934437452393e-01
6.366625000996520845e-01
-5.163235637100904718e-01
-6.650497414568594667e-01
1.882352097441435113e-01
-9.200723924225852335e-02
9.246560002631070141e-01
3.044507525408997675e-02
1.309871578462399100e+00
1.572582081402254417e+00
1.321436128718805336e-01
-4.770004087061386899e-01
-6.485507995425446870e-01
4.717713451304161865e-01
1.099993998507348580e+00
2.601421108085697487e-01
-7.901411235283128942e-01
-3.485390627435164257e-01
1.174997074539921416e+00
-3.718663434611413354e-01
1.402161127606199598e-01
7.889314025410195663e-01
1.303667737296076323e+00
1.165774728603295785e+00
-8.887675850712531966e-01
-3.062576663190000326e-01
6.944517428389861136e-02
-5.494849680688663751e-01
-2.010593539485718839e+00
-7.946613977336343115e-01
1.843241692603415638e+00
2.002596196382546268e+00
7.035539703762408448e-02
3.818300605157728955e-01
-6.583705947391513269e-02
1.309401283221567347e-01
1.232326276476290339e+00
5.668127103940648892e-01
1.090868644072547022e+00
-3.918136319864069517e-01
1.099051551379821134e+00
7.182003933427369979e-01
1.358335753416687330e+00
3.154448228073319926e-01
-4.081968207991775177e-01
-2.623307123677583452e-01
5.526133144899494365e-01
3.943093750255291519e-01
-1.218708470211324890e+00
-1.347460180979393463e-01
6.091146469347965553e-01
-2.264149660952184673e-01
6.405104232645231210e-01
2.720901066833100845e+00
-7.523077094507448770e-01
-3.340243267515681791e-01
1.219573025840590796e+00
-7.306998789601105992e-02
2.256420368646385941e-02
1.055858067299185965e+00
4.257276494076069895e-01
1.519952503505053620e+00
-2.224877177788349147e+00
2.043765027869166029e-01
1.610963370358085567e-01
9.497096269049243311e-01
5.879597631266444413e-01
-2.103900070728235705e-01
-5.251532462558360370e-01
-7.184628162452885158e-01
-1.424883216304501099e+00
2.040847663833282866e+00
-7.360327933771173559e-01
1.135137372150242685e+00
6.321473108969817289e-01
4.466133914170779956e-02
4.565212171175511147e-01
1.247707533130541391e+00
7.855839491544460707e-01
-3.563850291219817779e-01
4.665432987827985434e-01
3.645432404339267185e-01
-3.856694493518802447e-01
2.418855331552806076e-01
7.437782218805808476e-01
6.462243590944464211e-01
-8.703334483531852128e-02
-8.640487425322866955e-01
7.762884269921435099e-01
2.929248247276333705e-01
-8.342518524880196962e-01
-1.010195135241402031e+00
2.359507844958856460e+00
-3.084680266526616532e-01
3.092425859273018607e-01
6.686277166447537335e-01
1.138357547443635542e-01
1.158784678168897075e+00
-8.053421567737800713e-01
5.113469913303444470e-01
1.335175709422624368e-01
1.162128099759855093e+00
-1.338458403080841075e-01
1.523618985704880413e-01
8.126762293638125634e-01
4.470593824713066100e-01
1.306163731523245497e+00
-1.027243083616713903e+00
1.007143041981806153e-01
-6.434897874886726932e-01
1.362593071323006111e+00
-1.000393702877550473e+00
4.609917309441047273e-01
1.991508747742083640e+00
-2.130684363965874573e-01
4.805829402774082215e-01
-1.022621992056578000e+00
5.653157421886725181e-02
-4.777787353214488775e-01
1.332815406420011506e+00
-1.339400465641323423e+00
3.648578123099543435e-01
-1.189253534052053668e-01
-1.372889536915288478e+00
-1.190738947210841170e+00
-2.466235205901668337e+00
1.765911783413530278e+00
1.371484181987721707e+00
2.627162493872428062e-01
-1.938216466676518923e+00
-8.399587053044348106e-02
1.349437783051879336e+00
3.327618787100123932e-01
-1.400916745736308977e+00
-3.364041611813056720e-01
-1.617143975394389699e+00
5.725138805180943757e-01
-1.426914060490600766e+00
-3.994936835744529735e-01
4.658830831207450562e-01
-4.506950553767805068e-01
1.854838355133193950e+00
-5.766396031959408058e-02
1.272340997392105433e-01
5.147017125706532248e-01
3.020804763285418471e-01
2.861577872175387685e-02
7.172995137314668035e-02
-5.546743889359151414e-01
-4.554000700568763826e-02
-8.554006327078353955e-01
-5.474146986098400725e-02
1.565555257552974755e+00
-7.467060574477685231e-01
7.948651175166620009e-01
9.210976438340274797e-01
3.170746939798707587e-01
1.309385812867554844e+00
-5.754256221511287045e-02
-1.304402402145700579e+00
9.204265341430606373e-01
3.190347832250098326e-01
1.794137530200096142e+00
-5.762967997152524946e-01
-2.178615100935905047e-01
1.452425550638576368e+00
1.154457511479351384e+00
-5.538239885464336654e-01
1.425270586244449175e-02
1.152371994086396345e+00
-6.866987460306582802e-01
-2.366881323310635388e+00
3.920088232984049736e-01
-8.644491898840731547e-01
1.758479728948239895e+00
9.443702365968721368e-01
-6.896058808065309575e-01
2.482392914245520110e+00
7.622222569147801829e-01
9.501445813932313245e-02
2.969499691290908294e-01
7.590014718877826638e-01
6.215248509841065916e-01
-1.210395342353168813e-01
-6.188856984648984927e-01
7.094279624375198212e-01
9.062895396331831499e-01
3.530889594173547419e-01
-1.502452188779180409e+00
-2.836449351484949588e+00
9.444103885873779136e-01
1.209783780153501409e+00
7.747176803144213419e-01
1.005925723351684065e+00
-1.286122339983793550e+00
-2.700899411188582455e+00
-1.249496343865426767e-01
-4.679758641101689487e-01
1.881283614041978192e+00
-6.584249142055019766e-01
5.590059943938774367e-01
-2.517159708207699631e-01
-1.396888811883205239e+00
-2.842008191710666543e-01
-1.638265053385196679e-01
1.488716256710526098e+00
1.367463581614573709e+00
2.943842993009908149e+00
1.910337372542686651e+00
-8.699617439698449362e-01
-4.856207853435576260e-01
1.094443672816552082e+00
-4.466939919035607387e-01
1.052549647852945164e-01
6.679802918263013645e-01
-5.896940213192568558e-01
-6.082211890280222466e-01
1.518296334534453784e+00
-6.942674085112455762e-01
8.400043896040614022e-02
1.195621714090584486e+00
-2.116050198270781335e-01
-1.748040432150312906e+00
-1.488848316734194377e+00
1.380499804066382730e+00
4.393049529382827417e-02
-1.494859921187720875e-01
6.766073153534846174e-01
9.073001922374510642e-01
2.196627569919175071e-01
1.395716793629449670e+00
5.617071579126067110e-02
-6.982298734560988818e-01
8.329929123230618293e-01
3.342308196014015520e-02
1.296911216166737768e+00
-1.220339803954744416e-02
-3.123778494007020679e-01
1.024672802534116155e-02
1.028126592513259885e+00
-1.339529622115984475e+00
2.659383078613937745e-01
-7.153482913539381816e-01
-2.023114018558950900e+00
-4.578461863464190068e-02
6.350877503197559504e-01
-1.604614582188363281e+00
3.302975682836382237e-02
7.797779945157715664e-01
1.945309851089812136e+00
4.716257910935984232e-01
1.136243282824754147e-01
-7.229988270951693830e-01
-9.914660704612860975e-01
5.094182815039026702e-01
-9.692827054930089892e-01
-4.330472395106299555e-01
-1.420168819497659829e+00
5.398823203397361270e-02
-3.842064388021032006e-01
5.339229854121176067e-02
6.793975730741486085e-01
-1.990814077890019629e-01
5.007186945000605821e-02
-4.143333642293624552e-01
-1.140663904952286423e+00
-3.775391116203936082e-01
-2.560927907481253540e-01
-9.494883250761014526e-02
1.703788844705355299e+00
-9.943678502980710654e-01
7.489916057566006202e-01
9.007475184985486161e-01
4.439842446931789866e-01
1.190658407826336695e+00
1.000000000000000000e+00
-9.423643848568370729e-02
-1.808472761509975157e+00
1.000000000000000000e+00
-3.184872383706854881e-01
1.381906828991684488e+00
-1.846079742790537048e-01
