-1.975515733239469399e-02
2.052999554495054946e-01
-1.758241810786763670e-01
1.203270984237256591e-01
-1.864439639877072952e-01
2.414714149587914305e-01
-2.808208904536060313e-01
-2.637757512019057726e-01
2.215317298415642455e-01
1.477616322100525625e-01
-3.255435759746125868e-01
-1.748225390623563968e-01
1.064936089964800686e-01
-5.616259544824170336e-03
1.226109851354685171e-01
2.241586842283593006e-01
1.934509571310707998e-02
1.732238625377370278e-01
3.265023636424783104e-01
2.996415118393395693e-01
5.298747842722901363e-02
-1.897341111366485367e-01
-3.244454404346598930e-01
-4.105367206894842136e-01
-9.219098335606727701e-02
2.010521363666622208e-01
6.140678068765038911e-02
2.656318154201915971e-01
-2.356517620839739535e-01
9.747493671357333744e-02
3.937316340929586378e-01
-1.030478274908450398e-01
-1.648863084872332352e-01
2.106094136229987313e-01
-2.426463403031781929e-01
3.437113059316644625e-02
-2.352093153362120881e-01
1.473760015008012958e-01
6.515981130725191639e-02
-3.491127630240707935e-01
2.026376785329015995e-01
1.473933498939518083e-01
-2.938665369578319364e-01
-2.415645031325393960e-02
6.138676501244064165e-02
2.052402149047561353e-01
-2.240606728278279891e-02
8.046602787355677799e-02
-1.069534651593614938e-01
2.652677980139279690e-01
-2.827500493073132337e-01
-4.159129166937105548e-01
8.146917390970953576e-02
-8.825228947992912187e-02
-2.919798176715012183e-01
-1.692957404809398714e-01
-2.822335206681465536e-01
2.374060787723277499e-01
-3.689684289045806476e-01
-1.615346136392549758e-01
8.646234352528528455e-02
-4.452085186506243852e-02
-7.298432200980323192e-02
-5.554732004056144035e-02
6.248753980950943338e-02
-7.556106233789885822e-03
-5.101675423750526850e-01
-8.329445481865582757e-02
2.704047100684642269e-01
-3.185813014560259782e-02
-1.800764277113672263e-01
-7.812280939365648380e-02
-1.755359249139653299e-01
2.222237470987784014e-02
-7.270644809175501322e-02
-1.431382329001378295e-01
-1.078641276798193854e-01
-3.867334918060788551e-01
-7.579088487437920518e-01
9.346247994169770701e-02
-3.177254957710736599e-02
1.218192659596442351e-01
-1.809767142884608493e-01
-3.725828510942538752e-01
3.216190633632649565e-01
-3.655555463372685554e-01
-7.172934971258337900e-02
-2.286394930372326884e-01
1.791794003708698790e-01
-1.142827433922938285e-01
-3.113642279279158487e-01
-1.185926367713354274e-01
-6.990156458348545376e-02
9.224080044804169876e-02
-1.357414252923980214e-01
5.348178630654819299e-02
6.663260880208929926e-01
2.048026875600021945e-01
-2.375996501022001328e-01
2.003028669136662776e-01
6.676160381751422568e-02
9.854081491230397283e-02
7.874854831800261190e-03
1.642790419572865424e-01
-1.293356654511043369e-01
-1.031172575215963949e-01
1.612448037445692317e-01
-1.201659293319798649e-01
3.177057074475535536e-01
-1.186365375652488757e-01
2.960560250036197716e-01
1.033111364760609940e-01
-1.624473426938651266e-01
-4.140019936339702777e-01
4.750713826968078202e-02
3.694943151579543200e-02
4.835086085720535776e-02
-2.038661949228807446e-01
2.450007016342702348e-01
-1.435041082723706451e-02
2.114783635920091942e-01
-1.526830536739061939e-01
1.332146389514162199e-01
-8.118838318829108003e-02
-1.558225255137377085e-01
1.608917369742921821e-01
2.416459546761345195e-02
-3.747499885468943415e-01
-9.324012839333493952e-02
-2.820472590540025748e-01
-8.155485875193826950e-02
-8.067488994710368677e-02
-4.141306789389618270e-01
-8.428627867471048807e-02
2.208558799881020496e-02
3.532108944883122215e-01
-1.487691772217196728e-01
5.490074107701697209e-02
-3.817490909369230523e-01
1.028940826585389989e-01
-3.015665210495932502e-01
2.695930925750750773e-01
-4.479654953649489513e-02
7.624949159898042339e-02
-2.089440275267990810e-01
-1.092865562548542002e-01
8.624869807740191685e-02
-1.401517561464030170e-01
-2.350555821202986728e-01
1.994952446570468982e-02
-4.010786224955811829e-01
1.623426749155885973e-01
-2.194324645719120115e-01
-3.114333160340660434e-01
4.276010063361810887e-01
6.096013219093300572e-02
2.285645923341803054e-01
1.738173225620067708e-01
-3.236067689162154259e-01
-2.701432571474002842e-01
-4.453644278243429344e-02
1.780396975936064941e-01
-3.089282527653134380e-01
-9.197695967490678026e-02
4.051079226499518238e-02
-2.587281385679473522e-01
-1.638495275031143783e-01
1.070441710782593647e-02
2.294669749339284248e-01
-1.547554926592107846e-02
-3.007372124602467056e-01
-4.365456231876546078e-01
-1.834653072983753463e-01
-5.447444475930356134e-02
-2.289480855249863556e-01
-9.137962335320756746e-02
-1.647283643362432437e-01
3.468533476338775401e-02
3.005097396824937261e-01
-6.613865822558628871e-03
2.769682826225362132e-02
1.246207851568415237e-01
1.582221192216728411e-01
-4.323274145010640862e-02
-5.875657861059876974e-02
2.166989104588621373e-01
7.891828884414661682e-02
3.141379698863477898e-01
-1.509232118018027924e-01
1.309760621947188008e-01
4.738985928823722382e-01
1.613158126420310631e-02
-1.672778384489135295e-01
1.095322562426452317e-01
3.173968566360022558e-01
1.913610978836889354e-01
-1.514994325203383174e-01
1.223638705134452720e-02
3.582793209046266636e-01
1.542949660078025698e-01
-7.170066875603375856e-02
-1.622429869364385713e-01
5.184570488680080302e-01
1.656541983673657792e-01
3.688378869004638183e-03
9.088128624633548536e-02
-2.174987297591542135e-02
6.022724992419772189e-02
-1.391338848172594955e-02
-2.189900317619773024e-02
-2.955458928697522469e-01
1.265900304099677465e-01
1.925625587263456173e-01
5.283828931243725879e-01
3.409721555818604477e-01
1.639470144747658953e-01
1.581209403482747300e-03
2.433037849333855585e-01
2.816942359667105877e-02
2.804355273678803551e-01
-9.984512754030230863e-02
-1.643689310969818906e-01
2.134756687052590807e-01
2.014755033760620706e-01
3.079854484313078733e-01
6.729575628582953883e-02
-4.870575367138711004e-02
1.508568525876584077e-01
1.968089117294022361e-02
-1.937873880648265656e-01
-3.545274117177950601e-01
-3.427865156818131753e-01
3.223559021414514891e-01
3.829390806570999728e-01
-2.958310791013713664e-02
-7.509377939810908675e-02
1.574633902226859616e-01
-1.398011655243220352e-01
-8.245455113934108127e-02
-3.274629844636994802e-01
-2.653413369522728549e-01
1.215330222638487390e-02
-2.208412333399569494e-01
-5.751047138519510549e-03
4.691412088791302448e-02
1.384024219713904658e-01
-4.445073474722679996e-01
-7.396173665321173485e-02
-4.203016716099570310e-02
4.246513488565989980e-01
1.058053469357938918e-02
-8.045015172839578566e-02
-1.968305808868402729e-01
4.319197378106807983e-02
9.540954190496611642e-02
-2.692706588193202188e-01
2.367600521415001436e-01
1.363310167141191243e-01
6.594830916694843781e-02
1.444286242822984678e-01
2.734339617754023566e-01
1.335751209378171211e-01
4.883602107170075257e-01
2.139358067588646717e-02
1.165789466916293121e-01
