2.980638459682513619e-01
1.493204521066729296e+00
9.736573970046000781e-01
-2.252825786228974447e+00
-1.009211843542923592e+00
2.855963073686603515e+00
2.048279415620064547e-01
6.799747671297901030e-01
-3.997524833089581620e+00
-1.642948631203835941e+00
-1.041940527862002419e+00
-6.574293780026414513e-01
-2.481339458176059054e+00
6.198006698312737983e-01
3.027498225743587845e+00
3.335595137086213025e-01
2.689364715462250199e+00
5.353869929982397746e-01
-2.943733619359826914e+00
-5.123657916231422194e-01
-1.279256959980117569e+00
1.856291327874965980e+00
2.075982996406785741e+00
2.734830548197634492e+00
-1.428239953206331458e+00
-2.336113400098377646e+00
-2.381749348849689363e-01
7.959716490415106316e-01
1.602233374658146081e+00
-7.867798147440868695e-01
-9.599642441973965656e-02
-1.459575377477364766e+00
3.325410137988258352e-01
1.424948119863755913e+00
-1.123542011232977034e+00
1.159346620736071642e+00
-3.480813650486977440e-01
4.635962690396515096e-01
3.028672612255324470e+00
-3.431566188812208651e+00
2.638479654092440452e+00
4.723378753473605474e-01
-7.163383550130175692e-01
-3.320533970277591784e+00
4.568174341611151434e-01
2.274490730330098742e+00
1.111592874965570132e+00
9.842585126792918748e-01
-1.487876263431290313e-01
-1.753569718881419659e+00
1.959503428355712895e+00
-2.120977897863602024e+00
3.638029128049468652e-01
1.731716906814341428e+00
-1.114513709659360474e+00
-8.664219993854475055e-01
-1.227855387493492101e+00
2.209862273051486081e+00
1.175963219780585822e+00
3.479022929351539339e+00
-6.183080155653457588e-01
-1.155908986722627985e-01
4.278945186451538873e+00
2.010741835702283709e+00
1.755986003892193947e+00
-7.676153747449416809e-01
-1.907509943016871601e+00
-1.109354638653060166e+00
-2.028975343967962974e+00
-1.358590046082075453e+00
-3.937817930249393750e-01
-6.045450943072145922e-01
6.762318841757978261e-01
-1.339144423927904004e+00
3.113796432534317038e-01
1.916870608729035474e-01
1.423355341184329603e+00
2.867820375537389221e+00
1.892596384416433297e+00
-2.372307375859952772e-01
-6.517564313041352975e-01
4.243254991125055220e+00
2.121442388455715977e-01
-4.488043141642323319e-01
-5.609162945202806894e-01
1.385886035498619329e+00
2.158154182570470869e-01
-1.589454099116999641e+00
-1.269383205630349787e+00
7.548369430864692031e-01
-1.724800563404290443e+00
1.272062254743295595e+00
1.543832398846780585e+00
-4.140049308134008399e-02
-2.531454267964613702e+00
1.900793828919281836e+00
1.067661486139910076e+00
-1.150843985211887244e+00
5.500319491978278297e-01
5.332385728795073776e-01
5.907653491748040553e-01
-1.889042826345602721e+00
-9.131626061054564092e-01
-3.606971342095421362e-01
1.552617553875018430e+00
-1.313237245778387408e+00
-1.817315978684241662e+00
-2.887220064744831838e+00
8.411079959694204300e-01
1.452630823960709971e+00
-3.929748509555476499e+00
1.152209074011806944e+00
8.184285922457665841e-01
-1.873991258590289144e+00
-6.498354689245080529e-01
-4.778203693861214907e-01
1.436820194890194857e+00
-1.598923914508138422e+00
1.482318596466003502e+00
1.740982939010005781e+00
-9.476450780344849445e-01
-2.648189668521564455e-01
1.092209308566663983e+00
-1.536902653763288162e+00
6.224913953696286084e-01
1.906094238137527042e-01
1.059583174127697314e+00
1.263415503892028280e+00
1.130183197873702694e+00
1.129838051414229660e+00
