3.152024105496952000e+00
1.820760092410485864e+00
1.275108637187037930e-01
2.319919410179743124e+00
-2.648383579882656491e+00
-5.295713030218802686e+00
-2.988151604032661446e+00
2.083138148132306355e+00
-7.647790509637834022e-01
-3.459270024021431134e+00
-4.904080666012851641e-01
4.540874409385002863e-01
3.710779029115121919e+00
-2.354604455239693195e+00
-4.344638483924633809e-01
2.222359345605928294e+00
-4.536925224419379177e-01
3.345484215754971125e+00
-1.215482389099309390e+00
1.604997454059064577e+00
8.385197466648518727e+00
-6.794884159666843004e-01
-1.444085584047442250e+00
-5.520662937253712599e+00
-2.634845161090496601e-01
-2.284280624695262052e+00
-5.807055486850546400e-01
3.518329156635982446e+00
2.316253959023463871e+00
-1.932669815734876062e+00
-2.148537181251462869e+00
-1.059372505015214294e+00
-5.376962820592591230e-01
5.185580648767016410e-01
8.484250872252969700e-01
2.267580317066962170e+00
5.047631481748048543e+00
-4.531663570482228343e-01
5.783944494719570617e-01
-2.434794635007607067e+00
8.236188678350065961e-01
2.629477483685575656e+00
3.151197607564343528e+00
1.245539193519866750e+00
-2.505956984723791692e+00
3.470997531831151672e+00
-9.788302086084701870e+00
-1.992911837542978626e+00
-2.601214893602006750e+00
2.876043053728108312e+00
2.535431185938820775e+00
7.860076701587797032e-01
2.787580009341490417e+00
6.298806679363164740e+00
2.233137318674874194e+00
-4.171650760368328936e-01
-4.987996992498760385e+00
1.809391460971469190e+00
1.447695183247323714e+00
-3.488915054992310250e+00
-4.594364504408400052e+00
-2.332509942861131336e+00
1.835424814616180900e+00
-3.251049654077501572e+00
3.068856704673402991e+00
-9.052052895290159107e-01
-1.017169275375659598e+00
1.706742016259599426e+00
2.455530381351637370e+00
2.108890323227635477e+00
1.730876434805605824e+00
-3.400636101092588959e+00
-8.258654807862946257e-01
2.220954074790320476e+00
4.360831820491002375e+00
6.737725659449391724e-01
-6.233731804092510487e+00
-2.568116206594642126e+00
-3.897695459541671070e+00
3.557551396933486210e+00
-1.653341145349223051e+00
3.709630153049301882e+00
-1.849317788592432787e+00
-6.614859010183439914e+00
-2.112738385922967144e+00
-2.209692280812622922e+00
4.898476592842171407e+00
-5.421498147874544316e+00
-3.853722506489955180e+00
5.510324497470623584e+00
1.903270069991451319e+00
-2.224647047035964942e+00
3.924546762025838742e+00
9.421189349491736476e-01
2.389763778467361988e-01
-6.042207790955285152e-01
-2.746581013105411806e+00
1.804385975414890320e+00
3.322252413889506428e+00
-1.392351578346879837e-01
4.640138809040837975e-01
-1.510526563219299456e+00
-1.837229406340211035e+00
1.758445193446756205e+00
2.282308542666644957e+00
1.135181666729415229e+00
1.036272593424852895e+00
1.036178163896542603e+00
-7.955168415624173095e-01
-8.472086846991231823e+00
4.191762479505819483e-01
1.352544354005777327e+00
-1.321285634857947588e+00
-2.562928813148668272e-01
1.703022700087490682e+00
-6.809112367841425595e-01
-1.239547440185784666e+00
8.075564192923597062e+00
-2.984916478596294276e+00
5.961054224182493755e+00
1.167594746023179475e+00
8.261603104533861153e-01
-1.432064972496122079e-01
-5.726436516343890837e+00
1.823476874465276065e+00
-1.192898155399466642e+00
-1.988886655594591213e+00
-5.586954332545953861e+00
-9.024345634101210711e-01
-1.063389571686498503e+00
5.550273368843246402e+00
-2.177559262271551166e+00
3.146984343832297970e+00
9.781083074990015724e-02
-6.609872158033855971e-01
4.888415111858435136e-02
3.041106037183067823e+00
2.960541753225073958e+00
-1.207586972493526201e+00
4.713634602974896559e-01
-2.283260239568800642e+00
2.064412790813426213e+00
-2.692551557142349061e+00
4.003436813654752235e+00
1.332355111371043010e+00
-2.426510198474163271e+00
-7.844180612045885681e-01
1.344764128362485156e+00
-1.786067210665913896e+00
-2.673016251419749967e+00
-4.463410200048381959e+00
2.024865410898321727e+00
-1.719908016920881577e+00
-3.353646194834187355e+00
-2.510728863863871396e+00
-4.960062320134088765e+00
-1.529511128725250746e+00
1.103358086957409778e+00
3.165998330626970336e+00
-1.135018410013196366e+00
-3.566723310386259893e+00
-2.570366633667189316e+00
-1.996536644573174257e+00
8.788749841114519512e+00
-3.240535362838091737e-01
-2.543677115742053463e+00
-3.232952929407586495e+00
-2.549251316944791679e-01
-2.465537927828985065e+00
-1.051715177642965404e+00
9.262235965628892176e-01
-2.054382042136606579e+00
-9.364588114528886731e-01
1.174074317380284116e+00
3.095288607027233851e+00
-1.067077960050629049e+00
4.814324233446050094e+00
6.892055964884504782e-01
-2.328174363923846357e+00
3.905548695379765789e-01
-3.835474267569821460e+00
2.612140193422916035e-01
1.971109012345311218e+00
-2.939168988389095905e-02
-3.960598981863558521e+00
1.542328762875394776e+00
2.816954026658258226e-01
-1.259038901651488462e+00
1.656087929045248819e+00
3.656488473713465748e+00
-3.321800730305624505e+00
-3.384349096004000135e+00
2.808718818319264621e-01
-3.474876018331402250e+00
-4.003446922938269203e+00
-2.015496925189765587e-01
1.030936884459368874e-01
2.081972059050252177e-01
-4.067561282708299086e-01
3.031961264219976471e+00
5.752790550288695570e-01
5.561922503447744859e+00
-1.496810347658489970e+00
6.393247885022721455e-01
-4.790696714905433140e+00
2.205625711651220122e-01
4.432276883528291300e+00
-7.595410483556124248e-01
2.305435440882033227e+00
-2.116301821054916932e+00
-4.504869618236318374e+00
3.518791330760964620e+00
3.246719411702538416e+00
2.489658241310778397e+00
4.574013513421776977e+00
4.920520259800952312e-01
-2.361306465266881816e+00
1.370773467302689674e+00
-2.374127191785999180e+00
1.724851460524347235e+00
-3.273434943531414731e+00
-1.773013083210486895e+00
8.695388964353522043e-01
-1.062586443658761093e+00
2.094111629027100907e+00
-1.672458043000979444e+00
-2.407224056924820221e+00
4.890714599330111767e+00
2.729080620314849881e-02
4.539031188875884304e+00
-3.739446581169663553e+00
-8.801173191925158790e+00
4.623907394845524266e+00
2.336965580707442314e+00
1.481677928902288333e+00
-4.939572952252867744e+00
-3.761756007938896307e+00
2.429645209603069400e+00
5.153663113426105724e+00
5.255142105628715754e+00
7.382980656529334329e-01
-1.707775776503243748e+00
-1.502441503684762925e+00
2.575977352367623041e+00
1.735415407141258637e+00
6.706326251526218973e-01
6.211926397477145478e+00
6.775820805379145106e+00
7.262796002413882679e-01
-3.189706903746881039e+00
-3.582650212956653757e+00
1.563937561086924832e+00
4.292228787236822996e+00
2.869560489382711133e+00
-3.849927678809111242e+00
1.669213946322603448e+00
-2.731948949254809467e+00
1.706507860221865513e+00
9.268461144898184623e-01
-3.635556199293429547e+00
-1.473332821906524925e+00
2.134961599856323833e+00
6.778526962418439439e+00
5.933600283724286273e-01
3.503751447855054213e+00
