4.599128242440023162e-01
-1.518800080148627052e-01
-5.145676672664210166e-02
3.338998067416245052e-01
-1.681834817711000740e+00
-8.213882545342527930e-01
-7.598645342147450910e-01
7.629088954292519986e-01
-3.527750038940861699e-01
2.634677254878818320e-01
4.921413953797302843e-01
-6.620547092976580839e-01
1.482427532697845773e+00
-1.131922651056405771e+00
-1.472599255973479904e-01
-1.522697710068541266e-01
-4.672947918321976868e-01
6.473334839648279271e-01
-7.899517578375414573e-01
1.291373118792219499e+00
9.862954560414103344e-01
9.165242987368544814e-01
9.922857281167019039e-01
7.521175040307515047e-01
-1.404436849397975973e+00
3.593751513441191259e-01
8.008503337808531297e-01
5.548274089657059260e-01
-8.634278280294653829e-01
8.377123075035820543e-01
-1.295607741485369224e-01
1.376398904739339679e+00
1.507344882497921423e+00
-1.602411921777308623e-01
-6.810160307854746797e-01
4.825744339493481250e-01
7.189394897909415216e-02
-3.654506335283841945e-01
3.464206653055649232e-01
3.411508511220407991e-01
-6.275603308469630548e-01
-1.866001613020532801e+00
-8.719394707023138402e-02
-1.216413136824902708e+00
-5.481752624658147166e-01
-6.663391353786977112e-01
1.199818831862247137e+00
2.362249497469692816e+00
2.587122782168131407e-01
-1.024544333928262718e+00
3.602875414758704986e-01
3.137211189244568654e-01
-1.909009407698234684e+00
-1.245024970421205968e+00
1.210343266072957169e+00
-3.369087297569592909e-01
-6.256536507442116424e-01
1.144839535217236220e-01
-6.071616909677226073e-03
-9.704332659473643430e-01
-3.468526913551051583e-01
-3.984567017029618241e-01
-2.415743383713890233e-02
-5.350438679578043422e-01
1.155908714070968735e+00
7.662470820860755039e-01
8.069597886358402805e-01
-9.021993321411384548e-01
-5.256588462524230954e-01
-9.086988136569730257e-01
-1.536189831691346097e-01
6.233441460679695068e-02
-1.683781188305743193e+00
-8.164116882283947163e-01
-1.082583805500593854e+00
6.368425162148101393e-01
1.791259874896851678e-01
-1.103185881862807777e-01
-4.551494913823334598e-01
2.259484856004413400e-01
-2.551815013820107336e-01
9.211761136767377955e-01
2.129901336581548066e-01
-1.000157050252425739e+00
8.332116192228010421e-02
9.582068499800530659e-02
8.340042106318797110e-02
1.970529277843438010e+00
-3.593361901252053459e-01
1.519652748493375727e+00
4.122458475626973318e-01
1.330914745495791918e+00
-8.241488266158579767e-01
-3.107193492545176627e-01
1.064554028918266004e+00
1.130425058267688021e+00
-1.304745344818272645e+00
5.400362491123049669e-01
-6.086798975215756274e-02
-1.279795748963509228e-01
-1.679670585247555747e+00
-6.878581457888275352e-01
-3.839505339455388522e-01
-1.133739685662439767e+00
2.757003680135324819e-01
-5.440696291190689760e-01
-8.473855891079308256e-01
3.602698113552556536e-01
-6.430403665877147956e-01
-2.573039174439877730e+00
-2.974930929037606364e-01
-1.471184890534718459e+00
6.390319466758368483e-01
2.676925283396298649e-01
-7.388304994027432571e-01
-9.346808116988419846e-01
1.487563486971696269e+00
6.634651405350309172e-01
7.884429054505617263e-01
1.302649411936994683e-01
-7.555373502480242642e-01
1.469982991342009493e+00
-6.418134468732531461e-01
1.196539890039323012e-01
1.677669479772400385e-01
1.969525588118385961e-01
-1.767481877859819805e+00
-8.910701648777824557e-01
-2.166498118340786760e+00
1.227217489446833509e-01
3.003608526778197563e-01
1.519878983334310929e+00
-7.548073690808980718e-01
3.099431278679130042e-01
5.687577876715593783e-01
2.922641052244021737e-02
-3.398461008039758147e-01
7.839885157483574840e-01
2.191123447389738688e-01
2.818648567464448473e-01
-1.266325387365480948e+00
6.823865114987409664e-01
1.985112858257377599e+00
1.453102066138400317e-01
-6.030658648220742213e-02
-1.608091059762631003e+00
-1.180148044931012136e-01
-1.641030122847728645e-01
-1.146241827408701841e+00
2.949670686787541629e-01
1.200511545011011094e+00
4.033761225949993867e-01
2.079211944154018832e-01
6.554054215262294925e-01
-1.267335846150917655e+00
1.078563591267291261e-01
-1.000193740925258590e+00
2.340204747747289329e-02
1.526567274052352152e+00
-5.032926689783689955e-02
-8.228266424216470476e-01
8.800002075488471132e-01
-9.208169702713882021e-01
-3.877063341719005907e-01
1.319039300101620960e+00
1.302717411429158201e+00
1.803429932190445673e+00
3.559129219109048448e-01
1.187460397133299539e+00
8.894451661713312918e-01
-2.060396616761403232e-01
1.342645601733339467e+00
-1.414003095323247639e+00
2.775041967770257578e-01
1.355045577590856254e-01
-5.892234726610334761e-01
-1.288039641412240144e+00
-1.638969943871885215e+00
-7.285009596825280376e-01
1.292627720865691554e+00
-2.658381915635957826e-01
-5.719671787201231483e-01
-6.178207642408481970e-01
6.949208892551733685e-01
2.307477764380865271e-01
-4.998841943871175086e-01
1.755660064073908400e-01
1.647568202079485289e+00
-8.721819665083142825e-02
3.684852138059920845e-01
-6.743973535141840614e-01
-1.793692812268853631e-01
-6.049936536840256895e-01
9.903004168223441539e-01
-5.318003782356431897e-01
7.288792743795783347e-01
-1.751325510699529575e+00
-2.684839697195535169e-01
-5.828348288214944134e-02
6.086716267600158492e-01
1.689788149415552887e+00
-1.107718900689261599e+00
-4.874809224465874169e-01
1.094278141551397354e+00
1.005414496850313810e+00
-5.693430316832740479e-01
-8.340409255492265972e-01
-9.613482779318308635e-01
8.961922670622267661e-01
-1.810261923141532003e+00
-2.912981550707608933e-02
1.987146809815663717e+00
7.745165959113445853e-01
-7.016158789258690742e-01
-1.057658418158806124e-01
9.309756675983331675e-01
9.955586167391905494e-01
6.153121394366529717e-01
-5.190529839878062213e-02
-3.552878307926707890e-01
9.469149630082182578e-02
2.114632823106696036e-01
-3.335666811771657581e-01
1.949150538097734198e-01
7.383031940266282511e-01
1.256027784818020132e-01
1.144689792894730163e+00
-1.322315995434363289e+00
2.258623309491534226e-01
-7.225884834162479287e-01
-1.698474789846451616e+00
-7.949959231856813524e-01
7.077411206124352150e-01
3.138174735418979289e-01
-7.304593694301698692e-01
1.524606969323679895e+00
-5.589790213973742233e-03
1.427822290093428426e-01
8.885400587496185276e-02
-3.809125033650739289e-01
-1.685956602614406830e-01
-5.062808582864650742e-01
-1.890857747387642007e-01
6.341553210438286570e-01
-3.644760629905200999e-01
-1.256090551104618869e-01
9.140479648852044559e-01
6.577819645744146237e-01
4.857089492925417140e-01
-2.295208823230653616e-01
6.075928415557910744e-01
-5.490111825059674766e-01
-8.379789570715908686e-01
-3.136671890710935329e-01
1.220110359662550215e+00
1.241951439334176843e+00
3.587216850863330087e-01
-1.058857183398050017e+00
-5.759981281796181518e-01
1.504600514029941660e+00
-6.743458110318575338e-01
-6.782942878988790225e-01
2.474648065936052355e+00
-5.772939957644843689e-01
-2.193854698912682366e+00
9.389247324584876209e-01
1.952322128619824182e-01
1.357430600793302133e+00
1.697951758467242112e+00
-2.275027703400008539e-01
1.460032977286856715e-01
1.619480399963569184e+00
-9.410225706763428732e-01
1.174219346532928254e+00
2.299785753769247321e-01
-2.522824129999750586e-01
-6.063607051604836817e-01
-1.221370306955671947e-01
-1.662569954106541403e-01
9.955002762508815550e-01
-1.287802017716740854e+00
8.594794155772722544e-01
-5.196173898773568389e-01
-8.541502309906717771e-01
-1.429282788884354671e+00
3.809785215450837981e-02
8.395370700167299471e-01
1.043081924005010874e+00
6.722757222025850243e-01
2.706522416923344901e-02
-4.953191382673432369e-02
7.435671286196938734e-01
5.747148589420995046e-01
1.974047548624668358e-01
-3.689589899260020123e-01
-7.124568249052114499e-01
1.724380062476372488e-01
-2.361195271786112604e-01
1.750117863045088429e+00
-2.343009391471663483e-02
6.521294551757824687e-01
9.652044862413572401e-01
-6.236036569520320150e-01
2.495301891540496753e-01
1.261235671891178245e-01
4.005264159242487021e-01
2.502535323495270747e-01
-9.540353455358761003e-01
8.648990982492742452e-01
-1.404888442478151811e+00
6.193342604863704137e-01
-2.608412623138441772e-02
-2.678421272401164122e-01
1.367404605141591678e-01
-1.225479084656725615e+00
-6.136045832139704892e-01
-6.824496878009203016e-01
-7.838591188797930931e-01
2.982075319301338290e-01
-9.224337617003446343e-01
-1.982456121640207236e+00
6.947979444352773148e-01
7.776693625740944693e-01
6.106298972775803247e-01
