1.539025057394616924e+00
1.407329973014635804e+00
2.302563385882498537e+00
2.101587075922085823e+00
-6.919685479832954345e-02
1.551753768975876469e+00
-1.824969959375179585e+00
2.491248192509346815e+00
-2.061591336361590088e-02
-2.626341336012545380e+00
-2.321813127418995037e+00
1.175883325275127955e+00
1.553638932730279976e+00
6.330105015980492800e-01
-3.531299420005817868e-01
1.051006148113865724e+00
-3.079781427430396956e-01
-3.085054802152831233e-01
-9.859640193256983265e-01
1.051415470797232299e+00
-2.545497189770794311e+00
5.083074506206097798e-02
2.103506531304049521e+00
-1.265934082647448999e+00
2.968745746773858718e-01
1.415327343139172189e-01
1.266207614620250999e+00
4.061607068335760795e-01
1.845294368433760268e-01
-7.009287799159923393e-01
-2.611026020083190513e+00
5.514964112899822801e-01
-2.458866439861939313e+00
9.109589543300367076e-02
-1.272446245227656370e+00
-2.663766821956214947e-02
3.131566719159675216e-01
-1.446971620375543832e+00
2.159682137312826988e+00
-1.959153385933437352e+00
9.137852730827333847e-01
5.134634604052925599e-01
1.399835070658338676e+00
5.955373196086716225e-01
-1.426914196609757601e-01
-2.718351102281605591e+00
3.868772475666385491e-01
1.279269589909154625e+00
8.692576119277157787e-01
2.127679059003119155e-01
-5.316328282229756397e-01
-1.616979375841907762e+00
-2.305033639868616202e+00
7.060183952725267442e-01
1.395090035607376322e+00
4.050422964677910187e+00
-9.236608782585098432e-01
-2.674279093526221729e+00
-5.023187621946496595e-01
9.939106454892349118e-01
-8.899277768193089022e-01
-1.498571346689694828e+00
7.517202723176916734e-01
-2.384234574502785975e-02
1.288620349853772051e+00
-2.493837435603324604e+00
-1.859513902704202915e+00
-1.667556910746170296e+00
1.948987948729214104e+00
1.179278582166121803e+00
2.489297472194786920e-01
-9.704784467636027312e-01
-7.107726228263028245e-01
1.032272677605158062e+00
6.263286683901025942e-01
-2.270695333573236052e-02
1.711361378593841964e+00
-1.814404324726216489e+00
-9.793069702638436125e-01
3.175704923238986233e+00
-2.017937735574861335e+00
-1.232066963138832127e+00
-2.439805526758667131e-01
1.928645747069588579e+00
-4.809165181051326954e+00
-2.299704668074231684e+00
-1.984796291639772114e-01
1.824519865458210210e+00
1.641407569598283267e+00
7.114562530698816945e-01
5.809998723228708695e-01
8.967647092770033579e-01
1.150762962233824682e+00
3.588163676000472257e+00
-7.343377600774997349e-01
-6.326451302404253463e-01
1.801243762540998050e+00
-1.467467411995179383e+00
5.222997329870591177e-01
4.931719480255243315e-01
-5.225101525858513174e-01
-1.448210698607541813e+00
1.605987056339974295e+00
-1.649480716275525838e+00
2.692570063586906759e+00
-6.364282273742922769e-01
1.211432740385156137e+00
9.645636964852974948e-01
-1.157927779309111394e+00
-6.086386612876122371e-01
-5.852218156260690085e-01
-1.800355988498023363e+00
2.546515779751749586e-01
6.261189219224440050e-01
9.060135567503475595e-01
6.732546578035681906e-01
-8.232785678177899635e-01
1.288721029808814533e+00
4.251124961845756944e-01
-1.103133915838486745e-01
9.542970696888249948e-01
2.339875537582972953e+00
8.720348656321398328e-01
6.437649819375950155e-01
2.060272167122668474e+00
-5.910436127438656317e-02
9.360375517324340811e-01
-1.968004773181687428e+00
-9.445584332829073393e-01
5.231612935061344949e-01
2.463581026531967311e+00
-1.947485163966841126e-01
-1.356456250577939171e+00
-1.222316496017845200e+00
-2.688101186121941488e+00
-1.801845587350985989e+00
4.844888527095129738e-01
2.278309283561014698e-01
4.898911250545480711e-01
-2.127823996370510340e-01
2.077768744527251243e+00
1.953168334381226945e+00
-1.548812495046520521e+00
-2.427272829561515355e+00
6.909226241641719390e-02
-1.788923795924731941e+00
-4.486693785507214205e-01
3.731860637529137437e-01
1.116635804157584566e+00
9.531171010417716083e-01
1.647564787992962021e+00
-8.158472799152884924e-01
-1.200543646779124174e-01
-1.951435831962531564e+00
-5.090671904559963545e-01
6.030026974269456774e-01
1.611938261614819456e+00
1.082631919513195262e+00
5.285882448232895880e-01
-2.788368801599452773e+00
1.931924007709523883e+00
2.615293847309445141e+00
-1.691942522747686972e+00
-4.886315518048467421e-01
1.474943199969697583e+00
-1.204411381210442444e+00
1.986528972410420923e+00
-1.272594321582897647e+00
8.424504168606938848e-01
1.206311775213632753e+00
6.012921839922868994e-01
-1.098415703301913293e+00
-4.334475939831474722e-01
3.585709912768831664e+00
4.475949193361259404e-01
2.785537380187698808e+00
1.132787596046556322e+00
-2.115929850767905407e+00
-3.301768238757814000e-01
2.246896363782219908e+00
-4.246788432302448513e+00
-7.422068236729917334e-02
2.891914511395674015e-01
-2.979900480989718048e+00
-2.206413031183155127e+00
4.978385498112418706e-01
1.174043903834578240e+00
5.888896480194205640e-01
6.298857823779152598e-01
-1.328514347839439669e+00
-1.535430375401214853e+00
-8.472595603614576643e-01
-2.697634602749313104e-01
-3.928777718430367938e-01
1.548469317583032634e+00
5.153169304960814046e-02
-1.097584582622361138e+00
2.067863347559361631e-01
5.588847038919835253e-01
2.758867277052730493e+00
3.464636106519537684e+00
9.269659049466919543e-01
1.790259633890308510e+00
1.027805933901230651e+00
3.559903880690187261e-01
-3.021496786833007153e+00
2.601907485669186504e-01
-1.085815815604161738e+00
-1.822661899789745465e+00
-1.184237338730308897e+00
-3.183846946888878815e+00
-1.054362760201568383e+00
2.066779917713922998e+00
1.890538603055404332e+00
2.008056708495052245e+00
-1.427982110650141134e+00
-2.502703879436653622e+00
5.687934004480674766e-01
5.885468199278911516e-01
3.245580239843773196e+00
-1.625909824259204273e+00
2.648788985346048341e-01
2.650644679842532714e+00
1.706071161978633510e+00
2.226057148271601838e-01
2.624975143815614920e-01
-1.043238823249384106e+00
2.220657863108246755e+00
-6.939844964280497130e-01
1.729753597445644608e+00
-5.640810632907468092e-01
8.976833902757053174e-02
3.664090374220489998e-01
1.591784681235234311e+00
6.645724767242389142e-02
-1.552016256277643613e+00
-2.627649253234398685e-02
1.705364870764694896e+00
2.712879324719500662e+00
1.980070763680755963e+00
-1.275056080228235356e+00
2.246883641209549420e-01
2.680793262769881391e+00
-1.894466673705046622e+00
1.752639312941858929e+00
2.729070179317736322e-01
7.868414137651276175e-01
-1.059452925028516956e+00
7.306705091334908531e-03
-8.932253531788181267e-01
-5.427790891538303297e-01
1.937598246011186909e+00
9.940652592025074341e-01
-5.946125680283720349e-02
6.851272460024139255e-01
-3.040233204688034707e+00
2.962174911856092052e+00
1.441628603316021051e+00
1.626302730709578981e+00
-1.506895962363393737e-01
-1.584585045606298426e+00
-2.829261890264554324e+00
2.722016452354394822e+00
-2.259578637021094849e+00
1.666931151301068503e+00
