7.349478077438598156e-02
1.047478442948205912e-01
-2.705300262394767508e-01
-8.392179192158949474e-01
6.368062735874874258e-01
7.455617831674740126e-01
6.098981389295288214e-01
-2.999348561612760755e-02
1.113170289595416529e-01
-1.165947311089045924e+00
1.375683396509151279e+00
3.535347468811691929e+00
1.056483939485013845e+00
-7.128456731541847891e-01
2.074196286586879712e+00
7.422961420313487491e-01
2.202396980444264685e+00
-1.512666608735341311e-02
-7.879536985475310562e-02
-2.506619667870979562e+00
-9.337047590667559849e-01
-1.613203283037820235e+00
-2.540089009145702348e-01
-3.346482224218247481e+00
-1.005827904829117214e+00
-4.686518136005854984e-01
-1.177995901415187063e+00
-5.560339050907683323e-01
-9.263365502299978349e-01
-1.593901633918736405e+00
-2.834357546634631020e-01
-6.682299061618723890e-01
7.101227591415223972e-03
-1.283819128185382574e+00
-1.183498252720326160e+00
-5.108340795345679419e-01
1.370000405670129262e-01
-6.760598085932337242e-03
-1.639905332121504911e+00
1.611239343512891886e-01
-4.063405524526208512e-01
-2.214775538234373009e+00
2.553179563568238386e+00
-2.950849648959581017e+00
1.826167060777547313e+00
-1.615815590912844879e+00
1.349113622476357133e+00
-2.823606869386335649e+00
3.031416697819623862e-01
3.011002645210049122e-01
-6.201981910190934588e-02
3.659200369167534550e-01
1.131108272107963719e+00
-9.763957080340630590e-01
1.771995978599547161e+00
2.176473913139585825e+00
5.512742055672766872e-01
2.428686435475871375e-01
2.439368557895971734e-01
-2.204688753550412272e+00
3.317307195647807294e-01
1.154162769489403439e+00
-6.068767399641592508e-01
-2.955226099812199858e-01
9.707305488945988659e-01
1.187972534572252492e+00
6.688467007379617080e-01
-1.482947311921156697e+00
1.073630263695837028e+00
4.609828176918557840e-01
-5.861597054218232739e-01
-1.503982542173230907e+00
2.602343122210642790e+00
2.805600051990896127e+00
-3.750062344193831332e-01
1.065679515399710064e+00
-2.642594065022510486e-01
-2.729936724938934578e+00
-2.241212535495221037e+00
-2.216317887326563874e+00
2.086864242109628620e+00
-1.262581370144512327e+00
-4.386324634513210086e-01
1.171941694738150685e+00
1.688111682806765046e+00
4.140066746503113237e-01
5.372753002527335120e-01
1.487907900817158069e+00
-2.583431725743949303e-01
1.324291692932725528e+00
-7.484329630629764640e-01
4.189590601329105657e-01
2.013562803588360151e-01
-1.524696702606795906e+00
1.023539574524774176e+00
4.915591794447283780e-01
-2.578556965971983903e-02
-1.528879601987392922e-01
1.037675907133824182e+00
-1.470125727397439741e+00
-5.164469871916255173e-01
5.031273641071638547e-01
1.544661353818501115e-01
-2.373164037515594904e-01
-7.371715745431529632e-01
-2.293886806491441277e+00
-7.137319534649932962e-01
-1.907318125758463045e+00
1.684051554235454606e+00
-8.278912682578412063e-01
1.915690558674223887e+00
1.479358882371401007e+00
-1.069388427677304687e-01
8.651162546058092095e-01
-1.763130546063948367e+00
-3.035804161043518246e-01
-5.862877781129564037e-01
-1.401292011707486962e+00
-1.446980092988628952e+00
1.140374910034936962e+00
9.070337300333091157e-01
1.448431910203947570e+00
-3.489187015440367023e-01
3.617422510788542711e-01
1.468290938924866396e+00
-2.689641916631330787e+00
1.975322101550577303e+00
-9.899173813536366051e-02
8.987318206667892495e-01
-8.779699486925858221e-01
-7.290201513035348135e-01
1.385820616584878540e-01
2.104389284499474044e+00
7.344944926646856942e-02
-1.179419774131568399e+00
-8.800173612596446926e-01
-1.940612366340763950e+00
-1.272799094525341790e+00
5.521565295980360721e-01
4.086025628762845474e-01
8.166739409038494824e-01
-4.126805744604839510e-01
-2.344446477645348192e+00
1.413100076994309173e+00
-2.333689199965566008e+00
-3.896354119357983703e-01
-2.843503771416770576e+00
1.708228969680076315e+00
-1.044636251317615505e+00
1.745733468884944406e+00
-1.579908247926266274e+00
-1.236322382230229389e-01
4.738807613728843737e-01
1.073688714216608719e+00
1.270401264895301363e+00
5.938483678868483606e-01
-1.857777428897472438e-01
-1.601990363182863142e+00
2.477523764637597381e+00
-5.383047832250327236e-01
-2.105211146564906155e+00
3.850143287383736568e-01
2.075643748914316689e+00
-4.195697538671353755e+00
1.058774859750907460e+00
-1.823660981947376358e+00
-2.064546820937865068e-01
-5.636227017478567802e-01
1.535749131378396859e+00
-6.978047925482365743e-01
-8.025317457924191489e-01
2.294819812733683406e+00
1.671332505788391654e+00
-6.897393930489972291e-01
1.547226052027643739e+00
7.452557693468089273e-01
1.816524539138879790e+00
-1.512544174957703103e+00
7.210878136704658159e-01
7.192328476196100384e-01
-1.672985631529868122e+00
