3.970240961448674999e-01
-4.050706798695458688e-01
1.440366212291866566e+00
2.212257117555769703e+00
-3.163469983902790217e-01
1.596179390690011354e-04
6.021647377020684644e-01
2.933644276604532308e-01
-2.020126074745351996e-01
9.962988379428470154e-01
5.375097453618521426e-01
-1.369264383864605028e+00
4.247436002771318719e-01
1.082187627127798368e+00
1.116169441690976205e+00
-7.037375870781018561e-01
2.616591735046111533e-01
-1.043414263176044354e+00
9.327378794010922070e-01
1.248324886806604583e+00
7.246000356847465129e-02
-1.672903257752863304e+00
3.653589106548575660e-02
-2.003724251203669926e+00
4.925465838444103572e-01
4.718609205707807175e-01
8.646018210257276904e-01
9.188740817786885673e-01
1.565015295081204849e+00
-5.089582033178799980e-01
5.634405857207928081e-01
2.227681142741033682e+00
-5.590220289544227672e-01
5.102104778511842298e-01
-8.343846006137485283e-01
1.108849382873275280e+00
1.777771428898223594e+00
9.508391083950719080e-01
1.423856534895174830e+00
5.520445995034131137e-01
5.172606870955192004e-01
1.392870833020300569e+00
1.385652405136253540e+00
1.815676770940172435e+00
2.466268742468232800e-01
1.282272010713594756e+00
5.800736368591018488e-01
2.801295097027166614e-01
-1.430046408320771179e-01
-8.921519424837345280e-01
-1.646454911967300649e+00
3.775529139609104523e-01
-1.013909399349988139e+00
-1.891536491817284782e+00
-6.702941046095268751e-01
-2.135455183372803489e+00
8.750934448399504406e-01
-1.699625016521951193e-01
4.747878304699784668e-01
-6.870262669259175059e-01
-6.624883357906372616e-01
-2.073238329044877482e+00
-5.231870439748481649e-01
-9.169327427848030787e-01
-1.474990830127490549e+00
-9.865852650008213320e-01
-1.210376133885903011e-01
-5.727225231982892018e-01
5.848499064073914983e-02
-5.991662120445276907e-01
2.879576154386302989e-01
6.692871051273132643e-01
-2.233379047109634585e-01
2.489984070209339262e-01
3.856354911197524826e-01
6.323562296969876817e-01
-8.066305921732080941e-01
1.241861481831007863e+00
-9.649566617133195634e-02
-7.409170225821701816e-01
3.319728049128476965e-01
8.886093510953524399e-01
3.753491195663091751e-01
-1.205216251836177754e+00
1.093949105161521551e+00
1.034653737846806393e-01
-5.543710009639788439e-01
-9.465500265167479110e-01
9.049347742358377911e-01
-6.173598429414333122e-01
-3.665791807808526648e-01
-2.436511028283804836e-01
7.119143151856019980e-01
1.504040012331262499e-01
-3.939566859722590242e-02
-1.337979437543906247e+00
-1.309694404170812509e+00
-4.073690652763513609e-01
1.779426039883828636e+00
1.925964459226667591e+00
3.830312759668736411e-01
5.628704087845169957e-01
5.900024738348816911e-01
-1.061008318223397806e+00
-2.076669368003872584e+00
-8.924055506471215704e-01
-5.080613053308431493e-01
-2.175145501731670372e-01
-1.743157690799516102e+00
4.600957279362088426e-01
-1.518841294484332805e+00
4.722450204429519682e-01
2.518021027211231888e-01
1.744286358099906620e+00
2.180266925900515088e-02
1.672304097050469229e+00
-6.654307208000822538e-01
-3.490254626175325059e-02
7.606958419265225091e-01
-6.783694079764531759e-01
6.560047850654626700e-01
4.127266944045142605e-01
-4.480710417132286461e-01
3.946378604912105237e-01
-2.894268329148430921e-02
-5.971514608054926398e-01
1.238590108190664951e+00
1.229620961818767233e+00
-2.262116244888798255e-02
-9.151731587719279526e-01
-3.871566390094202115e-01
2.786687985950994095e-01
1.549556343605903441e+00
-9.529704232495120886e-01
5.672795984415829329e-01
-1.169191228120352255e+00
2.225743451995121636e-01
-4.089009303173672949e-01
-9.743156667265375770e-01
5.118596064812745983e-01
1.162885342633830144e+00
5.643438579501990071e-02
-5.186284636785253310e-01
7.806386558831924782e-01
4.536118547523337319e-01
-1.662150771895452683e+00
1.056587945463554279e+00
-8.360825452317650619e-01
1.869600973933527754e+00
-1.149560763962957699e+00
2.151108421007561944e+00
8.559047227376592737e-01
8.065469073652967169e-02
8.553680781005266187e-01
-4.196280078205677500e-01
1.224984365212002935e+00
-5.914946801642655405e-01
-9.453100389895093825e-01
-5.552127286814495521e-01
-2.434604007645960189e-02
1.017364279400467586e+00
-6.621288004939748228e-01
-1.323049499678311536e-01
1.549845848638759627e+00
-1.571764665631834590e-01
-5.643740868601473393e-01
3.844954309678368931e-01
3.593906036712489982e+00
5.490721753357926671e-01
5.928332164367625667e-01
4.353533475721154677e-01
-1.963439857807986799e+00
3.737873684676716324e-01
-1.511162260031644111e+00
6.275417455427363400e-01
-8.214408901917018280e-02
5.110517959286918765e-01
1.487855659355368232e+00
1.965756644172752754e+00
-1.189280970444692720e-01
1.193114098415341412e-01
2.106118087850087583e+00
8.416564445574171993e-02
3.024412970432339698e+00
-4.082440705816615112e-01
9.364084241036321754e-02
1.377957970086401751e+00
-4.776692652597992472e-01
5.529896456930252086e-02
-5.487425862291173129e-02
-6.475670493498931757e-01
-3.630293784278338515e-02
-1.599039690640283506e+00
7.785161148074621895e-01
-8.011724589717917899e-01
1.454632734033955987e+00
-1.546267289057481564e+00
9.964474974309155131e-03
-8.967733162432249827e-01
-2.031226815256833296e-01
-8.525933165299249827e-01
3.315341141678342929e-01
3.799239186587421102e+00
7.230295878388109942e-02
-6.416666439285882984e-01
1.071882527935170026e+00
-8.945098035382245127e-01
2.805219278081249046e-01
5.547778661744497825e-02
4.801727027180145990e-01
-4.367347338565301107e-01
8.049579140852078929e-01
9.034924150277048871e-02
-1.377199545014476390e-01
-1.217944738701717489e+00
-1.009651306627743272e+00
1.305226112927056814e+00
2.306083865871430549e-01
1.541839151491311677e+00
2.113498646113339541e-01
9.660809665190224493e-02
-5.822931243870941298e-01
-1.316243433714799904e+00
-1.944060252517281429e+00
1.004998304286637140e-01
1.316494883512985936e+00
3.454934088128985836e-01
5.035310804978919696e-01
1.293599094343669265e-01
-1.035683427525160960e+00
-6.296633822482528009e-02
-2.575953184769502746e-01
2.123941469466333221e+00
1.020476294885585000e+00
3.779694862624415341e-01
-1.859161364048261544e-01
4.716128369901767536e-01
-5.198491498449037129e-01
3.961186109610690953e-01
-9.194059669345480135e-01
1.667571968524579784e+00
-1.470131078229106880e-01
-2.794981503804228606e-01
-1.053906547691989132e-01
3.454436896717695271e-01
-1.197947216559864136e+00
1.151999792950189443e-02
-1.921367156636003326e+00
-6.218258185695790807e-01
2.417071037666060906e+00
-1.274339510464492509e-01
-1.004874982114560833e+00
1.700658080791211280e+00
-2.345907201072394699e+00
6.451240526770993799e-01
-4.488964618052004307e-01
-1.903990657698161337e+00
8.939613764406899588e-01
-1.621083860612565264e+00
8.763510333422170895e-01
2.669929079452929788e+00
6.325846785960650420e-01
1.628001474515756275e+00
1.452632699068532318e-01
2.656676574121895062e-01
9.350014230980452368e-01
-4.505293379082604410e-01
1.004745707198518634e+00
-1.628021635000738598e+00
-4.032283119011911832e-01
4.198839296666904697e-01
-7.165720663812236157e-01
2.494197924076034134e+00
3.562422363719500717e-01
2.874074285620428215e-01
2.054949800431322693e+00
-1.465423412039465745e-01
6.708694870414397826e-01
-6.354468408534852397e-01
6.389762594290885334e-01
-1.043493432605967719e+00
1.022992931936559824e+00
-2.336291510290691709e-02
-8.633576902805242259e-01
-7.775845194766192181e-01
-4.997800303302063311e-03
8.047318040006744555e-01
-9.110601662575294746e-02
-7.368242468153777258e-01
-1.564030933463371298e+00
-4.319035084325688074e-04
-4.519679627548259249e-01
2.367814038576971647e-01
1.315012655198875668e+00
-1.725922852088279669e+00
1.057044926113537564e-01
-1.436569194311848152e+00
5.333436274778144970e-01
-3.934593913341163929e-01
-3.851086229085812218e-01
-5.125696697351744824e-01
-2.093852395959855173e+00
-4.124090389851645111e-01
9.812997015026793113e-01
5.377596376136866141e-01
-1.479016455798247698e+00
-1.372384985178577876e+00
-2.101459274419734680e+00
-3.819128023784006953e-01
-1.589876460936164637e+00
-6.192712646745206495e-01
6.250579689964577135e-01
-1.151072721181593428e+00
-6.168554193294444321e-01
-7.521580265255374265e-01
1.549260185483518848e+00
-4.825722959809806145e-01
9.350894528507966985e-01
7.912191376324158032e-01
-2.385285608634858612e+00
-8.203400883853498859e-01
-1.918607108436273800e-01
6.947092108311996306e-01
-7.941955668533259294e-01
-1.386626179961053806e-01
-9.818329576553996851e-01
1.502640742563203860e-02
-5.921551321259145295e-01
-1.319036784830452724e+00
1.226343391024333984e+00
-8.824587449391410043e-01
-8.268074732724939313e-01
-1.913966510978862168e+00
8.340045788891187195e-01
-3.945715863009752189e-01
-1.118012467783013664e+00
-1.114675979089478464e+00
-7.258681094578939286e-01
-1.368999088575267420e+00
1.958390126828828404e+00
3.218736752660322775e-02
-6.140959885325960599e-01
6.097149716694570953e-01
2.740220223972951175e+00
-5.659837693356568611e-01
-9.548308373608033195e-01
-1.681316513063086937e+00
-8.485463334915805955e-01
-1.892798899280597080e+00
-3.473132146613108207e-01
5.709656416827650904e-01
-4.958729153950760526e-01
1.360638378574509977e+00
1.906372643506532016e+00
9.990678413454729956e-01
-1.306026450825136485e-02
-4.529718156830664366e-01
-9.540199653332880336e-01
2.915643212876161683e-01
1.391659165437424406e+00
-9.179605043330180125e-01
9.541375521427046813e-01
-2.246126233488782986e-01
5.080982646582929974e-01
-3.364867549273141134e-01
1.334988611194395824e+00
-3.258963533027634668e-02
-7.595059945124572609e-01
7.977112685505157730e-01
-6.937160459674045487e-01
2.438562889504911624e-01
1.878241581216644640e+00
1.838766949740698251e-02
1.926533600538245794e-01
4.645654772285170431e-01
7.119424743559030211e-02
3.189867353393934790e-01
6.747922164634949649e-01
-1.307047886834383554e+00
-6.403470153883625837e-01
1.401934364393323806e-01
-2.261430676419926566e+00
-6.196399334694387973e-01
2.690304470551062033e-01
-7.065935671951288910e-01
-1.520224432975798012e-01
-3.516831244783502619e-01
-8.172159963373762936e-01
1.112103795910145188e+00
2.067058856349914819e+00
4.182200669126446280e-01
-4.033012002234273585e-01
1.118718198297451005e+00
2.009623696055057085e+00
5.788415926144611090e-01
-6.047810207207114930e-01
7.933846035106736916e-02
-1.278854902946942595e-01
-6.848266056284595393e-01
-8.910298498296062020e-01
3.273913354745784932e-01
-9.132145329799769007e-01
1.266533525831833096e+00
1.086845706683055440e-01
-5.023298593241691812e-01
1.295847824018670380e+00
1.240281247551776600e+00
-6.590313160712851781e-01
-7.566640524016085001e-01
2.121735243640771262e+00
6.215058661622782088e-01
8.844508748230001105e-01
-3.309374852055000926e-01
-4.198091422446020848e-01
2.464288854475067680e-01
-1.378834950140953031e-01
-3.272502792947097339e-01
1.559757289785473455e+00
1.450902796301405173e+00
-8.654799400141960711e-03
5.232724643853886581e-01
1.670832817935576697e+00
1.313273508624396513e+00
-4.044427678062183507e-01
-1.772270790466635271e+00
4.649977791693600260e-01
1.623328990872757727e-01
2.089947620205424794e+00
7.038952504040012492e-01
1.276594265867576405e+00
2.379855801770083268e-01
-1.893356008155241854e+00
-1.809016889515118631e+00
-1.349628684908061871e+00
1.161050529477896331e+00
-1.318554955018945041e+00
3.569648470587465927e-01
-8.094345298921332699e-01
9.905501311243316565e-01
2.810668626851620666e-01
-6.692073644491691731e-02
6.886519768362031613e-01
-5.555083535508438253e-01
8.538975183101839284e-02
-1.406884802433952419e+00
-1.729112477636491452e+00
1.379189733491800185e-01
-6.701385564125265926e-02
-4.818245849211340026e-01
-1.462808631323240682e+00
6.626911196384701608e-01
1.291524093735174350e-01
-1.442585652776961824e+00
-7.389470911687049393e-01
3.797587095495877363e-01
-1.975913796571557413e+00
-2.897974470890548049e-01
5.007198256183320595e-01
-1.340083307972989246e+00
-7.961745656474235322e-02
1.637644913284688752e-01
6.716368262230978381e-01
3.711413936306722783e-01
-1.531216843516581827e+00
3.445640067189127964e-01
-6.611977703724410960e-01
-7.528403591780968851e-01
-1.228968635523804531e+00
1.391487893292393307e+00
-7.857978828056469967e-01
-3.018601845436031716e+00
-9.513819140562630450e-01
5.863140178512776801e-01
1.474715882891632079e-01
-8.002720076087849188e-01
-2.191434115957350048e+00
-2.593117332384723972e-01
2.020238125287902697e+00
-4.151635211342877274e-01
1.541806480845665073e+00
1.266511343416369728e+00
-1.304376564200186994e+00
-1.260799073860942032e+00
8.135577125542353683e-02
1.125856912557501088e+00
-7.992314372876436757e-01
9.183998032414975032e-01
1.055849384675179081e+00
1.707244211089754993e+00
1.819543715580934293e-02
5.418581778892520573e-01
4.582985093049676273e-01
-1.321394065761242409e+00
-7.867722554885762110e-01
-9.097005304451775132e-01
6.885539973675967040e-01
1.381602387511405183e+00
7.182626372871395715e-01
4.247995963391253404e-01
-2.368500140914337193e-01
