-4.564178431164416135e-03
-2.095541336983298697e-01
-5.631750161762382190e-01
-4.347835968463723000e-01
-1.866161062383327462e-01
-3.497328681887371116e-01
-1.703964123368345129e+00
1.848944259527382616e+00
-2.883781859191771324e-01
2.945024303397600907e-01
2.601419521936609303e-01
6.897763702207747594e-01
-9.868790391086704750e-01
-1.872401328037678114e+00
9.299335580304308735e-01
-1.744162158559744297e-02
-1.401328977317454344e-02
1.481930607134948508e+00
6.401545115493555427e-01
2.228521115769301064e-01
1.214679131675893420e-01
-1.259359567354429776e+00
3.151972973216424223e-01
5.245903192557999084e-01
-6.151743081094562804e-01
-7.537357071761454641e-01
-4.772046147520997428e-01
1.130706014081318989e+00
-1.829333353482739954e-01
4.594427567876263052e-01
6.471223972992165008e-01
-1.805274149700887953e+00
2.871049146318791045e+00
-7.332959798524372186e-01
5.803190356869533106e-01
-1.243435735001895137e-02
2.003782956829690765e+00
1.226712604964501852e+00
2.000238640328232953e-01
3.004733407624411989e-01
8.484403206878532444e-01
-6.824008960844043514e-01
6.816385724809992386e-01
-2.628199664475217912e+00
1.583120404221702304e-01
-3.817883359573437385e-01
-8.772026104012741188e-01
-1.132484142833004581e+00
-1.651300382927566590e-01
6.667852718761059505e-02
-3.892770157731488823e-01
-1.007398336420732843e+00
6.877436869701957223e-01
-2.095820540148696232e-01
3.779677837653206418e-01
-1.033781958860055944e-01
1.738326228330382972e-01
-4.351030744746822165e-01
4.104198435917941756e-01
-4.210475120042940222e-01
-1.161970926717687647e+00
8.397422750875073172e-01
6.239974724104252468e-01
5.333449805081971196e-01
-2.202313801052894426e+00
-3.192885638111189750e-01
-1.152725234793926523e-01
6.128123964763683151e-01
7.233891863800294419e-02
4.624645430996907058e-02
-1.182274075466093199e+00
3.955166911010224440e-01
6.075006696840330456e-01
3.270471315420619085e+00
1.624067968864166156e+00
-1.073694635774887995e+00
-1.221368309574211997e-01
-2.785585757617574723e-02
-2.332290712633389163e+00
-1.612386331942054607e+00
9.905876222038546564e-01
-3.822930943969132106e-02
1.405506331922692809e+00
4.104782836091978165e-02
-1.222432948266212627e+00
1.579869201297371628e+00
-1.150793731610705084e+00
-2.205213701340432916e-02
-9.748780318726076866e-01
2.660116159567719671e-02
1.948926376522147397e+00
-2.537522792394516502e-01
-2.230923949485096314e-01
-6.961111559683684780e-01
-4.577024074507584639e-01
-6.520826025395939363e-01
-2.986426837617118801e-01
6.758505103410559212e-01
-3.598133073660486070e-01
2.094651518839373061e+00
-1.993762773088062712e+00
7.099255888021740457e-01
2.019140486330424533e+00
3.212729609313055845e-01
-9.731695057053637576e-01
4.426570863682370849e-01
-1.522436290719884344e-01
2.535401561875466267e-02
-1.374202935949061066e+00
4.910127793598573764e-01
-2.817224900022878287e-01
5.017476494390415986e-01
-1.538164859064448942e-01
-2.562661440593860113e-02
1.627640706911155644e-01
1.200006855351503310e+00
-1.459642900339501281e+00
7.073179083947971346e-01
-5.488144776896092258e-01
-6.608323187497584517e-01
-7.798219521427747214e-01
-5.979708241608878705e-01
-3.504981061378107943e-01
-1.107487847098943268e-01
1.198528291971167128e-02
9.583167284076032910e-01
6.782366996385523761e-01
1.888170651084461749e-01
-2.399113289307189343e-03
-6.686797576740642901e-01
2.094399498072295529e+00
9.396334751975423671e-01
-1.608460546232694854e+00
6.177827757039869860e-01
1.253872656339281466e+00
-1.522825008553150769e-02
1.514489475128073082e+00
-1.025359580506050028e+00
1.094216065981109542e+00
-2.066246226866589097e+00
-5.491405102700608332e-01
-3.563059481461892664e-01
-4.411381335203476417e-01
-7.210904302489342665e-01
1.120809525595309886e+00
-1.256040084639366228e+00
-6.893534714578563039e-01
-1.263749097968766555e-01
6.271506174463715722e-01
5.101422330334330901e-01
-4.541822344247007370e-01
6.868514184564216141e-01
-7.204508407692340466e-01
-3.053639747524874437e-01
1.386574269455410346e-01
8.138981442346205908e-01
8.420494912526079734e-01
-6.232368409662694675e-02
3.446111010816467757e-01
-6.420448858586339513e-01
-9.761690541768545115e-01
-8.123783230684005208e-01
-1.728004239028102074e+00
1.643353444510630146e+00
7.449310501432470089e-01
1.528653884261156337e-01
-3.632156467959146151e-01
2.999635117345861302e-01
-1.580096886521431543e-01
1.509817360575549383e+00
2.390905999938668369e+00
3.263329015680476730e-01
1.215476239882559151e+00
-1.287996569256032453e+00
-1.391382294431551481e+00
-1.427565025317610592e-01
1.577915088065099392e+00
3.103353347753064484e-01
-1.188078059415264676e+00
4.489773069755025880e-01
4.310958209916942452e-01
1.483333674323792595e+00
-1.752543581977189069e+00
1.000285066753206151e-02
4.792470265194783696e-01
-3.328254512783069829e-01
-1.542929980571786874e+00
1.063504101480015951e+00
1.137472086020944406e+00
-2.859366851652049291e-01
-9.410417957139082246e-01
1.213250382762488949e-01
2.214392707705164776e-01
-2.789261634324446959e-02
-1.155085373178190045e+00
-1.645683576715789576e+00
-1.557935922849626564e+00
-6.732504054193889642e-01
-1.050992286953664312e+00
-8.509105920337369788e-01
-3.488344480035874273e-01
4.417981094426610689e-01
-1.011530547183032702e+00
3.126031208537230488e-01
1.470819658637984029e+00
1.924121732877928537e+00
-3.028748731738906685e-01
1.746860762412296264e+00
-9.750319230654020952e-01
6.331713951918834793e-01
-3.750417078386907854e-01
-1.351389439894025823e+00
-9.528893350800443640e-01
-2.234119191498619983e-01
-1.814706687948045849e-01
1.184666561427105247e+00
-1.864892619703840460e+00
8.838313906138900444e-01
1.144257507000830953e+00
-1.003153740267754612e+00
1.616618792950925254e+00
3.473676137330461988e-01
2.315951783547137932e+00
-1.138416933797958608e+00
7.740688033296740933e-01
7.231640830038769119e-01
1.582193031829840724e+00
-9.657415824763224133e-02
-3.709904642190955254e-02
-1.099401699571978419e+00
9.994895620062216324e-01
9.565862876464512610e-01
-1.810279091771561932e-01
-7.863972463367393528e-01
-1.203709131593731385e+00
-1.553417730811719411e+00
7.517190230118251382e-01
3.190363290907299865e-02
-1.216478774453113275e-02
1.321205244516123534e+00
1.504887219021115552e+00
8.242967048921020501e-01
1.455074657605202271e+00
1.744531888641566164e-01
-9.856653431188607817e-01
3.956839790147727298e-02
-1.124989024571076079e+00
-1.480361328904488349e+00
-4.432815732572016332e-01
-1.958147478370571015e-01
