-9.286930480045610947e-01
-1.655222929495674400e+00
1.603345992700908829e+00
1.964890397801523081e+00
3.900262583758936863e+00
3.035326550361557851e-01
-4.410316639327513943e-01
-2.695898980182097615e-01
1.967146216691966765e-01
-1.325494445491419038e+00
-3.480379217680924508e-01
-1.490533259019746426e+00
1.657113689589339300e-01
-7.874563312920384028e-01
-5.773111426957765469e-01
-8.377120797505731575e-01
-1.583584689531662315e+00
8.545071907504919739e-01
-6.723801965866592623e-01
9.905433129604244158e-01
-9.329832603545167302e-01
1.863371041900733660e+00
-2.236155235323318280e+00
-1.840588947362503891e+00
3.393744736825782260e-01
-4.844697879684778385e-03
-9.402125310771435318e-01
-1.886012593012297289e-01
-1.768958251909733104e+00
-1.321824579190911786e+00
1.123232061009729943e+00
-2.293029891782145224e+00
3.243801146738684582e-01
-2.722930150842826968e+00
1.689534298998344841e+00
1.150387621596720589e+00
6.447940580987023829e-01
1.574608422308960254e+00
4.155955557129690781e-01
-4.276915400051600202e-01
-2.916570807107019547e+00
1.491655712670497458e+00
-9.946302439918536242e-01
7.870311656891164631e-01
-2.041005275430714416e+00
2.358519463868206323e+00
1.656870367832480984e+00
-1.218631009002971943e+00
-3.729696696453650429e-01
-3.362078443760084134e+00
1.340046713501217568e-01
1.690158863342154927e+00
1.046803095068752354e+00
-1.180206373409331544e+00
-2.423922752994210228e+00
1.115870911632327100e+00
2.957599106728597826e-02
4.377098587247177930e-01
-8.226235347729896619e-01
3.461833531686600018e-01
-9.829137353220476214e-01
-3.605574186190647623e-01
-2.232204120982837214e-01
-1.868583539715069186e+00
4.143634952682326289e-01
-1.695076257166299838e+00
-5.982641145690436035e-01
-2.500349266011599791e+00
1.094851304391107671e+00
1.414920644614837020e+00
-8.506942163598192330e-01
3.287760877168486306e-01
9.392619702803303161e-01
-7.080212371879193167e-01
9.037651979036271932e-01
-1.276465995787929852e+00
1.290797348651470333e+00
1.024531170318285500e-01
1.620150465466485556e+00
1.571096317421856181e-01
3.100074184124024690e+00
2.134845335801012212e+00
4.746049706363522080e-01
-8.580161752320897284e-01
5.617483987455678118e-01
2.392767331791479712e+00
-1.155770812434815387e+00
-3.180266917826778394e-01
-1.099829221028730153e+00
1.158895251901347567e+00
-5.214775116643686204e-01
1.190626718284755192e-01
-1.171748945785292539e+00
8.789309745810018892e-01
-5.087848901425133796e-01
-1.059456092529482418e-01
2.109346384695214294e+00
-3.944515716456178378e-01
-3.310424612067737193e+00
-4.013073207634419992e-01
4.633678183057644562e-01
7.045314101652047079e-01
-2.892331221265837193e+00
-2.031510231802149846e+00
-1.594441277664203072e-01
-8.957705044602214395e-01
-1.054192514879918496e+00
6.438744152152547917e-01
-1.584950583223891929e-01
-6.013217340192593685e-01
2.773001423108762520e+00
3.521427456249289101e+00
1.817754022810766257e+00
1.958776736222193282e+00
-4.765478544990503496e-01
1.089461880107551517e+00
-1.317579348055576194e+00
1.211887857610329133e+00
1.520653694978919113e+00
1.675111954874750619e-01
-9.889885199023809026e-01
2.692362777630557424e+00
-1.061437846672980134e-01
1.451177485675589351e-02
-1.022646281473854613e+00
-2.183784269845121973e+00
4.776630469431429882e-01
2.434478178127312265e-01
-2.846170292481937647e+00
-1.683309314999620110e+00
1.614612932988068517e+00
5.669180699395971468e-01
-4.590592954712273133e-01
2.855437873882604727e-02
-1.705399950843329515e+00
-1.175875880155473396e+00
1.650397927988740410e+00
-7.718641476802104440e-02
-1.427709285877637457e+00
-5.439078990183903173e-01
-2.818210732335975077e+00
-1.269516290719556739e+00
-4.591039939593566377e-01
-7.799818884023121957e-01
-3.673019383123680148e-01
7.608677319252408200e-01
6.863927658485928784e-01
-5.925158909257581819e-01
7.607766934237525369e-01
-2.321397389216217633e+00
1.052018610781133012e-02
-1.434959997011624022e+00
-2.974883214759447725e+00
1.502539095303150107e+00
-1.280045846008873722e-01
-1.551710278043339386e+00
-1.569843052663706384e-01
-4.198014744425613287e-01
1.404846501045433182e+00
5.461224799044240852e-01
-7.734180025064069097e-01
-6.031175524468678217e-01
2.453508864739623263e+00
-6.817720637951395490e-01
8.621654771884859070e-01
5.734968813326628556e-01
2.527691697679744998e+00
2.648259416565794222e+00
-6.881716144112314248e-01
1.888962346366604983e-01
3.638790093256385916e+00
-8.262890352155124463e-01
-2.226571873513457422e+00
2.588763639397738681e-01
-3.648912323893118703e-01
2.630167905621065838e+00
-2.660209698164530678e+00
-2.331410969514713938e-01
3.562168821221040282e+00
-3.262703696103068651e-01
9.116414870963097661e-01
-2.922306400661608627e+00
1.304311238090536618e+00
3.845183236844194608e-01
2.727364446161999911e+00
-1.813921846355888823e+00
-9.938327076233348656e-01
1.120834970548937326e+00
-2.585400692058255956e+00
2.551012110696276647e+00
-4.670880150297211375e-01
-1.739262810731434072e+00
-1.184133226775550884e+00
-7.560664550315677745e-01
-2.477338643687263087e+00
-2.369118234002708934e-01
-1.290636185212478804e+00
-6.099339815614022164e-01
9.746635482245715743e-01
1.808230310182728839e+00
-9.314721663303101584e-01
-9.903665789620383908e-01
-2.698837518089258758e-01
1.467855924155776037e+00
1.196936183125835385e+00
2.302886641928121314e+00
7.113042128799218489e-02
-9.871321143706860424e-01
4.095166697033447711e-02
-6.662337505790503212e-01
-9.254384753075871606e-01
-1.852800478427418351e+00
-3.993706821280381680e-01
3.035641518839634401e+00
9.300864571686522364e-01
8.866450003924792878e-01
3.894578242921822309e-01
8.583741893199448025e-02
1.743427735597165462e+00
1.817159478847116816e+00
-3.091046754170592159e+00
-9.367586288643736658e-02
8.536007184405687287e-01
2.109662450242015819e-01
1.726995952487615060e+00
-4.948207661576802252e-01
-2.046210854399243217e+00
1.560316222266826536e+00
-1.444269276280973013e+00
-4.507516264265987171e-01
7.564868846788308510e-02
-1.377645042496361105e+00
1.119240948617538756e+00
3.199771541747306713e+00
-2.930144079621127329e+00
-2.212282931359677018e-02
2.569028911682756933e-01
2.322695738636723295e+00
1.228839982042963408e+00
-5.851113535405290111e-01
-1.780808656025296699e-01
-8.579282657781709398e-01
1.261019138320965460e+00
1.681269992803166247e+00
3.416309191272883794e-01
-2.034606640186738868e+00
-1.115700205558717295e+00
9.457495773242492465e-01
1.795230481237517495e+00
-2.297259625547181106e+00
-8.791589937649095798e-01
5.790227389841633432e-01
-1.976684948939019693e+00
-1.467356329368563195e-03
-2.870733021737163160e+00
3.238825077271887398e-01
-2.722309783420334028e+00
9.631972518572713415e-01
-1.433814567409927854e+00
-3.191962247611991099e+00
-1.067332230441164320e+00
-1.280318703544645942e+00
-2.561019301478373311e-01
8.918296377722592094e-01
-8.353668097528232916e-01
