-5.999155994699767458e-01
4.527225458852526252e-01
-2.279307502875958236e-01
6.016939095144433480e-01
3.303197091747515746e+00
1.474146680935977338e+00
-6.379322934740747630e-01
-3.248508812086937092e-01
-5.082696353208178586e+00
9.058936946832110149e-01
-1.530247132686206601e+00
1.249748264256139496e+00
2.001612218670224319e+00
7.262174131605116933e-01
-7.095084737283976484e-01
9.925959651791604887e-01
-9.131473512737058318e-01
2.757129671502046353e+00
-2.521816187598507231e+00
-2.255568764210262866e-01
2.447352082786196092e-01
-3.831455615180792140e-01
-1.910552825182624259e-01
4.228047831784425004e-01
-1.279233082074143990e+00
-9.790345892786094240e-01
-9.934693497465678647e-01
-6.924344841524112670e-01
-1.726059291362820325e-01
-2.400932526440415771e+00
-4.510272017758091279e-01
-7.615120613691485074e-01
2.252601214312042188e+00
2.862997453782591961e-01
-4.902404202617316464e-01
-1.473703291845034347e-01
-2.914403327924267817e+00
-1.108989045164370912e+00
-2.382239432494057674e-01
8.152672401323239892e-01
3.925616575388703455e-01
-1.773485202352136358e+00
9.029633061560895513e-01
1.233800386753696188e+00
1.241231610158816112e-02
-2.164873491209234890e-01
-6.194677493244440392e-01
8.345098335594761663e-01
-5.149856266383276981e-01
1.206234365572296241e+00
7.676778998113216179e-01
-6.460105946350055417e-01
4.561788287396073560e-01
7.855576485405224574e-01
5.211300338377187202e-01
-2.849000247401367591e-02
1.022038136837837952e+00
3.745054026015074422e-01
9.193314167195987263e-01
1.269489753428409973e-01
-5.195777774220100564e-01
-2.507155086810642253e+00
-9.170570627868153135e-01
-1.888863392537802333e-01
1.271821369057062334e-01
8.585290964986858064e-01
-9.067087645663383100e-01
7.603803312498482736e-01
-2.532872400575306160e-01
-6.268778187543695424e-01
1.811280669820294120e+00
4.737286475683513132e-01
6.488732636689680255e-01
-5.928250937707682522e-02
-8.975303135525123377e-01
-6.706485638028603091e-02
-7.647909084320791973e-01
-1.264776568653747990e+00
-3.172239830324780074e-01
-3.250296963440522102e-01
6.352075324291484026e-01
-1.354546841765956966e+00
8.478088071275236004e-01
-6.087699490746609765e-01
1.010501445012003341e+00
-2.978964182541531391e-01
-8.460994578495135698e-01
-9.711705786826665410e-01
7.975571581759495210e-01
6.315286812685805273e-02
8.365666222333461022e-01
-5.066566963104397470e-01
-4.199351782392524157e-02
9.389932279871562315e-01
-9.619007664995442575e-01
6.400799945744387598e-01
6.111176801183860752e-01
3.668755899034982226e-01
-1.754787609810635418e+00
-5.155460177813599998e-01
2.990736746053446193e-02
-1.164978854946254749e-01
1.329895352887859872e-01
-6.215883451784809388e-01
-2.299509195944722251e-01
4.654102471981662603e-01
-1.873383535965814639e+00
-1.034242284103864540e-01
-2.561197419617524673e-01
5.377824475520043279e-01
-6.782764302585013727e-01
1.202969430944391682e-01
-8.610328302290730651e-01
-7.715697867737738580e-01
-2.836619682533856324e-01
2.080847517297894633e-01
-2.050281615541682534e-01
5.512035628777320895e-01
-9.936840787031200328e-01
-5.827685385981544730e-01
-6.544716153518015389e-02
1.134395998018618013e-01
-2.869405419888311215e-01
-5.346897605817524379e-02
-1.105499711529984053e+00
9.697120410112117783e-01
6.356796696706115135e-01
-9.895772460495111389e-01
5.729581730645245674e-01
-2.454409701160109591e-01
9.427672990375925988e-01
-4.827840059156720542e-01
-5.612512231919960515e-01
-8.615419208243766391e-01
-2.385816398920317383e-01
2.771038305621539299e-01
1.233910653089030252e+00
3.473645364831617677e+00
6.516870880743155237e-01
9.419173673505107924e-01
-4.394472622904508352e-01
7.026219967817239898e-01
6.691262637525685619e-02
-2.924505865564680507e-02
-9.719952445531856444e-01
-9.393002938521100020e-01
-1.217808580360515869e+00
-3.308907173773389943e-01
-3.484350758609828791e-01
3.457466621354488012e-01
-8.274444193204297804e-01
-5.519081619792918225e-01
2.192221764618783819e+00
-5.216493542396702932e-01
3.718248702761668412e-01
-9.469861220140106672e-01
-8.167513498070595457e-01
-1.984549712704879454e-01
-9.912162458825202194e-03
5.652282890190825082e-01
-3.541501089310403194e-01
7.718730900619141799e-01
3.203360737224022481e-01
-7.452413164713500571e-01
5.483626597116713075e-01
-7.457524751050532696e-01
-2.882457895034762352e-02
-9.618343427654130195e-01
3.262310660506890780e-01
-1.348657300859740893e+00
-2.155389310138017933e+00
-2.455592517273501585e+00
-4.433325576316515804e-01
-7.156041294137871489e-02
-3.844748145296613684e-01
-1.534644475486122983e-01
-6.635153902416568439e-01
4.471861449700145208e-01
-7.911405862089271324e-02
-3.224564425869392847e-01
-2.559529511646945199e+00
-5.720116480238968126e-01
6.198938570861196595e-01
-7.024123505827830627e-01
2.378782399596646169e-01
8.947634732260638657e-01
6.896958353264510677e-01
-5.698424848707839274e-01
-5.480061389041290809e-01
-2.519810982147443923e+00
-5.502150507685081848e-01
-6.085273108241191498e-01
-1.392983625573617879e+00
-8.386102057465689708e-01
1.683837530328276821e-01
-4.768536446107739302e+00
6.325009966279107054e-01
-2.213656121606300431e+00
-3.658107694792023246e-01
-1.049916152749439391e+00
9.602285380126353020e-01
2.624686750057256268e-01
1.589095231374663797e+00
-8.881845958824597931e-01
7.645309315785200344e-01
8.287286452007098791e-01
1.942890679555617783e+00
-4.599483769558553092e+00
-6.452363895091852708e-01
-1.043528484209632623e-02
-2.168814769009062893e+00
7.372972339660111007e-01
4.767043035439475496e-01
3.618039495251337279e-01
-7.153864344426592581e-01
-8.998971039614103162e-01
-6.522802421406558304e-01
9.255963046796888971e-01
2.177292093642355653e-01
2.031600415959577965e-02
8.500838455545773886e-01
4.967093009413101612e-01
-1.938808796581050320e+00
1.296142739203785865e+00
2.927434077858248607e+00
2.490445828462646283e-01
6.984886467520246001e-02
3.515172501472996203e-02
3.265584102793781529e-01
-1.037395788164330312e-01
-9.285142212828607633e-01
7.102918197093697206e-01
-9.172565273615984616e-01
2.129039966079560031e-01
-8.269666182532560139e-01
1.777706133656005161e-01
-1.507845285442923622e+00
-1.753508984060891951e-02
8.602997529878475547e-01
-3.732576300030512328e-01
4.735897078057826892e-01
-1.380502477382036797e-01
7.365423706925011693e-01
-7.599076115258267539e-01
1.464707964225442360e-01
-9.606553914103341807e-01
-9.705991507320821388e-01
-1.439132676363639396e+00
-1.832919691405768603e+00
8.117471834670508812e-02
2.813191602383245948e-01
3.145503148296979745e-03
-1.824206432114072296e+00
1.269832351758903854e-01
2.926005782958502888e-01
-3.291200679305454901e-01
-3.779115102357896161e-01
4.257818059576112812e-01
-8.801865530322183773e-01
-1.573027931789423572e-01
-6.878599780242439232e-01
-6.857837047595508606e-01
2.304014562656663823e-01
-6.192822605577825712e-01
1.300028656319820231e+00
