-1.623756874197238353e+00
9.673331549021083609e-01
7.464353849157390197e-02
2.557985731276835040e+00
1.279251875850323295e+00
-1.141717609952072943e+00
2.218744858503615358e+00
-5.275729610456189045e-01
-1.716902496395539046e+00
-2.193533103241341209e+00
1.924181971542358038e-01
-8.743242614196888862e-02
4.826918386517720094e-02
1.795896958280490008e+00
-1.123689982412265087e-01
-8.525246183810848422e-01
-2.353398288391088666e+00
-2.684257484213036782e-01
-6.020503660497344978e-02
-8.302089275094012288e-01
8.715007789711453068e-01
-2.225847902073210705e+00
9.812589218345267872e-01
1.568121847561348758e+00
-3.862182291961546721e-02
2.484686265473670552e+00
3.170224846273555830e+00
-1.375185600065077285e+00
-3.161936289415120949e-01
-9.381571870923927081e-01
1.097297580370942160e+00
3.237996532755911261e-01
-4.169933694673751745e+00
8.341398711801265575e-01
4.764092221859712040e-01
-1.946500643458126012e+00
1.324582700311548900e+00
7.230960544699454040e-01
-5.917221077394702045e-01
-6.560700343576947313e-02
-1.285644999612876038e-01
1.129916447076861674e+00
-1.821269937078047407e+00
4.702954945703788359e-01
1.250982653615826612e+00
9.749460037305293092e-01
1.192608021455308975e+00
1.738591909985403472e+00
-2.611479443033558834e+00
-3.242738402904180361e+00
-1.898615573028542558e+00
2.510585011554463675e-01
-4.248911789466438549e+00
-1.236448958065594850e+00
5.561051135352265140e-01
-2.588329745946271743e+00
-8.649657288053957949e-01
1.570051821511069812e-01
-1.123240491613733960e-01
-3.052506924570810298e-01
1.505422615092943062e+00
-3.365112982995550173e+00
-2.624585715042988543e+00
-5.245048768499369629e-01
-5.739681924376640598e-01
-7.220393775844784479e-01
8.891377295403891656e-01
4.392177696536627707e-01
1.433873873991653447e-02
-9.048464218746221643e-01
7.085098297088983088e-01
-1.484931492546927689e+00
4.045947964818852327e-01
-3.536490708465206967e-01
