2.337904640278579971e-01
-8.326516452240731447e-02
1.357567015911532171e-01
3.644478948115295047e-01
2.656373869507325236e-01
-4.001436366551449630e-01
7.768831541909318461e-02
-8.849108873751222737e-02
3.851198732607450936e-01
1.080767995807979387e-01
-3.065462348892036837e-01
-2.791425396588382429e-02
9.918919969830687633e-02
4.477061131722941401e-01
1.043737572376187556e-01
4.053346211866226678e-01
-1.798870939641753486e-01
-2.100146267488498808e-01
4.537557188983836753e-01
1.875138678075270460e-01
6.468729435987218279e-01
-1.754525641751024934e-01
2.845789122267247673e-01
3.531551359194207151e-02
-2.541082366738349752e-01
-1.270188985934015413e-01
1.463364794976258487e-01
-6.797081178241342059e-01
3.871436622071426359e-01
-1.870982849852487195e-02
1.692794283647799936e-01
-1.006923795094695900e-01
5.775167836611408423e-02
-5.606835729236428478e-02
-4.570222875116934369e-01
6.778020039228552784e-01
5.040453197670596852e-01
6.674276795171019128e-03
-3.044909481018981401e-01
5.655782443267177717e-01
-9.009757948835203645e-02
-3.759281083876843121e-01
3.418063314879744574e-01
-1.747561034573942296e-01
4.505618938351114988e-02
-4.304101870051322276e-01
-4.416648261524931396e-01
5.052587773537128291e-01
5.918751972294464814e-01
-1.858018273481257532e-01
3.869762272837152794e-01
-2.976702798532899763e-01
-3.782228555898274891e-01
-7.174180732631707524e-02
-4.931479027446146191e-01
-6.566003018058007568e-01
3.055768163601667031e-01
-7.099930442217722293e-02
1.044594445974201674e-01
2.727033703203209369e-01
1.393586730641740712e-01
-2.618131733272264783e-01
-2.083634773127982509e-01
9.540778215148598695e-01
-2.145693282234919785e-01
7.117828843393506077e-02
-1.353270737395021461e-01
-7.374944126596982841e-02
-8.517272308410842596e-01
-6.093671805500304739e-01
3.376688183550795586e-01
-4.630694612796480425e-01
-1.190568074949816535e-01
9.527285438821690711e-02
3.191099722795321947e-01
-7.212165291482783291e-02
5.020797403119368063e-01
-1.166283028024706903e-01
-5.284811128568700500e-01
-4.396303818125908980e-01
3.157217503002323622e-01
1.870590081733023990e-01
-5.382762260141867872e-01
3.814420700871025138e-01
1.714131122062479418e-01
-3.286064766748469368e-01
6.254685909148177680e-01
-1.170985600270600530e-01
5.051236006583377236e-01
-7.852511596223316070e-01
7.081999816668160808e-01
1.821105385247597241e-01
4.212928500628793094e-02
-1.102642025578365326e-02
-1.087543739170953316e-01
-9.540074296273255705e-02
1.492709550560332166e-01
-4.952493319894312185e-01
-3.066452135912621779e-01
-6.531459369956721384e-01
-2.324652551820245716e-01
4.489127237390842518e-01
2.653622148656092916e-02
-1.882928277826959040e-02
2.606109037732800560e-01
-2.480831477323989509e-01
-7.326734005886120782e-02
2.417973895195550116e-01
-5.819748424167250911e-02
2.047550769411706287e-02
-3.281826434773351120e-01
1.475728727649489591e-01
-3.524720261528248022e-01
9.683025852386434318e-01
3.479644572187051699e-01
3.438706853724279866e-02
-2.713865129047774993e-01
-3.540937453519820144e-01
2.241342593422230023e-01
2.011086580273846736e-01
1.989424199489550626e-01
1.486073361450471753e-01
-1.319409924243326870e-01
1.138452332664585676e-01
1.199924722465849636e-01
-2.575725596778916660e-01
1.152915392275634943e-01
-3.961369158699820647e-02
-2.591269527325373856e-01
-5.933868125103278768e-01
-3.169611554029758693e-01
2.660285665805859345e-01
6.176866906480971142e-01
-3.775539990837989968e-01
-3.295834992576640032e-01
2.159614259536269676e-01
1.974870210987970109e-01
-9.609152170135447646e-01
-4.979066941886393649e-01
5.935250960214411009e-01
-9.769076768676457356e-02
1.101324061124344805e-01
3.870671659120261676e-01
4.518806385089027544e-02
2.528954936859209579e-02
2.566336879406267424e-01
2.928096141756522663e-01
-2.831654825227180039e-01
-1.091477423399784125e-01
-4.482374010896311711e-01
8.034677343413557105e-02
1.462295157972433035e-01
4.401416386980923634e-01
-2.304290336685285712e-01
4.968545732700507811e-02
-4.736213951576095371e-01
-4.083176151224213180e-01
5.133886075985470976e-01
-2.227281803766202883e-01
2.502443907783844651e-02
-5.049669857680424423e-01
-4.639090381295394444e-02
5.710780836767797020e-01
-6.490132852807931618e-01
-4.044938989036264698e-01
1.229053230872119012e-01
2.725928457584672615e-01
3.459638101995508030e-01
-1.544228296088576702e-01
-1.422752040964162523e-01
2.771014399399631123e-01
-2.735274485895360791e-02
3.910392645568728232e-01
-3.339649665013044721e-01
1.440195370490374716e-01
4.322862420123616545e-01
1.930126836054368300e-01
2.842735869969353346e-01
1.803518367133329914e-01
6.917901103517981598e-02
-1.690400985366991016e-03
4.806781035825111181e-01
-1.129452393068642452e-01
1.082006146647751521e-01
-3.273282174067466688e-01
-9.627048029626830705e-02
-8.756242073036796247e-02
-1.722224060322606054e-01
1.864801249753256229e-02
-1.192327236986737288e-01
1.899723624641058428e-01
-1.523264705322401047e-01
7.298050829607616308e-02
2.343894696984248904e-01
6.335035492330472195e-02
5.199855240174173776e-01
-3.414745470603676170e-01
1.104155825276923603e-01
-2.889930007462220285e-01
3.944536761500250233e-01
2.315061821251846175e-01
-1.530363622529745116e-01
2.637470178844720237e-01
-3.291332351286206936e-01
1.832972948834335758e-01
7.552067139783855687e-01
2.656710897621210044e-01
1.365288066291430735e-01
-2.029270673647640966e-01
3.673959867517011535e-01
-5.561468986562909667e-01
-5.421134038927950538e-01
6.651069613796486424e-01
5.195769314393934302e-01
8.874235488597240207e-03
5.503927399797278741e-02
-2.617600841422685898e-01
-6.101372007119484908e-02
7.208153172678574139e-01
-1.535391892158405325e-01
1.139642122589804157e-01
-5.775363441924376978e-02
-1.328065343743999038e-01
-6.887417514986010625e-02
-2.777462225256989714e-01
1.015214696779032366e-01
-2.248975412612002622e-01
5.575100166767321674e-01
8.470956318649436323e-01
-2.572537618813873772e-01
5.571903242689216773e-01
2.081224875625087845e-01
-2.166752230420742470e-02
-1.588798462507759468e-02
-4.813460231371625708e-01
1.081314018601385873e-01
2.010495236348072701e-01
3.583066455401259232e-01
-3.024285572427583002e-01
-3.629168205618468757e-02
-7.218061813213682010e-01
-4.182126163027768406e-01
1.604553441056014718e-01
4.736667830701009607e-01
3.301438604941080435e-01
-7.076108582786411194e-01
4.137994895761916703e-01
7.528878331633215293e-02
-5.965719238089614573e-02
6.398451012994800235e-01
-7.315768421274512767e-02
-8.351629704682331234e-02
-8.245653663406068978e-02
1.001218781716283479e-01
6.070253537229972629e-01
-5.716187564408973243e-01
-6.747748786654363118e-02
-1.855066064787986857e-01
2.035442527123511591e-01
6.520421285391582444e-02
-5.551744819347093074e-01
-4.044917487685543156e-01
5.679573683260846773e-01
1.801528699406463874e-01
-1.746689951933948215e-01
