-2.512065678572509286e-01
-4.399235928459816480e-01
8.605068888146417960e-03
1.417136719984566804e-03
1.731268244169541282e+00
-5.584862047799253881e-01
-7.918448320608685309e-01
-5.737839207045629664e-01
1.329906541641062256e+00
-9.134024661911193110e-01
1.698981209203570819e-01
-1.683176274527482086e+00
1.215034864460257991e+00
-3.912008025838228376e-01
1.193694756419133141e+00
1.329911624290041505e+00
5.346279157335622756e-01
1.622073982714971940e+00
5.266501619495047581e-01
-4.621217983135218477e-01
2.707553199900417096e-01
-2.266619966739640002e-01
9.048611466629795652e-01
3.898800103610108314e-01
1.481755295989266585e+00
-3.485502927858756816e-01
-2.316649628049648885e-02
-1.534461713125425009e+00
-1.096916858823954594e-01
2.708092507647668623e-01
3.959337639055420799e-01
-8.966773511222505544e-01
4.213088527595128946e-02
-1.018086320857636839e-01
8.915186584350661692e-01
-1.923676889084397823e+00
-2.372891977216736725e-01
-1.438197569522491753e-02
2.607827009270490826e-01
3.384196135389213045e-01
1.967729374838670942e-01
1.578802775285785831e-01
-1.206998997330698931e+00
-6.319614155228099606e-02
3.936363586503645040e-01
1.137304925903420472e+00
-1.198504596168874281e+00
1.359368612870036630e+00
-9.743174756925796487e-01
1.099223758166356507e-01
7.273711759612948302e-02
2.100972989177635419e+00
1.090838583047156307e+00
8.510075870963260680e-01
-6.144808553850622523e-01
2.078284605398408036e-01
-1.143167310009668203e+00
-1.479372942574491256e+00
-7.704775221109565475e-01
-3.439752685907369045e-01
1.988461157995831785e+00
2.684122775588718923e+00
-4.449441654625924114e-01
7.967425370314848987e-01
4.248093744435860741e-01
1.439626156630040121e+00
-1.184530962128822612e-01
-2.853823036356621379e-01
-4.698468241499831333e-01
-1.133754690871153770e+00
-8.582688322067343334e-01
-1.448417882413820745e+00
6.970639678272415596e-01
-1.500023274059474332e-01
-7.811279193852234126e-01
-1.959002366132441830e-01
-3.307360798379839761e-01
-1.623535402321398813e+00
1.111322314646287390e+00
-1.571840167684461498e-01
1.228026078133769516e+00
-4.900068545996346114e-01
2.299333212726202280e-01
-7.698557719806942146e-01
2.867681302526463912e-03
9.869242506674855697e-01
1.107843295482556334e+00
3.214367556213904020e-01
1.087596876353764230e+00
-1.130208376893581113e+00
-2.771093612262958139e-01
8.499631724846165026e-01
9.370611772033718978e-01
2.902683109201885103e-01
-1.118009391578306033e+00
-6.529951303163653575e-01
-1.599643886376497237e+00
-4.054644212300921313e-01
-8.455024585825394734e-01
-8.788339199603764085e-01
6.023095183070881209e-02
4.891981646631228253e-01
-6.679379352415041327e-01
1.945015211063172655e+00
-7.369093458495520887e-02
7.370100240605696740e-02
7.151123910946891593e-01
-4.600917537177249828e-01
1.072958950561717417e+00
1.879119300799050318e-01
1.835769531575682567e+00
1.380422937711105913e+00
1.469178957833770782e-01
2.564102985500688742e-02
-1.032410055273193406e+00
-1.397486579181394850e+00
-1.300006203578194741e+00
9.398078689908074823e-01
4.373120994707248022e-01
-4.311995736199795703e-01
1.377845557938226939e+00
-1.102858396399656771e+00
4.976229189993784940e-01
1.343856253668354317e-01
