1.307809786944111430e+00
-1.249956486687128498e-01
3.678556355382303078e-01
-9.623708750703560133e-01
-8.282647960868457782e-01
-2.220865816242767465e-02
3.184292709257617870e-01
-4.446681472737812335e-01
7.577308787598431294e-01
-3.074263553474300137e-01
-7.831169588486325273e-01
1.545186517782340951e-01
5.182516719170306985e-01
-1.822907806031377032e+00
-5.167115811063943687e-01
7.051699402552255025e-01
-1.481212905571338778e+00
-1.601585149448510603e-01
3.176181994733906500e-03
3.942715739728657742e-01
-1.059946225672522280e+00
2.876994981746421765e+00
-7.340349767383771429e-01
-5.757381846149491889e-01
1.848387329260683942e-01
-7.926059899499547923e-01
1.240728952451535250e+00
-1.042330601759749786e+00
5.924317164843974082e-01
1.043480912201338207e+00
3.226130795125298212e-01
6.669897103971809127e-01
-1.793715087906063932e+00
1.022854336439389389e-01
1.237503974047567290e+00
8.064435175585715765e-01
2.191660751409887364e-01
9.222872912536642653e-01
9.467486275603516077e-01
-1.233717023106030708e-01
2.999780899256413447e-01
-5.375915555237242849e-01
-1.059317656198637048e+00
-1.857688754485038007e+00
1.488618446933973605e+00
-1.141223481992852840e+00
-9.288698034588899199e-01
-1.946770388351401149e+00
1.273883400316507597e+00
8.797889009289558970e-01
5.740916323478267858e-01
3.099492744222550056e-01
-8.840618327742092442e-01
-3.242811432407965988e-02
-4.050634027291633577e-01
-1.303000091110886771e+00
-3.490989994810329566e-01
1.246590988016235135e+00
-2.367524835756338875e-01
1.720276228378467387e+00
-1.233176719246392494e+00
3.556047320715823856e-01
2.058962593621711967e+00
-7.724351392223169910e-01
7.119256879182030984e-01
1.558396885147816657e-01
-4.111563982286028929e-01
-7.285148306741712210e-01
-4.367750133194229778e-01
-5.624285462881254416e-01
1.954301958722638455e-01
-2.447551992964759560e+00
4.568621787315711447e-01
-6.897180105501903302e-01
5.673478902272565128e-01
-4.298197493309293127e-01
-7.543040560557490171e-02
1.312132513411467194e+00
-6.218911531462781861e-01
-5.348294351375337818e-01
-6.455703933389485005e-01
-1.544658994962629261e+00
-4.099835823377535604e-01
-1.722420182553860979e+00
-5.357117489477983274e-02
-2.272665882867420883e+00
3.528298679920822134e-01
1.463830929180211515e-01
-1.219541675509118184e-01
1.508496680504142429e+00
-2.649650452891388897e-01
2.922509582241916704e-02
-8.591341045267044674e-01
-3.995974798858762611e+00
-1.677354997626601563e+00
-2.974540145822157644e-02
-5.612788861018531694e-01
2.302516238133603954e-01
-1.270649579902541015e+00
-1.260639458126127099e-01
-1.159115112150718829e+00
2.033298174533459957e-02
-1.887316172208503284e-01
-1.697463365816592740e-01
8.429009482422948896e-01
-1.066455555597717320e+00
-7.644417319840082214e-01
2.343354273522029185e-01
1.084070904678037239e+00
7.421022597114995678e-01
-1.132034971833350223e+00
-4.854547092824335053e-02
-1.213545782296285402e+00
-1.553952266970449969e+00
8.952021081370407085e-01
-2.221825495483615853e-01
-1.306262391140155188e+00
-5.840780243861098953e-01
-1.659202257765732380e+00
6.747513359151945389e-01
1.992255629658599703e-01
6.174989748075898621e-01
-5.601182789204909307e-01
2.275483340216490458e+00
1.259887369721335304e-01
6.743532236235770805e-01
1.337966064868922000e+00
-2.813883377917648865e+00
1.582413444452158924e+00
-3.167181160399679674e-01
1.073023519578648610e+00
-3.098402794783441383e-01
-1.115543246918916598e+00
-7.623185878338895050e-02
1.053413273723379451e+00
-1.123464132676848415e+00
-1.766311664252354086e-02
6.899414757966502165e-01
1.207776022731818610e+00
-1.571497543783346718e+00
-2.189046082540655469e-01
-3.059919607700335442e-01
-2.429053488313377973e-01
-9.264762942114456168e-01
-1.306334426607552168e-01
5.198058381968819752e-01
6.507665223912860453e-02
9.810822291022762709e-01
2.825078619277545666e-01
7.258249326539705226e-01
-2.337963239875419319e+00
-1.486470751569003879e+00
-2.729759473830081773e-01
7.864495794511938698e-01
-1.150549102224346143e+00
9.963149723900714960e-01
-1.295959648964107425e+00
1.690657730004935244e+00
-1.308107432966840511e+00
2.324459619248232523e-01
-7.938751742183424165e-01
-3.877557410801741877e-01
1.445112117287374653e+00
-1.361841987628294559e+00
-1.301792946892486924e+00
1.109893983727275879e-01
2.907141940246443790e-01
7.162607419924773566e-01
-7.538026261524988225e-02
1.768578304526296829e+00
-1.101215616916946249e+00
4.315867186300713643e-01
-2.155013720737618765e+00
-1.128915039210487636e+00
3.751084079167672503e-01
1.598546454719612209e+00
-3.218700393803479720e-01
-1.335697272124237500e+00
2.833478276448416988e+00
-1.199496878913255404e+00
1.157405799646212596e+00
-8.331021093982144965e-01
-2.502663450509545751e-01
-9.023575107408373652e-01
2.038402108098032350e+00
-8.435859925968061113e-01
-8.002134578945071519e-01
-1.832313776527553006e+00
6.248405082355181772e-01
-1.379914898468654894e+00
-1.909617808984623022e-01
2.346049485160675019e-01
2.446584455397275981e-01
3.561079236059426778e-01
-1.942022406947103708e-01
7.524735821440096117e-01
1.328702321701654254e+00
-1.270455371674672262e+00
2.554695007907015758e-01
-1.579542696770876997e+00
-7.725813114195723141e-02
-9.972338620266953946e-01
-7.693127194066393670e-01
-2.523008788863694007e-02
-3.201911640492262068e-01
2.030542257283133978e+00
-1.042186685339913516e-01
-1.569176580680256228e+00
5.114098227754214632e-01
-8.171562986138338758e-01
-1.070350252059419249e+00
-1.092013635885360934e+00
-2.737155891807292019e+00
-1.982169743805225703e+00
1.697778101932290173e-02
-3.227963546738071843e-01
-4.067699357085153622e+00
1.098108331986890618e-01
4.268227505441052338e-02
1.386661546249844612e+00
1.024773879809010690e+00
2.767206150130766540e-01
9.219816254926365140e-01
-2.490846517465107324e-01
-2.277936653298029412e-02
-9.698096721701041645e-01
2.432541201833625932e-01
1.421752065896900508e+00
1.994790569576823547e+00
1.439747269350807990e+00
-1.241173930986990914e+00
2.485912854409696671e+00
-9.114553168821757367e-01
7.232776429798944973e-01
-9.750863513825209772e-01
1.266247197211702868e+00
7.902251139320340401e-02
1.612035804375061776e+00
1.636119310847242048e+00
2.011362331860698127e+00
-1.039321670530311881e+00
1.282182311829694665e+00
-4.891734519080976895e-01
-3.020228412631336123e-01
9.479809808100247981e-02
9.235256553993216599e-02
8.970669742469176144e-01
4.118466192970612338e-01
1.009437230104545780e+00
2.025330540888156339e+00
-3.361015531193436989e-02
-3.410578232024495948e-01
-7.755346781262318911e-01
8.054488238979348180e-01
9.577339059850225045e-01
-1.283174858411566532e-01
3.828007087784735529e-01
4.853119151619220695e-01
8.053249329289786651e-01
3.257276914948264990e-01
1.297646282675672724e+00
-9.138174766363293955e-01
5.899762096400333888e-01
8.704297131324976178e-01
1.280703166975684981e+00
-1.677592993400122356e+00
2.188155861400614466e+00
-2.072153783055645793e+00
2.217360740926331841e-01
-7.651556324603819847e-01
6.448137758612191295e-01
2.588800877513393051e-01
6.549565001274619824e-01
-1.294727070558189252e-01
-5.899928992012907214e-01
-5.702713989319858623e-01
-1.029110651786468544e+00
-3.581146847412105538e-01
-1.357719331634814175e+00
7.793325627905879349e-01
-1.372933266091715676e-01
1.627781921884446925e+00
-8.991197981186560551e-02
-6.352469950509262442e-02
8.447992426824424417e-02
-1.198903381617259650e-01
-3.532680209324906007e-01
-8.900492124149881334e-01
3.137975431044601193e-01
6.571019752062378094e-01
5.185622414922463896e-01
-2.671205899198088929e+00
-1.015706226296379855e+00
2.421617079898054636e-01
5.223206859812141722e-01
-3.424416458277620978e-01
9.606140824722301241e-01
4.755665374706027348e-01
1.402998148695587810e+00
-1.508924791231625040e+00
9.317848094944832793e-01
-9.838541716551557625e-01
-1.231770706347953714e+00
3.275014074951587695e-01
-2.002135334773822439e+00
1.489198934603586988e+00
6.493295000310487231e-01
5.986608779133983926e-01
3.533280665742937199e-01
-1.290615835840568826e+00
2.053170587476078168e+00
-4.148889291206614982e-01
-6.297317677593559093e-01
-1.429626257427834890e+00
-2.445044161358080004e+00
-3.669659478261095842e-01
-1.622502024944974419e+00
-2.815547515210460983e+00
1.120054689032084383e+00
2.031109099942115748e+00
-1.262859151919349943e-01
-4.452721613278123880e-02
3.653444395714153803e-01
-1.436774127974334014e+00
-1.125752700105879356e+00
-6.163020520658724077e-01
-9.504767506316338377e-01
1.120885838255184730e+00
3.445320449688095699e-01
6.347408692155660503e-01
-1.067745148736037208e+00
2.053412363170163069e+00
-1.929307079037212436e-03
-9.994911210771076915e-01
2.358995754864099403e-01
-1.509894054843150257e-01
-3.357248205255642937e-01
-5.982227959702519637e-01
1.141326592184787492e+00
2.024816639704324073e-01
8.524835840585320845e-01
-9.991466001798834373e-01
4.427714462947019980e-01
-7.902981277960128281e-01
8.303004098846686887e-01
1.706904213563292139e+00
-3.546943120827001361e-01
1.446822848344723855e+00
-1.844088647257579039e+00
-1.556947783785992412e+00
-5.674916094374494735e-01
-8.257853050805303852e-01
-2.355771206771962500e+00
-4.325473830508640427e-01
2.058325423391026421e-01
-3.876594103610201403e-01
1.762917362321719139e+00
8.437607960606573476e-01
-4.650885129744732338e-01
-2.764650641917820728e-02
-6.206176550697609651e-01
-6.566272968468983562e-01
-1.446461915191100456e+00
5.327068877797722646e-01
-1.093383140972984613e+00
-1.776240098467481543e+00
1.092303209386521701e+00
8.824810477985622903e-02
-1.765503087939957361e+00
-1.286934621476233387e+00
-4.356659007908781911e-01
-8.052870485887317908e-01
-1.606026186933330102e+00
-5.172142138280578783e-01
6.623180825785538461e-01
1.662770120774359928e+00
3.625118133471822435e-01
-7.035820872334641596e-02
2.343834078333379978e+00
2.168526815684179709e-02
1.590424043662289066e-01
4.373252603576616160e-02
1.182299469682269732e+00
1.088456493819103699e+00
7.975888687475772842e-01
-8.662409829890456159e-01
-1.732546538325280272e+00
3.856392620430405538e-01
-1.154533274647958407e+00
-1.433369361640508099e+00
-3.918517947436249149e-01
1.371680790342596268e+00
-7.360584051709200271e-01
1.023238070402527899e-01
4.424212760942795586e-01
1.539111881651098912e+00
3.281367509134379690e-01
-1.387009009783646829e-01
2.003635750814658500e+00
2.366984321951489445e+00
-3.787226085931275632e-01
2.647275027856468288e+00
8.861034264037344066e-01
-7.837333672549775532e-01
-6.253933475774147155e-01
-3.832948329567836820e-01
-2.023629344959798626e+00
-8.463304504085233937e-01
-2.518443812885223787e-01
6.758673426794261641e-01
9.071670025468825393e-01
-2.514200624865146949e+00
3.276295193916156645e-02
1.061673755195423619e-01
-9.849890502314081475e-01
-1.510290742636183570e+00
1.827765121043734897e+00
9.742129027046244616e-01
-3.449700261680564428e-01
-4.024683292184535466e-01
7.312978014415309758e-02
1.296544607054104237e+00
1.331363508763159453e+00
-6.038160983854318209e-02
-1.133785008852716825e+00
1.605027390197601322e+00
1.203740502110794086e+00
8.701647467799072944e-02
4.037846832766567862e-01
-1.181608579523019342e+00
-2.082571651096919441e-01
8.907936644225078471e-02
3.779127252733038844e-02
-2.876021052945639811e-01
8.303204505057463214e-01
-1.067542520245921667e+00
5.208699451302746253e-01
9.663825155846939019e-01
-8.022555126233081868e-01
1.318543399013352158e+00
-3.416578283163405061e-01
5.403060348081037967e-01
6.358179484846597784e-01
-1.498800179583038350e+00
3.955720802544054893e-01
-2.284508405242292040e-01
-2.123285580228071734e-01
1.920002179322898073e+00
1.217669852469215774e+00
4.602740576850095078e-01
6.044477705545501234e-01
5.073305010956381533e-01
1.527197941774473211e+00
5.618817166917370320e-01
-2.593846003080469420e-01
-3.705312149606910799e-01
1.255003089550488671e+00
8.132913598807245403e-02
-6.734243470682725885e-01
-5.480072012734957809e-01
4.960430045042855118e-01
3.616567723458128936e-01
9.119954587397607892e-02
4.996265476921922244e-01
-2.169579102166616202e+00
-1.497280839144413678e+00
1.609652949321776161e+00
6.352141687309115214e-01
2.498119342193421577e+00
8.644756018192943925e-01
-1.601392074157083345e-01
-3.044081028471234407e-01
2.359972881195047556e+00
5.778314060150624432e-02
-1.097718948997620236e+00
1.001758030493190788e+00
-1.515230873835031744e+00
1.437141920359609193e+00
-3.828397879718699603e-01
2.910374019349711849e-01
1.043646656542733808e+00
-4.249161189296257746e-02
-7.794041649378886660e-01
-3.816530851817908632e-01
8.207402785807305090e-01
-4.614782188683509978e-01
5.316469489484616506e-01
-1.169153897538743658e+00
-1.593495348038707959e+00
-1.762589392684200451e+00
5.112742076160823324e-01
-9.916038749124060914e-01
1.216685168665498029e+00
1.505515802624774357e+00
-8.472785885187437138e-01
-7.465166768138424835e-01
1.486435617322248715e-02
-4.428440509082972598e-01
-3.059883603827950882e-01
4.271335838590539780e-02
-9.562870091829461794e-02
-9.883108643705046381e-02
1.245836200241293712e-01
3.550995918084745018e-01
-2.479490067275647025e+00
-6.285167861208841300e-01
-7.823418973856283154e-01
-8.987878603267887012e-01
-1.309656667384277551e+00
8.453723025342789743e-01
-6.302000640060614334e-01
2.376972538988916805e-01
1.773336782395074085e-01
-6.093786848572473325e-01
-3.142180466595047572e-01
5.109350489744548529e-01
1.229990753762910394e-01
-6.486233355618808982e-01
-2.912735531148171297e+00
-1.068638980339908340e+00
-1.698601480240053085e+00
-4.632459297684119459e-01
1.387166143429297671e+00
7.708984393428176540e-01
