1.045247911092340165e-01
6.315262604028981652e-01
2.099812691886221216e+00
1.448650744722398409e-01
-8.972839044388180446e-03
3.098091835418537165e-01
8.760799994708999838e-01
-2.116236320869172571e-01
-1.651597824926389180e+00
2.276330355720915577e+00
1.570333008933535446e+00
2.686587455651567868e+00
1.963750796355902217e+00
1.724723577002740926e+00
1.006491069179841658e+00
1.807881742354693899e-01
-1.100022304099000037e+00
3.455837621983198771e-01
1.205747686063762369e+00
-1.255619363313882797e+00
8.946211135884563070e-04
1.840331860527574914e+00
-1.311769986960702239e+00
-1.080393881491214181e+00
-2.594716755068338987e+00
8.606720315294027479e-01
-3.540270646708175706e-01
-4.385841360070985018e-01
1.862007583250066656e+00
2.634189596429275859e+00
-2.168753172244102245e+00
2.897749488260532580e+00
-2.154527282353862372e+00
-3.165204201652199179e-01
8.039566374931188530e-01
3.131162431359306719e+00
1.327337349550343326e+00
1.643705579755672108e-01
-2.621130073344458133e-01
2.467967137525605426e-01
1.695136985899677873e-01
-1.304188209726249825e+00
-7.482830361433608912e-01
6.595046714371678442e-01
1.347876915954040911e+00
-3.471940115262363569e-01
-2.753511418107938535e+00
1.319453278860095891e+00
4.232621576084004134e-01
-6.290518305064770610e-01
1.204496020414252133e-01
8.545355640420534415e-01
6.170516138504285042e-01
-5.255250078019940707e-02
5.668412558170340954e-02
-2.222738090962126378e-01
2.162974750417026026e+00
-8.044444694445312960e-01
7.739728887338352958e-01
-5.433749480539309396e-01
6.557954994032000329e-03
-2.506091341105166848e+00
-1.341684400667961574e+00
3.194214920804981261e+00
4.267398339925327355e-01
6.374706604798106024e-01
-2.393967632758815078e+00
1.584415155057117275e-02
1.749603487131857538e+00
2.901027441019828346e-01
8.360221038775412783e-01
-1.204006842467189697e+00
-5.047732026465625577e-01
2.974931160521743223e-01
-8.229353162526229504e-01
3.015195687446441841e+00
1.133177126944424629e+00
-1.484801708305044876e+00
1.290104107120256249e-01
-2.001212534965804424e-01
-2.454180520174940039e-01
6.333908607475198238e-01
-7.879965503034439545e-01
-4.116101128922318164e-01
-5.581982859206330305e-02
1.221676141279223859e+00
8.106087416485521224e-01
-1.000090619562182148e+00
1.720300248908866569e+00
-1.325431926742880906e+00
-4.306940739859272949e-01
2.410173094532148674e+00
9.260504976480081751e-01
1.003369981146207790e+00
9.849670177056653042e-01
-2.299976700379149086e-01
9.681247213206056745e-01
2.703227593845046517e+00
-3.191927256764240384e-01
9.211512847443291407e-02
5.413983939580897103e-02
3.069667707323757266e+00
2.284609816248844627e+00
-6.449760619338742451e-01
9.591421216169360164e-01
6.416907998621448339e-01
-1.842946078766851681e+00
5.106468336348557457e-02
6.086013211622347541e-01
-1.789130303161797109e+00
-1.351655509774078556e+00
-1.128420734717199281e+00
-2.323742616918900605e+00
1.097390710291621163e+00
1.814291986738078233e+00
5.866005016495399182e-01
1.231503664903192519e+00
-7.814385494046838243e-03
8.562887082671013506e-01
-2.644573123591036357e+00
1.165157381164583450e+00
5.974827762829213462e-01
2.445251984531890965e+00
5.712477526508131787e-01
-8.944336276155389065e-01
-8.548642489750445383e-01
-3.078366010932640506e-01
9.435939547896398105e-01
7.757521235684261551e-01
-6.609263154547042607e-01
3.320182673467494405e-01
9.995917317433409277e-01
1.529852592107595832e+00
4.866059746016221377e-02
-3.807546386089860624e-01
1.931440340567937008e-01
-4.846662990397712645e-01
1.374016326223012507e+00
2.241989057398757978e+00
1.028073688266685437e+00
-1.261805139155379951e+00
-2.123330389007507701e+00
-1.096125297480504912e+00
-2.558347719092811667e-01
-1.002727904851116847e+00
2.351509122546610320e-01
-5.656214939081682935e-01
-1.607946749591004920e+00
-1.154776776942818550e+00
-7.113442593303923034e-02
-2.296051029216300554e-01
1.518882084782414488e+00
-1.244640009973786654e+00
1.774471997281018787e+00
1.005990440971256783e+00
-1.148070896451620415e+00
8.742150669632325899e-01
8.635976877805706664e-02
-1.208951692985729576e+00
-1.605999994340337134e+00
-1.644371286291688605e+00
1.319342504217853929e+00
4.734930684173852544e-01
1.202770838044719737e+00
-2.993641839851623132e+00
-7.600973400372599276e-01
-6.899007139992816562e-01
9.026931374891153936e-01
8.642423030735809641e-01
-1.646588773188653598e-01
-6.317219211926919376e-02
6.212679182671532185e-02
-7.812238943470600772e-01
-6.495863885955850403e-01
9.396370752583123043e-01
4.543737020504099444e-01
8.316632633268067343e-01
-1.697852826414427252e+00
-3.680582562653118561e-01
-1.276059769309049186e+00
8.668269412877727120e-02
5.425307143198104809e-01
3.540903223842207792e-01
2.523829138570042874e-01
1.642937151365864157e-02
-1.619386410748453464e+00
-1.898103682154034522e-01
-1.402875518716778791e-01
-1.500515517879567051e+00
2.990134891414830243e+00
2.853980553395982778e-01
-2.724454761390912583e-01
7.129758737102210864e-01
9.112004215174765998e-01
1.178727937221075939e+00
1.312377536701520908e+00
-2.209044939770672400e+00
-1.027755630917603913e+00
8.240476021055617162e-01
-1.073503969329787089e-01
1.725367831709761157e+00
1.204580463960885028e+00
8.715011422067847624e-02
6.876917701156894935e-01
6.049589885754881324e-01
-9.674315164098458153e-01
-1.968544945814334479e-01
-9.655073511121248231e-01
-6.656655407303657679e-01
-1.288188813895035256e+00
-8.077214262739239592e-01
-3.681326944220521535e-01
-4.814856575149405876e-02
2.744078597879917147e+00
5.509577740883275093e-02
1.105360219695403989e+00
1.798439960321738029e+00
4.786595239537097868e+00
-5.130001733939459907e-01
5.222936669602573634e-01
9.132722318536319328e-01
1.746880464895585128e+00
-1.176458675968540923e+00
-8.399681135782113284e-01
1.231997888965623789e+00
1.456285703396104969e+00
1.751262590042014233e+00
4.427858391713971331e-01
-7.610313137284148155e-01
5.983828285760811605e-02
-1.028327527007804720e+00
9.543502405067035843e-01
3.301405346350470005e+00
-3.622229925501400660e-01
-8.031894618226754767e-01
-1.704793347646479162e+00
-2.936238132872986961e-01
1.589808905014794549e+00
4.414983852821937615e-01
-1.530905699785872986e+00
2.714170344302837545e-01
-1.130293318062222774e+00
5.024801800658666995e-01
1.096323411807680337e-01
1.261964606793527510e+00
-1.553123743084443786e+00
-9.097674083929272459e-01
7.829840946442498950e-01
3.463701557634419892e-01
-1.603023608207110096e+00
2.002756017094667329e-02
1.072223938391328568e+00
-1.167579189437253140e+00
-1.244091648179521670e+00
-2.104100558684485200e+00
6.771759836848313396e-01
1.172694161656493872e+00
-9.746707557169480562e-01
1.852180036951645015e-03
-4.199485548685280567e-02
6.827888741821953600e-01
3.369548961698227707e-01
-2.074193260295940922e-01
1.863094729322993359e+00
1.492564978896418593e+00
