-1.374880748474912817e+00
-1.406230119693292757e-01
-8.841579866839177626e-01
6.122842128149225127e-01
-3.484171398238375406e-01
-1.111618707061646560e+00
4.203708726662684358e-01
6.177131759342827655e-01
3.382288462282707076e-01
-4.347254208329273117e-01
3.324144153974138427e-01
1.861079202285112200e-01
-3.119571463173791415e-01
-9.080204555832361857e-01
-6.482195621471644742e-01
9.897825328244029552e-02
1.867743136954245431e+00
1.293059259043683462e-01
-4.385166675240800838e-01
-2.357518758598495801e-01
2.121610468909648439e+00
-1.132876535456850631e+00
-1.345577770042542198e+00
-1.825383316988592242e+00
-4.494929916044185791e-01
7.615600435517650979e-01
8.641654313452535874e-01
-6.116329786283644099e-01
2.100084711604291443e-02
8.261083478232181809e-01
-6.767466032585808255e-01
1.820687098350923239e-01
5.853047466858316561e-01
1.072603994009884376e+00
1.406411619836645199e+00
7.697601995274987452e-01
-2.393589946664908652e+00
-4.512056088614065097e-02
1.360240053953063244e+00
3.809584522113176885e-01
1.375084361650286358e+00
8.147747597214770321e-02
1.512312766669086372e-01
5.447968052660411287e-01
-8.421972889320733513e-01
6.734514992660098898e-01
5.254343447685941859e-01
6.625603953730595519e-01
1.254557114986218358e-02
1.199310947984446596e+00
-1.151912287407140384e-01
-8.188443915925766037e-01
-1.073697313188236857e-01
-1.298322307664430963e-01
-6.825490141486544315e-01
-2.876983666760089542e-01
8.667156291797875056e-01
7.994032867555894706e-01
7.410275257070837451e-01
-5.174476019805454019e-01
-6.336720542591576244e-01
4.725355998006572911e-01
7.558831670230445887e-01
-5.062361100168031314e-01
-1.293814344092335977e+00
6.933406203817005231e-01
-8.619304640944823737e-01
4.040643618590759600e-01
4.063042334095842700e-01
6.885125105761644715e-01
2.969900795229626356e-01
-1.178115531936813731e+00
3.028698771467522310e-01
6.663559227941233398e-02
5.822210477982769916e-01
-1.034671434192886430e+00
1.134365914883487925e+00
-8.446172492635535267e-01
-4.184427099483492007e-01
6.349895212182284920e-01
-9.467526221266688857e-01
8.945863314917655851e-01
1.629872326201721455e-01
1.757843604777430846e+00
-2.670331002894248407e+00
2.522204372453800136e+00
1.020987010918644605e-01
-1.419354533167581423e+00
-1.449693402144429211e+00
-6.852401068130207218e-01
1.048897061498708538e+00
-3.137910402103848972e-01
-1.974408829564163609e-02
8.382941953196415552e-01
-5.854733030656851245e-01
-1.363500240923013029e+00
1.667474164226710798e+00
8.464629834082801896e-01
2.029512427424921273e-01
9.380338045484265877e-03
-4.162550662428333714e-01
-1.139395499319421523e+00
2.321218778491693502e-01
3.358482248060460917e-01
1.734959921800724558e+00
3.279133478640615662e-01
8.372003658496730838e-02
2.600149881757334303e-01
-2.102270518616514039e+00
7.397632775389287874e-01
3.411010221226295158e+00
1.693366185637771082e+00
8.331366201670151739e-01
8.457310525215363528e-01
-8.980166036795224349e-02
2.089157845833373717e-01
-2.283110518458622895e+00
-2.279104043124282886e-01
1.698764456764532360e+00
-9.401954723498570088e-01
-1.866191721952794313e-01
4.078253862747263647e-01
7.206031733859352695e-01
1.407513037275486267e-01
2.038187877991357866e-01
2.664623352400462553e-01
6.224336995221757540e-01
-4.214371801294515274e-01
-1.311118683485480718e-01
-2.094522801190446260e-01
-1.049665307588221630e+00
4.190515379404308738e-01
2.370802820886434015e-01
9.231504312908711540e-02
-1.679466410238866114e+00
-5.847705028627078194e-01
1.815127581423444436e+00
1.281427357679345569e+00
-5.505253674490738769e-01
-2.061151120437285100e-01
-3.412167940684793233e-02
-2.327895013631329224e+00
-9.674985128221530450e-01
1.358087062808003731e+00
5.352384229591642395e-01
-1.208629253537424786e+00
1.032859316205336775e+00
-1.335729954973763900e-01
-1.002001340836342402e+00
-1.454383468383928235e-01
2.194250708146581186e+00
-9.684804539107164656e-01
-5.669149767914853921e-01
5.833424911552828052e-01
-3.795971110679038918e-01
1.753744537211024690e-01
3.405283022236887391e-01
3.994652605043148147e-02
5.158305226378121500e-01
-1.134546105983174735e+00
-3.602576058978421841e-02
-2.425775335079127792e+00
2.006111568875741380e+00
1.553830073095589404e+00
-2.350309919578620121e+00
-7.589895255782287409e-01
1.585964839259866421e+00
-2.753059078446466745e-02
2.306533318615993533e+00
-1.580844520718769575e+00
-1.214109207858162565e+00
1.148380245912125508e+00
-1.488118298051151811e+00
-1.432457205346127083e-01
2.088552521216612057e+00
1.098741607162112777e+00
-1.058842453590389310e+00
1.995686475442874253e+00
6.710023473778112812e-01
-1.356292698838381883e+00
8.850785491531196203e-02
1.386750522192070068e-01
-1.079735299863250342e-01
-1.862878814252831861e-01
-9.090694755273885652e-02
-3.266429232619467715e-01
1.313687837342903508e+00
9.608978056742891738e-01
-3.649200788919701455e-01
-6.639968498948595199e-01
-1.958524525680047867e+00
-8.311423344604497165e-01
-3.663926117686092110e-01
-1.485899015098327780e+00
-1.351818251713490460e+00
9.505882838156204384e-01
-1.069612469358291129e+00
8.837206978002581925e-01
-4.502268644907326256e-01
-8.648228140663145602e-01
-1.778417734386329219e+00
