9.467184049238126509e-01
-1.269209835413900311e-01
1.496373682850968612e+00
2.803907811242916104e-01
6.606464665606246456e-01
1.581079846029531000e+00
9.646693540448809667e-01
-8.970820779060475481e-01
-8.789673196818388323e-01
1.999872834077585759e+00
-5.109879006763076159e-01
-3.491625726016266418e-01
2.037218101397348935e-01
7.244800621288212117e-01
-7.720220422815975425e-01
8.092567584863952224e-01
2.424068548507730680e-01
-1.060261639271460776e+00
7.156535367334759812e-02
9.515952349337775118e-02
5.438167805522760023e-01
-2.401966003760414026e-01
8.344338022918815767e-01
7.191941441839231342e-01
9.877395858622207703e-01
-2.142002203610549049e-01
6.647790718597043069e-01
-1.643528091590233053e+00
-1.361516628991434885e+00
2.036459332480915485e-01
-7.037842670951359736e-01
7.873258857916427544e-01
4.147063971473978761e-01
-9.746001680548936896e-01
-6.679706848641496775e-01
8.561477795884504527e-01
6.071285381760109789e-01
9.174479865216169649e-01
-3.448088504297930346e-01
6.465256032076630577e-01
-6.314920550529834475e-01
5.813592328439005641e-01
-1.770569864860923048e-01
1.487961718081494134e-01
-7.625415676474567306e-01
8.276660849448178592e-01
-7.816346351133990344e-01
9.459006944936132477e-01
2.008699619077116250e+00
-7.494576400827346330e-01
-5.631385023736601436e-01
-9.037352945927132897e-01
-9.015791035962810174e-01
3.168448562924937484e+00
2.277475752777129436e-01
-3.351132130688448951e-01
8.659218977384561811e-01
-2.443455874992616628e-01
-1.908667055681023683e-01
-3.505083269109230404e-01
4.317308144715190643e-01
-9.403597255554705381e-01
-4.370293302792236378e-01
6.086742665403501729e-01
8.155339633537943556e-01
9.938984433785715833e-01
-9.702590064062348585e-01
-5.063139574303310297e-02
2.605661852510654519e-01
-9.557577713494660454e-01
-4.095920218774662391e-01
-2.924151889784918357e-01
-9.630633665596988191e-01
-3.826284905457848495e-01
-3.330174478942586891e-01
9.491196294774706388e-02
-7.164377125379455258e-01
4.186106645661360481e-01
1.384696623449774844e-01
3.648177987460069494e-01
-1.587080314628417588e+00
2.678394900475693063e+00
8.195391024749998365e-01
-1.047693812147152403e+00
-7.860932055325393630e-01
1.250666008246146044e+00
7.223781450912256652e-01
1.842800508113044078e+00
-5.095059584977469358e-01
-8.708764182616262062e-01
-7.194189646132171934e-01
9.287320771581608625e-01
7.926270838008995234e-01
-8.591936819318353180e-01
-4.148098929268873580e-01
-9.841675745802294095e-01
5.365562004706587729e-01
2.034482809521598323e-01
-2.796511994344257346e+00
-4.813351236733143246e-02
-2.567151279586101786e-01
-1.016135542244807066e-01
-1.461271980661636993e-01
1.128050216329943289e+00
-2.537357234868691247e-01
1.998687845011147157e+00
-1.301638590852882693e-02
-1.353667176922370263e+00
6.392682857000583918e-02
4.692233811812940303e-03
-8.325084174856351993e-01
-1.394130758650343971e+00
-2.298280519293241397e+00
8.279959896471107417e-01
8.345296235565966558e-01
-6.129653691297651807e-01
9.424250474058040172e-01
1.041549505928376806e+00
3.876709055741829335e-01
6.457871264436467751e-01
-2.513660948985537713e-01
3.081383140622449446e+00
-3.514864915935151934e-01
-1.895899570807465517e+00
4.928826004604500710e-01
-7.027451124187271692e-01
2.025156630090712895e+00
1.055479125842259780e+00
-1.913235548257155028e-01
3.671450854844249267e-01
-8.115554505622399883e-01
4.945552477886239195e-02
1.798501387598092860e+00
-1.246148655201100297e+00
-1.691983197857944987e-02
-5.081115404998515217e-01
-2.115933858650869137e-01
4.245210084265602646e-01
-2.665333402125333873e-01
1.995167545945040199e-01
-3.588207928908253574e-01
8.224406567113546895e-01
-9.656327028123667944e-02
1.719985064651572415e-01
1.704806089792433976e+00
-8.699964610968424772e-02
8.511784562890094552e-01
-1.181048412890350896e-02
4.777563857941760084e-01
-6.329462594997972147e-01
7.470420491589304657e-01
-1.209278815294790421e+00
9.939519641822225360e-01
-3.385166284241829526e-01
-8.097855940179359280e-01
-6.225864736619795003e-01
-6.275017298970821944e-01
-2.016838372141600555e-01
-2.230074199630112664e-01
1.760665675010234299e+00
-2.392580346148953652e-02
-1.331352954290987434e-02
-1.526691158792292669e-01
-6.224715011995184399e-01
5.092418190449810034e-02
8.490031528610937350e-01
4.725385605316551052e-01
-5.575880452687582700e-01
-1.057859146474671830e+00
1.123073830818466678e+00
5.814787863701627035e-01
6.244283944691986221e-01
1.958524089172195781e+00
-5.730811226163134986e-01
-4.124362114237412058e-02
-7.606455702849417300e-01
-2.823091364472129494e-01
4.585445908272514082e-01
-6.298787117592419271e-02
1.018823641604986063e+00
8.786070511341319555e-01
1.014480022305022100e+00
8.884882642927673935e-01
-2.903783847870444745e-01
1.484946927959437613e+00
9.286156450171381138e-01
-7.589263679383443373e-01
-8.571580914396662587e-01
3.658356789646839413e-01
3.171837021209338303e-01
5.925715950272278931e-01
1.352284311053727484e+00
-1.038471458348388943e+00
4.425224149126247286e-01
5.452460898176694215e-01
2.607445479973260483e-01
7.682345681686436611e-01
-2.645165903820684505e+00
1.008859741156456824e+00
2.376743398510070548e-01
-9.921612981182530433e-01
-5.907114287081682846e-02
7.211844411856247472e-01
6.728645221710916058e-01
-1.705073384267166148e-01
8.939112295656290730e-01
-1.144348618271487261e+00
-1.883918652825542495e+00
7.860599304773849827e-01
-7.934368003331959684e-02
9.178911514695970997e-01
5.731673695745862496e-01
6.719347343007942008e-01
1.673251769694616975e-02
-1.429375281367653017e+00
8.127155327168738008e-01
8.659227861923379788e-01
-2.983939446371586812e-01
-1.022758985735106041e-01
1.684656630377994180e-01
-4.198919093189259488e-01
6.335281745605754189e-01
-7.791004622264536827e-01
-9.344767316949094127e-01
-4.828376347155715065e-01
-8.124510786199152790e-01
5.258623407652709414e-01
-9.393514411293402144e-01
5.360103765752457505e-01
-4.311859547501366574e-01
-1.203576053730436524e+00
-8.346256507326603735e-01
1.973309625837273151e-01
-1.786663846468693473e-01
5.071363298704516520e-01
-3.337679891520057840e-01
-1.403418611185062836e+00
-4.824213116782976596e-01
2.593762147246712058e-01
-8.236803408410353633e-01
-6.706307687833521491e-01
2.635102719880022537e-01
-3.897742826049810372e-01
1.429429214547863314e+00
2.827183909951318519e-01
4.020492593691004091e-01
3.084180349506450813e+00
-8.728753159621306379e-01
6.599319313849330015e-01
-1.317139110010094871e+00
2.150363447854155563e-01
2.011768970800514644e+00
-3.175983985089525508e-01
-1.155386437464336780e+00
6.922918268065556546e-01
1.884196708681076027e+00
-8.208510847943610855e-01
-6.451600281404148429e-01
-1.472775258065230686e+00
-5.808947489378500917e-01
6.474456611991903365e-01
9.350843465519752540e-01
1.093401859399237619e+00
-7.983966248734408744e-01
-9.344084271873729364e-01
