-9.153803231202501944e-01
4.432427594496906598e-01
3.268956469768174999e-01
-6.959784688568531053e-01
1.308861895985788504e+00
1.047500016138890544e+00
-1.747005641008669397e+00
-5.930318799389910911e-01
2.453439146162197382e-01
-2.203718158902101543e+00
-1.027380106314882413e+00
-9.237619114117145980e-01
-4.982008663681227745e-01
-9.872516193197923284e-01
-1.338824647434250781e-01
2.203032151053568033e-01
1.048693742328948852e+00
-1.706519573719784244e+00
8.482346623823744380e-02
-1.257414221644268526e-01
-2.525720865146625194e+00
-5.776286107125570002e-01
-2.211410880434444282e-01
-1.295834850334419031e+00
-2.015971306661030304e+00
-5.303506904174963565e-02
-1.631615178609789885e+00
6.656980548516646667e-01
-2.726860301195197511e-01
2.887645664740650098e-01
2.818058071967848299e-01
1.097804535134843329e+00
1.092124715108091726e+00
9.625097842590333297e-01
1.840741691066212882e+00
7.878307292759810787e-01
-6.710157978254763789e-01
-1.413141929651095419e+00
-7.384079170914967793e-01
2.268465430238851166e+00
-8.359055745168886276e-01
-4.034652503269036128e-01
7.222757997871854796e-01
-2.385795183713224965e+00
4.635374356725259215e-01
-2.316400440502413449e+00
-1.341405492157817791e+00
3.071397269757419890e-01
2.127099677166817582e+00
-4.717064547104310446e-01
-1.407646558052635832e+00
5.356436516536972059e-01
-8.705288918923939079e-01
-8.706895685096001092e-01
5.477585334171257703e-01
-1.377390687645956957e+00
-2.298468135532897305e-01
-5.708035675337592707e-01
-8.635154075989093236e-02
3.505807155644357076e-01
9.559798362018918638e-01
2.230434168108884840e+00
-1.977102343299435905e+00
6.390922435568916482e-01
-1.210292304151384890e+00
-1.533905715045976725e-01
-1.719653552012718301e+00
-1.240146416706995325e+00
7.062807814840669218e-01
6.219029732221075246e-01
1.659223995218931602e+00
2.464721197425824850e-01
-1.177399071580988110e+00
7.183245926000236814e-01
1.131620312414549634e+00
2.116412637622016479e+00
8.218909514575216679e-01
-1.246675436150791905e+00
1.619791557846646524e-01
-4.048574775770638623e-01
-1.574029377208073566e+00
3.020682163651978724e-01
-1.092729196878463593e+00
7.682006510840936331e-01
4.809781680753750788e-01
-1.800589015110273028e+00
3.085748878856042765e-02
9.935260902918928716e-01
-1.465533420018583222e+00
5.828322806021620783e-01
1.268148954741561418e+00
-1.735061057477318203e+00
1.707064827365572413e+00
1.298285539152408630e+00
-5.859648324974848776e-01
-1.068780707219344039e+00
1.438676145438238851e+00
9.441557591242509817e-01
1.337318632200914514e-01
-3.459893147889954723e-01
-2.222741471906240385e+00
9.445619737808271799e-01
-5.781369767754304112e-01
-1.157634874558757521e-01
-1.033057449917377024e+00
9.916310479350506357e-01
-2.880723412761166391e-01
9.310275623942925183e-01
7.214637705832297465e-01
-5.149354635060798824e-01
2.979891489100392477e-01
1.321777239600451792e-01
7.575481031302790935e-01
-1.723757016236137307e+00
1.671578900843653015e+00
-1.113199059031732219e+00
3.313696720257149897e-01
3.590532203618734819e-02
9.568504374823771919e-01
-4.184174998248454402e-01
1.532365761239941726e+00
1.472008485724178195e+00
9.443039485063560168e-01
5.273630389417058861e-01
2.357213505873266557e-01
-6.211138311345504315e-02
-2.225871787864601992e-01
1.243489260445138855e+00
-8.903065624428461167e-01
7.806951339151964042e-01
3.330536824597227774e+00
-1.767820361508864346e+00
2.540944602001952712e-01
2.285930415558666606e+00
-2.496829748640180480e+00
5.233556365109014452e-01
-2.366478002112647694e+00
1.170327159248040871e+00
-1.293509814341380348e+00
1.132559636782378032e+00
3.356069249155307355e-01
-1.820173874855914864e+00
2.781519563718199972e-01
-1.174704695376915353e+00
-1.036014265776020293e+00
-6.048525033596905409e-01
-5.533960171540596162e-01
-4.560804572644634458e-01
-2.206361653710887438e+00
7.833796125679399758e-01
-8.644577183204202875e-01
-3.939959841962534237e-02
-5.282311578820326758e-01
1.649373345300643612e+00
1.329147793510186693e-01
-2.309551063398860293e-01
-1.838507775435065938e-01
-1.228208132167925681e+00
1.895633995216401413e-01
1.626914609273009349e+00
-2.288507567879349835e-02
9.040130052615917844e-01
-1.604671277810285623e+00
-5.956512416381990471e-01
8.398840155366219529e-01
-1.659718438603939861e-01
2.140903123405899056e+00
1.890060085845420623e+00
-1.813802323225224500e+00
-1.336108658888021106e+00
1.549081235486530650e+00
9.243292703077923278e-01
1.039163416471210910e+00
1.540732801377974193e+00
1.535782545393094223e+00
1.807621350663708437e-01
1.359858839835328848e+00
5.019479406024935919e-01
6.296427994319420129e-01
4.980321966562032410e-01
1.191228522285125990e+00
8.258876200990104000e-01
1.612371181545383170e+00
-1.171027955272840426e+00
-1.734356920443166583e+00
-2.575960562399595699e-01
2.102862040655471443e+00
-1.182789309241810027e+00
6.514732584819198369e-01
3.251921947882752129e-02
-5.545499846243637232e-02
-2.995706396973936425e-02
1.936476902373118758e-02
-1.865578790928119068e-01
-3.037106415438608487e-01
2.924030768093990873e-01
-1.448929932401292753e-01
5.320143637718636187e-01
1.903278412235899664e+00
-2.417538448423250497e+00
-1.423647869500717089e+00
4.699565563745474073e+00
2.963163628142486683e-01
8.135550372944566622e-01
1.288508337736205822e-01
1.606255612384166920e+00
1.107283027239665874e+00
-7.860252421003030010e-01
4.628044568165934902e-01
-6.510151402273356425e-02
-1.898329611596017985e+00
-1.144360103225704473e+00
8.315223172951060615e-01
-8.159329371300808043e-02
1.480170322131549199e+00
-6.640699362973156994e-01
6.317415239885215694e-02
-2.004873480893044846e+00
-1.027896163807245911e-01
5.211709225054829142e-01
1.609337945410774129e+00
1.821954039317327023e+00
6.211968971133365880e-01
7.834311098672754881e-01
-9.499388363297616156e-01
7.624846173176107467e-01
1.793785044331012823e+00
-1.019007923474789967e+00
-6.121312019078808397e-01
-1.493072878912772739e+00
-6.275141363290743790e-01
-1.311771621751002481e+00
-6.427210609008937592e-02
3.911862402292727303e-01
6.230053836276800983e-01
-2.418407302689836724e-01
-1.152932781715199084e+00
4.411441950123987099e-01
-2.056879796742804523e+00
2.538231112350759044e+00
2.792957249951433241e-02
1.052530613622161937e+00
1.027405823349362368e+00
1.677940997402843859e+00
-8.018963728853250039e-01
-4.972751292695953840e-02
-1.911686203507495740e+00
-4.891031899104272274e-01
1.459855539999057150e+00
-3.720490722385919380e+00
-2.127427281913469859e-01
-1.236576840818345291e+00
6.182964389056948562e-01
-6.436027298239215266e-01
-6.785733077441967742e-01
4.560192931502866642e-01
-1.221358218528615147e+00
-1.013854085158355289e+00
-8.274620091402673516e-02
4.771675069785657475e-01
1.708421701991173602e+00
-6.474588927605110511e-01
-3.934822230367794327e-01
1.105537567809735444e+00
-1.451268091727024201e+00
-6.818229580830775793e-02
-6.771725811076503287e-01
5.861365916810981069e-01
-2.069430355031540714e-01
-2.031838753929603669e+00
-9.051429479969015368e-01
-8.497112790673522209e-02
-1.168757303905250122e+00
-1.728801681465340634e-01
6.795407406916343929e-01
-1.114185559338414233e+00
2.608890254629177452e+00
-4.156520822188924935e-03
3.886370953838725328e-01
-6.677876315842232735e-01
-2.215670319849212533e-01
1.839970185638291511e+00
3.703646242572373737e-01
-1.145681244500406759e+00
-1.787152667906119596e+00
-5.791536421454728245e-01
-2.219439756922517493e+00
1.516019003798101838e+00
1.645356665205315982e+00
2.773368698588719816e+00
-1.096557829362823977e+00
2.736405874061544452e+00
8.519194936350789060e-01
5.631054507324587677e-01
-2.886798356815714062e-01
1.985851335037004117e-01
4.014326853002600504e-01
-5.027700695273991105e-01
-1.637934533821386651e+00
-1.321364916607106754e-01
4.168040934620884652e-01
1.152999785785510767e+00
-4.682908664819585010e-02
-2.950796214199561396e-01
-3.772470359024049369e-02
1.701084562207585860e+00
-2.881544262504681653e-01
2.129757597805329028e-01
-7.262359176104461467e-01
3.102408085921456227e+00
1.729067148578884883e+00
1.361956990382660271e+00
-1.261843527668232712e+00
9.321687934010707277e-01
1.689685768478169647e-01
-1.512003470117039283e+00
-1.477479588591683157e+00
1.166818131637363365e+00
-1.672221561740848461e+00
-9.551403396326503259e-01
-1.306058952943533580e+00
-1.428034402933152203e+00
-1.047794140940323970e+00
3.604167661108903520e-02
-4.239096963748635871e-01
2.459149427480058492e-01
1.795701578524043329e+00
9.136220271689634576e-01
8.215084321393876232e-01
-1.525007713230555506e+00
1.385370083312004841e+00
2.275373959899274490e-01
2.126916810451497941e+00
2.776743479103550571e-01
7.133496564658345918e-01
-3.214763274826151762e-02
2.296283118280275204e+00
2.155720161972320414e-01
-3.748100873862504345e-01
3.650282626259734320e-01
-6.933128451121646219e-01
-5.562836459016717860e-01
-1.096234622991276941e+00
5.084769890078647547e-01
-2.890209119276762606e-01
-7.655767930714347802e-01
-1.848240753513759327e-01
9.499259421155454852e-01
9.985812576969765875e-01
-1.705903430013873123e+00
2.006674603028745507e-01
2.408751826722755229e+00
-6.633890966008287871e-02
1.331423076963765606e+00
9.767488080925723626e-01
1.025596011987933265e+00
-6.599421738984492247e-01
-6.154195219666596106e-01
-5.862043689914959721e-01
-9.398147063534328938e-02
2.901144875518937294e+00
-2.351384701367954300e+00
2.160953683990013197e+00
1.279413772958798212e+00
-1.252565871314495594e+00
2.342239559042036123e-01
-4.261546158613953583e-01
-2.481815279122709939e-01
-1.294602110770349535e-01
-1.963104753607481268e+00
2.244901408010851807e+00
-4.759593741742058626e-01
8.232573441848684004e-01
-2.843750051064362072e+00
7.671463378411942369e-01
1.446771315047327811e+00
1.297595783335347974e+00
1.999697865346946601e+00
-5.746620364045562646e-01
8.276843271360028176e-01
3.220722041068566632e-01
-9.707921911752833699e-01
-9.620639010443812200e-01
-1.017689570494539064e-01
-7.272027115038115497e-02
1.238346432806888942e+00
-1.672677510834669201e+00
2.408133182725563648e-01
-6.373461518525704861e-01
1.865851582855234225e+00
1.284286943891537414e+00
-5.417900878652273100e-01
-3.518762436477992916e-01
1.166089483513131242e+00
-9.635980420670251512e-01
-3.235715831727727365e-01
7.192291556462655500e-01
5.943587284065526832e-01
1.558892336685882229e+00
-1.097967732815108732e+00
-2.043225109330353728e+00
1.711186053690210374e+00
-2.168625576626386664e+00
-7.431536568821714983e-01
1.371874527780889252e+00
2.057059930304141471e+00
-1.604732206090047075e-01
-7.825361802772656805e-01
-4.057800829659715114e-01
2.981753530003284691e+00
-1.982658690269418211e-01
3.165775207468331520e-01
-1.240442730346448807e-01
-5.008473520046968774e-02
8.624122557487045038e-01
-6.381499394231027189e-02
-4.224062618874109276e-01
1.711591480824659506e+00
-1.664304248182660650e+00
9.849819347005588366e-01
-1.203719281561857146e+00
-1.426770150255687541e+00
2.027695311005417000e+00
7.602992629611580178e-01
-4.314704377010747383e-02
4.066009022054634103e-01
-4.672846665046238024e-01
-8.731270974883321712e-01
-3.806147259627606916e-01
-1.545415937655148175e+00
-1.133712501815711260e+00
-2.547836215643450863e-01
-2.077311114946817083e-02
-2.121235962272121078e+00
-3.467563500094665851e-01
2.594113725743921739e-01
-4.501649104387056011e-01
1.326464240315388121e-01
1.713510751827460821e+00
-1.065917292344034095e+00
-1.121371328476829854e+00
-1.306265338465440351e+00
-2.228635910901157757e+00
-3.449301838747234061e-01
6.531977256496910300e-01
3.495804373951271415e+00
-5.328656791408692417e-01
-8.305287078760474895e-01
1.575892053464380771e+00
1.667207877741524236e+00
1.270979816728897038e+00
7.443084369764100261e-01
3.199673758785358535e-01
-2.061806901140903481e-01
1.852446035964802062e-01
-4.729162083193660937e-02
1.951793943216768579e+00
9.436920737839652462e-01
3.533646680555079023e+00
1.333233841754270399e+00
-1.503884779915773739e+00
-1.874745452689875913e+00
-1.207798985860612184e+00
-1.212949314632462583e+00
2.245884360034249849e-01
-1.623058519549956058e+00
1.446830652973637443e-01
-2.037180838040302699e+00
1.546175910757798810e+00
1.787276379758218514e+00
-9.538388558156272179e-01
-2.207136365742125239e+00
2.180968638175307950e-01
-7.115611934366814495e-01
2.590268910361248067e-01
-1.134210335085914512e-01
-1.139233128120343608e+00
7.512205217056761031e-01
8.384836479889534733e-01
1.707484717642404892e-01
-1.973158383290172013e+00
-1.897560691863197757e+00
1.140285470384627020e+00
1.972616164869761324e+00
2.055357168787052657e+00
2.146653164977045947e+00
2.270288094395375378e+00
-1.479659551101283332e-01
-1.580496399997972645e-01
-4.414518907250845059e-01
-1.905248833742285042e+00
1.089826347084564828e-01
-7.851475544470616352e-01
4.666441259674984354e-01
-1.736424465980679344e-01
4.273778537492082807e-01
9.836559308205012897e-01
-8.436930896594052598e-02
-7.219270053764947903e-01
4.703313080043579619e-01
-8.795649318181242293e-01
-2.379785782414701956e+00
1.036994902167200472e+00
2.399838862811821460e+00
-7.767205675995371150e-01
-1.362875487508601324e-01
-7.072017869843501003e-01
1.256309071740311589e+00
5.645837609748357577e-01
2.658434608082894668e-01
6.744785865574165484e-01
4.010038330608789447e-02
-2.044184716635398580e+00
-1.910725840979871082e-02
-2.208926997539206738e-02
-2.295008799550343426e+00
2.794573218311167673e-01
-1.037043579084278244e+00
4.232674413434328597e-02
-7.062753214711689487e-02
1.535756049432789316e+00
1.668701688213746759e-01
2.141632031788004431e-01
1.207201962760020786e+00
2.641427775820655022e-01
-8.753764768639876737e-02
1.065204095583538235e+00
-2.974426866052916063e-01
1.586206980254110555e+00
9.275390136402021923e-01
-7.126653317300052359e-01
1.413788104268320911e+00
-3.068234171091969831e+00
3.163771492070293068e-01
9.553404750829731507e-01
-8.957060750088134959e-01
9.448454852363408207e-01
1.796600503379120362e+00
1.508531946054330941e+00
-3.734362953300869314e-01
4.419950345363385935e-01
1.269812716758113025e+00
5.428237478304115404e-01
-8.706411067776402835e-01
2.392417928487874157e+00
-5.988806711316319031e-02
1.998210669546448992e+00
1.277132535431747096e+00
-6.056385694843531287e-01
8.413310306174123232e-01
2.793001291049335144e+00
-1.254970430229039646e+00
8.424869202109702693e-02
-1.297647769001553986e+00
-6.451138333951855763e-01
-1.966771748033156131e+00
1.601019013651799883e+00
-1.360657888890120182e+00
-1.179959825780482419e+00
6.378035922369795774e-01
1.130328057432983258e+00
-3.489625462611215534e-01
7.145637051620932212e-01
-6.912508644882733311e-01
1.432322537732970025e+00
5.581604680715068767e-02
-2.964449754761809830e-01
-9.975633550143105932e-01
2.292828126414019785e+00
-5.175921264549213641e-01
-7.815106700185039390e-01
-7.150982521546636050e-01
4.172453456869734678e-02
1.989787534276167280e+00
-2.086533276347645738e-01
-1.524466846299260991e+00
1.951493883421638431e+00
2.188158604461274859e+00
2.679774476544396489e-01
2.907335359452304369e-01
3.807658972538326969e-01
9.393044601918959513e-01
-1.315570400987920996e-01
2.585457276734150489e-01
-2.417828424832200174e-01
-2.386566265449630020e+00
-1.534237199743726299e+00
-9.728799841868832621e-01
-1.570031000456626247e+00
-9.113690139311263483e-01
1.820212036279498902e+00
-7.795798212039251052e-01
-7.660533968311246111e-01
7.636443483825932077e-01
-2.263338555396808838e-01
-1.387091179062170387e-01
-1.973175571387517202e+00
1.463713831274644050e+00
-2.455699560761647859e+00
-1.591502977502825100e+00
-1.002427781017835251e+00
2.074858291866827908e+00
1.014059429041881844e+00
-2.296261736479405791e-01
-9.305790013359557244e-01
6.338298926972318892e-02
1.470598887706903724e-01
1.642741706021511039e-01
2.294990897982250644e+00
9.997415220596450602e-02
-2.891065115707540656e-01
-2.047634261741422823e-01
-6.493186850667030940e-01
1.671943286855192001e-01
1.379994745996905525e+00
7.516991222688359509e-01
-1.669147043261712815e+00
-5.740760592276534791e-01
-2.182276066571176010e-02
-1.688033054464597393e+00
-8.409736199132695766e-01
4.116510901505110454e-02
1.255772110611121928e+00
-3.263914074982243729e-02
-7.856186365842202646e-01
1.186623313734591179e+00
7.734812643477658733e-01
-1.149866590938254829e+00
-1.781689948857184458e+00
8.385894096924306762e-02
-7.952876910072392835e-02
-2.419627779570263648e-01
1.035495527331812049e+00
5.167842755212381789e-01
-6.262288213058373465e-01
-5.557045684720255396e-01
2.707108990320479691e+00
1.515522176931568099e+00
8.971858810929933536e-02
1.522002067021877569e-01
1.813565838450196255e+00
6.698114004362432095e-02
1.246252103681479539e+00
-3.061052324305940875e+00
9.908611328528551532e-01
8.694294181545828004e-02
6.726141503474362127e-01
2.205376197812288552e+00
7.053882998913539870e-01
-8.091784484158264235e-01
-1.437225109805860268e-01
6.745544736073875169e-01
9.039138356078657566e-01
-1.844246986391335330e+00
-1.392985257472970639e+00
5.730289609316785437e-02
9.693668285345458102e-01
-1.624827197090416009e+00
-5.697966343737537187e-01
-3.957495803307020665e-02
-1.215506739107502066e+00
-1.302933087233693277e+00
8.722703633365104237e-01
-1.252271208981017958e+00
3.182335202611061842e-01
-2.205055610026920299e-01
6.835459064194937540e-01
2.223100723919552157e-01
-1.610070290743384813e+00
-2.865674825354662114e-01
1.218385849623808692e+00
4.581601885564144383e-01
9.778615093777712763e-01
1.519711784949523192e+00
-2.229882178669719828e+00
2.572500374016507552e-01
-1.483547426215070075e+00
7.868044125912823095e-01
-5.147084090973708115e-01
5.173749672195626648e-02
1.170576153355177507e+00
-7.801334935582364682e-01
1.163702811163161432e-01
1.596551160349388487e+00
-1.902036634042723273e+00
-8.220452724341293926e-01
-1.145993126998813061e+00
8.292567514931126205e-03
-1.711953629395379650e-01
2.053561072177209623e-01
-1.742895915853361899e+00
4.431264744967838842e-02
3.177824658254242429e-01
7.252547573062991804e-01
6.806763054957276626e-01
-1.035398987425564243e+00
5.477953449356934845e-01
-2.734159743285551336e-01
-1.209431220908748328e+00
