1.116543535132238363e-01
-7.201591578985779840e-01
2.740296793631120664e-01
-3.486483922608754060e-01
7.321972551587696554e-01
9.551193167378773108e-01
-8.030891621460050089e-01
7.367379052403766337e-02
-2.429194774476926000e-01
-8.882636820227729491e-01
-4.661447855551843489e-01
-3.143417550717331199e-02
9.314888769316369554e-01
-3.787845242262413703e-01
9.306125456731726420e-01
6.526216054691589274e-01
9.453646088657663427e-01
9.083692232090402330e-01
-1.713889659514085118e-01
5.147142166328890767e-01
-9.282358971713473572e-01
-4.730931816745891361e-01
-7.969095353986745955e-01
-2.328419673666344281e-01
6.151554030973753751e-01
1.332800486922690819e+00
-4.329618491124720414e-02
8.205124372996761561e-01
4.853163793958779060e-01
-2.646180940919728997e-02
-2.436705298955705867e-01
-4.030386279813982231e-01
-2.287472426055750852e+00
6.353192972598658006e-01
-2.949740795806736759e+00
9.232226629500961401e-02
2.022778555038100556e-01
1.336030436709177982e-01
-1.411667215299402756e+00
4.433689985165976122e-01
1.705623516818963736e-01
-6.794582422594741544e-02
-5.239354970797400757e-01
-5.625051572970274361e-01
6.742134210643107028e-01
-3.923180580260532402e-01
4.625258663258822178e-01
5.843986305897896916e-01
3.781458557179910862e-01
8.677293482788226431e-01
-7.773862458531413111e-01
-4.700970535399573436e-01
7.616826680242507752e-01
-2.509786812331544770e-01
-3.663236098396709384e-01
-9.971936568555330727e-01
4.365058432688275758e-01
-9.069550327832032188e-01
8.280046845272821532e-01
4.665317431993540875e-01
6.738104904776307524e-01
3.333439207559283357e-01
-7.598007452917041604e-01
5.414504620864988294e-01
4.658854904058340463e-01
8.714001277596825634e-01
6.183086797734373974e-01
-7.838919417157705904e-01
5.499014938787907258e-01
-8.572824919135324517e-01
-7.520206782681837510e-01
-9.958602715806810224e-01
-7.716285966446756461e-01
-7.525537640930202166e-02
9.251822760443526583e-01
-5.132255013587805337e-02
-4.195850493924466740e-01
2.980416445339462150e-02
-4.755721998149973206e-01
-4.837352254723665812e-01
-6.855438641534485900e-01
5.105426663230092643e-01
7.994610251286400349e-01
-8.320363577742135863e-01
-2.210836540606408995e-02
-9.946624423297334427e-01
2.981379037028331069e-02
2.450619611079618565e-02
8.778396631038207776e-01
6.694989587494319938e-01
4.488977129084446016e-01
8.574441870739533123e-01
4.362170911892355729e-01
-1.207092668404221580e-01
-3.316066447750467550e-01
-8.442066516518844654e-01
-5.616127135354520572e-01
8.305506566550744374e-01
-1.731760403703136220e+00
7.021218558878932203e-01
2.982008575055121735e-01
5.591307802131926241e-01
-1.106546020294671528e+00
-6.932948916196330913e-01
-9.631853403978434258e-01
-2.615714212143127604e-03
8.959983108003999330e-02
3.544503656377677725e-01
-3.579381071605780562e-02
-1.893625202760596538e-01
-9.383705252577834166e-01
-4.445271582459573434e-01
-1.235201323463916090e+00
-1.584705140259933698e+00
6.087029247656519093e-01
2.804624194678360549e+00
-1.024235948447982825e+00
1.002490262138617805e-01
9.398531985140738954e-01
-1.428548575611505722e-01
4.863740465587302886e-01
8.333182496976287990e-01
-3.141394117850606627e-01
-4.750689518671594724e-01
9.696646421690293671e-01
1.316341073769101921e+00
-2.237435074191049367e+00
-3.248305929732446806e-01
5.051752767394521726e-01
-1.409933111341719725e+00
2.719288011504747971e-01
-1.690521300112911129e+00
-8.393938600012356144e-01
-3.106317826867914800e-01
-9.365643950835202958e-01
-7.298877203457523333e-01
-7.516447220318711597e-01
2.762777521915951162e-01
-9.777338587325146158e-01
-7.623144160001651404e-01
9.779909224245275645e-02
4.990436616142372994e-01
-5.548953324756740191e-01
8.864118883425171624e-01
-9.848421657077837121e-01
-8.234614395019550503e-01
1.778514627835264594e+00
-5.220781475592823906e-01
-1.596100046329282041e+00
2.441854804938902168e-01
4.796736839658506391e-01
-5.855156111169299571e-01
-9.675948117640387203e-02
-2.109021101717252211e-01
1.890926656437161846e-01
8.878861940879665404e-01
-3.323608316119999184e-01
-1.408547564847170586e+00
2.079145803072379728e-01
-4.331462575112527968e-01
-4.079471562719434452e-01
-1.267364712255014680e-02
6.837693708139975790e-01
-7.110309263930858492e-01
5.114251595709906617e-01
-5.240835301968989057e-01
7.687865064032541884e-01
-1.458113614474675579e+00
-7.397228106984889973e-01
6.900902454751769444e-01
5.911780504875616127e-02
5.162926054540708520e-01
-3.814110517211961593e-01
6.689965635918457831e-01
-2.447254836972674319e-01
5.553251588356307167e-01
9.819720527536284216e-01
-5.618783497895796231e-02
-4.798473786401584729e-01
2.881741146188185887e-01
3.791890670991697743e-01
5.195748455261459675e-01
-1.819292918760583966e+00
6.207726369923938226e-01
-4.056169484871312569e-01
-2.977544288635041170e-01
1.109775200065836742e-01
-7.482024893392973386e-01
5.771307214086532911e-01
-7.514008023040006368e-01
1.613584054095984488e-01
-7.096639418745549488e-01
6.296820808425940275e-01
-7.925266178758175739e-01
4.939620754884173071e-01
7.015980962866790183e-01
1.346045705600856346e+00
8.124508791833140453e-01
2.562328863305474158e-01
-5.963475776417281882e-01
-3.581612197325556579e-03
5.614694769049840550e-01
7.350817670492653111e-01
3.517040959054094085e-01
-6.121806630809603078e-01
-3.108968916432002239e-01
-3.009886945702766603e-02
7.748768806402248632e-01
5.613422864771464571e-01
-3.442512924503131622e-01
-6.459603170460477273e-01
-6.806358284537312731e-01
-5.754089611435710960e-01
1.030207653793246969e-01
1.147520414208506478e+00
-3.645542122856184619e-01
9.571438422037712446e-01
8.878277255689874803e-01
3.339482113085816550e-01
1.158898621208955593e+00
-5.151609338334570687e-01
9.323074159913726788e-01
-1.082303145513488607e+00
9.777941402570868856e-01
1.002039152911536668e+00
-1.279391011788733046e-01
-1.838699400760926528e+00
-9.641711108947181863e-02
5.809306792719030055e-01
-5.428545444570225253e-01
9.169683661184055978e-01
1.178961756653602588e-01
-1.258251522223540642e+00
6.270531852113259141e-01
-9.511895827516103630e-02
-5.891116338410158360e-01
-5.296302614243815210e-01
-2.913154264232047375e-01
9.697664067268666477e-01
-2.931705925386121070e-01
-5.638580472175025449e-02
9.162243890468695362e-01
-2.957985039132950078e+00
6.000880131589532152e-01
-7.325757593089972097e-01
-9.996984494282005196e-01
5.704465290846600922e-01
5.662711009814924701e-02
-7.893839385098482264e-01
1.209938709796234191e+00
-6.394457932743211614e-01
8.740176404403829924e-01
9.328432029884530241e-01
5.444326634164331491e-01
-8.166499102267343879e-01
-6.443416414665614766e-02
9.958060853043473326e-01
-5.996767553017434693e-01
1.203673445577551959e+00
-3.793147048889327078e-01
6.826705661547817217e-01
-1.737398549861712382e+00
-6.869225797466830263e-01
-1.569303787097180436e+00
5.651176485694138218e-01
