-3.068542442138192605e+00
1.434227134613401011e+00
-6.113282666921104003e+00
1.810013463646952703e+00
-3.271384396173321329e-01
5.711925405138377210e-01
3.375596415092844360e+00
-2.240421845428957504e+00
5.736670320474538398e-01
3.392932679959799636e+00
2.615599963435706332e-01
-3.657410559559445051e+00
-4.145788446301841290e+00
6.935345839816559055e-02
-1.901487250684293251e+00
-1.325121090579437944e+00
1.953807034033971046e+00
-2.679667155474632079e+00
-7.415444984439020892e+00
-3.131587874163087815e+00
-1.155922330905352347e+00
-5.191354533292558138e-03
-2.314251958960822808e+00
-1.584422665145880593e+00
-7.401264235060720509e-01
-1.527165919533127525e+00
-2.479516461129197769e+00
-2.444138404116368068e+00
1.295242919308835061e+00
-2.229065979129938757e+00
1.605176993239116612e-01
-1.566221977162598478e+00
-2.343298476023479626e+00
-4.443846493188463587e-02
-5.027824118856276669e-01
-1.398129972161853640e+00
2.874413242881625585e+00
1.099613483123777158e+00
2.510152916748440877e+00
1.990250591202396890e+00
-5.603888448545428780e-01
-2.057500473236768546e+00
4.016713369340734197e+00
-1.947091249118269696e+00
2.567858155114891350e+00
-9.590520210207529317e-01
4.551199973141729083e-01
3.972274874011984203e+00
3.407607882974867941e+00
1.290946400216878232e+00
-2.179129821805957601e+00
2.076705862581160300e+00
1.710761585709619226e-01
1.863451686030234811e+00
1.726619663785717185e+00
-6.524617767907492372e-01
-7.493323529608126865e-01
7.885601178040080317e-02
-1.192991272202628544e-01
3.421439369583715862e-01
1.091042124902996235e+00
2.698314923940587029e+00
-6.485336203632022789e-01
