2.121802465315425490e+00
-7.276858435786801582e-01
-4.673105450995292398e-01
-1.027763950886308786e+00
6.933043461947349106e-01
5.137785280324406179e-01
-2.237928834812652826e-02
4.255610542852909517e-01
3.340701940203378295e-01
-3.892790488021589668e-01
-1.375084727793122408e+00
6.795303294976541286e-01
-4.537033578331746697e-01
1.054717400069384858e-01
-7.894277508640028529e-01
7.404792903925323799e-02
-8.753517252933566695e-02
9.416869185870877512e-01
2.645071667858235331e-01
2.074147161347358048e-01
1.170065096006143612e+00
1.071611066971494886e+00
8.549159639711364500e-01
-3.020399505581223276e-01
-7.388543994348002464e-01
8.017854456405434371e-01
-5.440341422294480145e-01
2.347635873904534709e-01
4.488753473165341679e-01
-1.404281420713032302e+00
2.920373104756735505e-01
2.407406402176506255e+00
-2.316144229199918136e+00
-6.241553411132652052e-01
9.171664603763891588e-01
1.186390023300675445e+00
-1.163884341704376713e+00
-1.053804489626705698e-01
1.588845073919635364e+00
-4.951670557870925804e-01
1.097581943401174653e-01
6.661497272012516513e-01
-9.201418809057911874e-01
5.296990433306865143e-01
1.237967200918349331e+00
3.776322551869710220e-01
-1.075719115856879737e+00
-5.185498008243103474e-01
9.302532801059328893e-01
4.266911536257474991e-01
9.518774217154167827e-01
-6.020457396436180997e-02
3.270755735261119956e-01
4.067784269558014781e-02
-2.719021017211354918e-01
7.264353253457378479e-01
-1.740922979270024928e+00
1.199118308071153161e+00
-8.121722960443078509e-02
-4.831510980859277105e-01
-1.044523678295800284e+00
1.432847048867546269e-01
-1.198172609973536584e+00
-4.435535029963579845e-01
-6.782384206686771222e-01
7.464132764587780855e-01
-1.083030403072271053e+00
-9.561339883828619962e-03
8.823417569547080674e-01
5.270407663002739662e-01
-5.181995119970850272e-01
-1.031062841680530529e+00
-1.258454298311511899e+00
8.576110420093684406e-01
3.968674829561137374e-01
-9.270635776950788554e-01
2.494938787257197088e+00
1.774634770519092353e+00
4.120386338722301645e-01
2.525789950509755855e-01
1.276243185526769464e-01
-6.740460967277093207e-01
8.057246576907279856e-01
-1.058412171245604050e+00
6.775786529645406731e-01
3.542249434566135946e-01
-1.533123883750359129e+00
1.667751814741245675e-01
-9.491796070847999811e-01
5.965330090215716918e-01
-3.561652511278207145e-01
-1.996218298236322797e+00
-2.542921010218886224e-02
2.536701656658753024e-01
-2.460732272288291070e-02
-7.668030643072627495e-01
-1.215227651910189971e-01
1.744624499209073809e+00
3.788433797787135182e-01
-1.266915961479408992e+00
7.904050931239033073e-02
-3.673446354399296787e-01
4.494282684619632096e-01
2.334961197686959700e-01
4.257506640555116517e-01
-1.002181945534808882e+00
-2.698052920372637220e-01
-1.141745848173757460e+00
-8.353113222287236184e-01
1.198315081941429661e+00
-6.842052777104644656e-01
1.120611300726100268e+00
6.342868961990235643e-01
5.382695516957238802e-01
-6.672061739567723970e-01
-9.862945534762956878e-02
-2.423618256397569726e-01
-2.167738651217959056e+00
-9.471325931735137260e-01
6.498611172316072215e-01
1.169402987057769905e-01
1.430686489333174549e+00
1.209781200378492239e+00
-5.747225974817271599e-01
3.608252907326056080e-01
2.560733202727920599e-01
-2.084883648097513309e-01
4.473001648453309720e-01
-6.712136836236149984e-01
1.270979744392042088e+00
1.045456429724157754e+00
-1.874705526659169730e-01
1.086325708366353116e+00
8.311974049388558550e-01
1.019174908584928180e-01
-1.089212022748043740e+00
5.607375391338751403e-01
-9.007826009442845283e-01
6.922288228393662646e-01
-3.451162652250526763e-01
8.040760209551850446e-01
-7.275650277705114632e-01
4.465928818295819003e-01
-1.239538994433992958e+00
1.138430714571085023e+00
5.569978937736266289e-01
-5.439241330342262648e-01
9.198309026402535782e-01
1.141087211797025436e+00
-1.829990022398941263e-01
6.943367505906170578e-01
1.549184263127820982e+00
1.513015661231826847e+00
4.955370608228273910e-01
-7.163241756096279111e-01
-4.191997059563730144e-01
-2.483491489136206432e-01
-1.245600725350576088e+00
-2.325720844758785155e+00
-3.850829550513616417e-01
-5.431013777495915518e-01
-1.924476364879994794e-01
9.050514707872254760e-01
1.993748987765368685e+00
1.723608018900658345e-01
1.006771395439755024e+00
1.349095970908608999e+00
9.444395913109636664e-01
-9.052962347307088598e-01
-1.018446492260303593e+00
-1.171585134547021845e+00
8.168520269357139041e-01
1.987342033534673924e-01
7.198398652525793695e-01
-2.057293990452575994e+00
-9.024469656509143123e-01
2.049260418433253683e+00
3.809702727036364256e-01
5.928981566270028480e-01
6.852948867663499755e-01
-2.242607737308002780e-01
2.486213056288921308e+00
1.643311838759123678e+00
-1.246821737711419020e+00
1.360943833990551077e+00
-6.340122149263380802e-01
3.970807263803463605e-01
-3.488641021878411963e-01
9.689018609856238085e-01
-9.728572863770738044e-01
-1.221248305429491365e+00
9.389640529663114688e-01
1.265364755664731278e-01
1.907610333366350774e-01
-1.407196782590117934e+00
-3.059315482840097578e-01
-2.591992503537944303e-01
1.708772809038884288e+00
-1.785369766299977345e-01
-1.525967364724999831e+00
-4.196587445755075585e-01
-4.724209504013590077e-01
-8.955169629943934839e-02
-5.221389580084958570e-01
-7.678775080918627260e-01
-4.385054731436744402e-01
1.001966597962173217e-01
9.473818395744070253e-01
5.485500381143736393e-01
2.309189605546063673e-01
1.463602076701493893e+00
-1.249416806163550664e+00
-6.210784369106143732e-01
3.926116216844072748e-01
8.171096027615079027e-01
-9.877562697890910348e-01
2.084730775881595388e+00
-1.487817321057379738e+00
2.952984442385592559e-02
-1.980623149449041831e+00
2.670179066561067405e+00
2.109518422987573250e-01
-5.940038166991175039e-01
1.254648518203822061e+00
-3.902640991282262384e-01
1.497953728908792970e-01
-6.399188711081067460e-01
-2.118435614748902740e+00
2.970257891227857883e+00
-1.147585606896672994e+00
1.361072669841233873e+00
4.525742320745954062e-01
1.178327742988523497e+00
-6.189725437425926957e-01
1.460178468626484261e+00
-2.014287028974691696e-01
-3.101684129052820205e-01
-4.482854214380791458e-01
-1.422330787597604063e-01
-1.602978982408906461e+00
-5.638188527833876140e-01
-2.175886638972602594e+00
-4.090430067956352111e-01
-1.026130220849149621e-01
2.699807141230366359e+00
1.153593764372615738e+00
-1.146621239827758654e+00
-3.385400463091312595e-01
-6.866423395345750968e-01
1.039677490562870732e+00
-1.787787537889555523e-01
7.735343261449307839e-01
1.468370749361194827e+00
1.847994242531937059e-01
5.760591562403974963e-01
4.051423747493855809e-01
-2.114423209630961420e+00
-1.123326091418465733e+00
-6.371554998164435935e-02
-6.200710960049106157e-01
1.342804151565585746e+00
8.365140820064282945e-01
4.392203430889014548e-01
-5.308336436776692757e-01
-4.085965453455398660e-03
-6.000329969405052699e-01
7.393126401628599687e-02
1.428990744204248209e+00
7.618532146876885180e-01
-7.264897063480862949e-02
8.181668479333219501e-01
1.548756151827618055e+00
-2.187494571734967863e+00
-1.810907907460442556e-01
5.886967285775231984e-01
-7.554856057136491998e-01
-1.503786479702520440e+00
-1.353098525787934658e+00
-5.764856951538038787e-02
-2.794449538352482554e-01
2.667768945981601747e-01
-1.642105496671288356e-01
-3.085456190611752803e-01
-9.152892461310987438e-01
6.251079461768028755e-01
-1.832461732123628728e+00
1.524140167081237340e+00
2.601463063766711881e-01
-1.983674624542248743e-01
7.142776629604724592e-01
-6.365576931233386526e-01
-1.221939384629226577e+00
4.083200123866377595e-03
8.214299711267395443e-01
5.830683580101648777e-01
8.917699807936377843e-01
-3.706131037549567075e-01
1.879445530865425373e-01
-4.273282470875086614e-01
-7.277270780515870952e-02
3.633625768294533598e-02
8.336117962933613512e-01
1.716118117031142642e-01
-7.225194022556381546e-01
-1.175937551982050522e+00
1.270101721700362729e+00
2.041740210021185664e+00
-7.635472164391008398e-01
-1.862677260018740233e+00
-7.282780139405439224e-01
-3.801988455108915588e-01
7.900461664165230324e-01
-3.555383542376384098e-01
-5.104867209249682736e-01
-6.576401311998675281e-01
-2.256329332491383288e-01
-4.429063394628073302e-01
1.269778484284409759e+00
-2.077857388322871923e+00
8.486644910170445533e-01
-2.956581316590516442e-02
3.769025237233414316e-01
-1.215341407307334032e-01
3.835344561918630490e-01
8.102457520817943903e-01
-7.931050115915194709e-01
-8.293395733677862980e-01
3.131354812348368655e-01
1.201879148064497055e-01
4.143680705868287850e-01
-8.680769398428732631e-01
1.113944942423202855e+00
2.268044213781055807e-01
2.688213179822953047e-01
-8.948363539124885024e-01
1.469216018389384759e+00
-1.454859802672515467e+00
-9.514887041617445251e-02
2.971230713277104307e-01
4.042523815716614344e-01
-1.285765340370031096e+00
6.540272462927968489e-01
1.547290688354316490e+00
-1.119224374615388040e+00
3.217473156659719891e+00
1.705403029691915595e+00
3.164254941759277462e-01
1.284130981486837353e+00
-1.284462594519192313e-01
2.230613517247152178e+00
1.118871674312059916e+00
-7.949525010881755005e-01
-1.063479517317729856e-01
-2.095505767781663309e+00
2.220705168944931973e+00
-4.082201190663852231e-01
1.786505723014650604e+00
4.681512817869500909e-01
1.678434082075735967e-01
-4.391099541094541925e-01
7.496819789939077605e-01
6.077458160862397873e-01
-1.500894559966701403e+00
1.291059317580596000e+00
-5.780380473301115485e-01
-5.034524928953348910e-01
-2.955326536827163064e-01
-8.682424386746491474e-02
1.559814990132896817e+00
4.806816819563527465e-01
-1.216172385551882673e+00
-7.665043324266155311e-01
1.824632963307733169e+00
-9.380359381677826347e-01
-9.738865725790830652e-01
-8.626236397208936202e-01
1.353136606435581868e+00
9.855973070534793656e-01
-1.279962959818072621e+00
4.735452119715725106e-01
6.552946179875996924e-01
1.523723425630903572e+00
-7.231638207440096444e-01
1.081577086738792770e-01
9.146768657048813811e-01
-3.227120674988848692e-01
4.896664880669294728e-01
-2.045188661007713904e+00
8.431525055434142546e-01
1.794137565339647189e+00
-1.231953511600421436e+00
6.330809062662655640e-01
-1.267983462033729358e+00
-3.265927896759903137e-01
9.298640614252600134e-01
5.577517917130842690e-02
-2.689246239657127613e-01
-1.653024796795757201e+00
-4.750943390241724740e-01
9.387113302577129725e-02
-1.944223797242068674e-01
8.750610062833795721e-01
-2.014081602940798743e-01
4.445192149309468155e-01
1.608890341747400143e-01
1.547517615931644219e-01
-3.856018677725399080e-01
3.354849722981757543e-01
2.040929531476630920e+00
7.156463235294195924e-01
-2.976633868742694089e-01
-8.985301483849253423e-02
1.113997961754919774e-01
-2.358025147035113456e+00
-2.725387093147855766e-01
-6.456470482019416313e-01
1.003415450959211030e+00
4.043445022172411640e-01
1.289559259964138949e-01
1.246281724415329029e+00
4.419973627589247611e-01
-9.783403278910142165e-01
1.421482593966976404e+00
1.113219987288300405e+00
-1.546345916754096272e+00
-1.950863706134315506e-02
5.632921825661256765e-01
-6.135091294612008417e-01
-1.326813112362641434e+00
1.172386361225639329e+00
2.024126450486273543e-01
7.613971956941434360e-01
1.270303540628904049e+00
8.438206925558897620e-01
-1.055786361916512206e+00
7.832881197136405405e-01
2.737433919781174785e-01
-2.333044282277574322e-01
1.152585745735325906e+00
-2.390014737452831550e+00
1.777090039239941133e+00
-1.952779797692312247e+00
-3.477539001721407508e-01
-3.920071165703739591e-01
-1.002014976305211524e+00
-1.350638234119648784e+00
-6.304281306283533448e-01
-8.838676000560344859e-01
-5.765733770000149860e-01
-1.043101830906231431e+00
-1.602746633293836931e+00
1.973330662763947418e-01
-9.424869433464586610e-01
1.077162598587075582e-01
4.107257919289569736e-01
-2.937296883338463283e-01
1.269233267643959717e+00
3.392407009994550249e-01
-3.305033786042507749e-01
2.375807138561427390e-01
7.847296721266281416e-01
-6.523930504580711665e-01
1.154227750180356754e-01
-2.296484356653652359e+00
7.063076253587276254e-02
1.030880041449558249e+00
4.658687232089077090e-01
-7.106310107600467552e-01
-7.737412524189261065e-01
1.667078891112405259e+00
4.607084232308459454e-02
-4.190691265738801241e-01
4.232608076976719924e-01
1.115400372862317635e+00
2.860971213705255922e-02
