-1.928340599490373286e+00
-1.927116238909639012e+00
-3.982251905708932282e-01
9.311150845960363132e-01
6.858639631762026845e-01
-1.161235200859024319e+00
4.479518278442796153e-01
2.292656590311912268e+00
-1.352993838425616602e+00
-8.093144719752040084e-01
2.494476176678029233e+00
3.255582902103436815e+00
1.511204195292657149e+00
1.369494011474490680e+00
5.021201648376829585e-01
-1.408255897251584621e+00
1.515338229447145357e+00
-1.568517616356228439e+00
-1.692230656232354136e+00
4.802490660661008770e-02
1.437237405113200306e-01
-1.042916626042893702e+00
8.622908018859597457e-01
3.882663308944687142e-01
1.300069691091992885e-01
1.315179621240997188e-01
3.205897690311385162e+00
7.869312776856518532e-01
5.932607511668922529e-01
1.767806377828425202e+00
-1.127352317220483346e+00
-2.153929350520004671e-01
-4.023397263597875417e-01
6.428553372981755665e-01
1.108359808273218894e+00
-6.704349760224723731e-01
8.811828194139023074e-01
-5.344671119479343924e-02
3.796912001748325438e-01
1.785796665273981843e+00
9.174685103611293080e-01
-1.505798162316402733e+00
-2.491883926617852740e+00
-1.590481957475934349e-01
-1.556665492073733503e+00
-3.789248037785221679e-01
5.773606107096960205e-01
1.022406804299222038e+00
-1.228742258451603897e-01
-1.916172370137202430e+00
-1.510817421487434142e+00
2.332297854330549480e+00
1.857573701668892463e+00
1.870819503041903920e+00
1.081189463927886951e+00
-1.656698603438029105e+00
2.289043105351380447e+00
4.596326779632955439e-01
-1.060141854627064895e+00
-2.758039263121662699e-01
1.429532528852665685e+00
7.113037491188352046e-01
1.184535725795561767e+00
-1.069335644691072895e+00
1.336754282681787753e+00
-1.471803525115255695e+00
-1.950567913822268018e+00
-1.692877471871460981e+00
-1.324059260512523428e+00
-2.083974499564022587e+00
-2.056450718409636558e+00
1.004420377499761763e+00
1.083873939475588744e+00
1.061430630823835042e+00
-2.566220211036370213e-01
-4.558974059777137211e-01
-4.092928242370330594e-01
-1.382021586433959115e-01
2.939276923289563248e-02
-1.581168423644255805e+00
5.731901650817931015e-01
-1.417533669367182281e+00
-1.213562500948978773e+00
-3.344929128457056478e-01
1.231612997219000416e+00
-4.814418768534584059e-01
1.529923707088053808e+00
-8.870345221346187525e-02
-1.630944245001062942e+00
-8.010550327853157571e-01
-5.310438259887303447e-01
-1.055158280855412523e+00
-5.301712603466885998e-01
9.799691506628507298e-01
7.730738976848137156e-01
1.044250070639504591e+00
7.683826015745057747e-01
-6.324137064924957308e-01
-1.787857394988366710e+00
9.413313677302883598e-01
-2.098515464355973137e+00
1.513014630617468548e-01
2.101452717425146943e+00
4.502363845752233584e-01
2.688047191499808308e-01
-1.888270038410948093e+00
7.813578333566397749e-01
-6.204128790167739993e-01
-6.432449428113957979e-02
-2.806652913105678326e-01
-1.298730918870932172e+00
-4.319134926055249180e-01
1.577908364412450859e-01
1.947653001087946478e+00
3.716031862266941377e-01
-4.053447999174748517e-01
-1.288052735255700965e+00
-1.178711949240120127e+00
-1.652340013259248064e+00
4.832293460986675782e-01
9.632754906915279580e-01
-1.008756379067471620e+00
1.734787275999303713e+00
-5.197321387174623775e-01
2.247688280348619783e-01
-7.448659714112393360e-01
9.599992035896270925e-01
1.766380681127949881e+00
4.224422093716395654e-01
-1.174182697311969559e+00
-1.519035995502140857e+00
9.363058256138863111e-01
-1.001584461538995718e+00
-6.374245901344378629e-01
6.812444074896292223e-01
-5.659808843705450565e-01
-6.985209765691453576e-01
-7.075643201936765436e-02
2.272906328041396584e+00
1.881685584367057906e+00
1.824196889893992868e+00
7.018393412952166344e-01
1.512172889449803437e+00
1.862305154671890506e+00
1.342336479765742441e+00
9.790335645965260181e-01
2.418329992462757427e-01
-4.406400961317965548e-01
2.308356577323049663e+00
-3.852052150419499332e-02
-2.574782142136548546e-01
4.571627650854347968e-01
-1.911385112961043964e+00
2.487868501307025415e+00
-1.186493311614811086e+00
1.035356706869459131e+00
3.579044882279782125e-01
1.651031950756804978e-01
8.990626226179336822e-01
-1.311964123154660822e+00
-3.132576449398139395e+00
1.380595801277773871e-01
-4.919043271067320422e-01
-2.682013756742400723e-01
-7.825690596764836027e-01
-2.674717406084332172e+00
-2.645806583140632440e-01
2.031486085492848925e+00
5.675849071302998539e-01
3.126481151356406141e-01
-2.090378916250764885e+00
-8.548259860035477276e-02
-8.855015990664304448e-01
3.161321615099451865e+00
2.885953523475120353e+00
-8.761850767359513625e-01
-8.050910783015108318e-02
2.458908819590110983e+00
1.016477102886057082e+00
-3.681056706255044775e-01
2.290282863752022280e+00
-4.051388309506457119e+00
6.713674283776300822e-01
-2.957013276531018642e-01
2.355503750157808898e-02
8.477148168362438341e-01
2.152648969066207618e-01
1.042303815199337791e+00
2.680323939176635140e+00
-1.508143724300507804e+00
-1.169807133137502175e+00
-1.510784316256498228e+00
7.279122955561661001e-01
3.274551699625577239e+00
-3.920883901448900533e-01
-4.770934024962095177e-01
1.104562946307178439e+00
-6.272272586012973550e-01
-2.093812554557489047e+00
-2.010468557104271525e+00
2.695841500433808324e+00
-3.213686892687007690e-01
-1.345303838131856278e+00
8.218126421815303839e-01
-1.294457224114238025e+00
-1.712583328801862592e+00
6.071255599440702477e-01
-9.568253226591857397e-01
1.000000000000000000e+00
2.129582474867093289e+00
1.000000000000000000e+00
2.423897727810019109e+00
