1.784012545760522706e+00
-6.701105603838437563e-01
-7.936639433191140514e-01
-7.715013061807880490e-01
2.826066530404721000e+00
-1.022505227835660835e-01
7.200738090899813093e-01
1.401296775638877223e-01
-1.552759885656145589e-01
-4.550160277146662602e-01
7.284638490482345796e-01
2.710815458509627796e-01
-1.235859255963058567e+00
8.235984519679336868e-01
1.213479414748784624e+00
-1.068963633439780736e+00
1.241507515442852538e+00
6.820287065352612643e-01
2.796678780544134546e-01
-1.760161461360298274e+00
-3.562570372178462952e-01
-9.157938973666979177e-01
-2.312939855579653425e+00
3.132067564084212163e-02
-1.730475234336747770e+00
-9.670059890967123151e-01
-9.647320463449484684e-01
-9.695214782202704606e-01
-1.957752428339547324e+00
9.049384766657257717e-02
1.032352998263438293e+00
-4.657631611515984371e-01
1.368599610435648151e+00
-9.925472193804171228e-01
-1.316058824152097850e+00
4.334862332866541434e-01
1.180183937051769494e+00
6.418794598758543746e-01
-3.148488593488117382e-01
4.565862420371804564e-01
1.248713876396893713e-01
5.592523292927498169e-01
-4.920656782114509187e-01
-6.748216526364063383e-02
9.969932029509805116e-02
-1.649430651340828280e-01
-1.677027649101299200e-01
-3.694763469949526258e-05
1.677721663265955010e-01
-1.492608742732764338e+00
1.325334875040582228e+00
4.045833071675525305e-01
2.089505142548464978e+00
7.447744122812898215e-01
2.259540420986597908e+00
-9.749864801144775273e-01
-1.141693603543903368e+00
1.312999703459189760e-01
-2.697498308380597565e-01
-3.529139165110406484e-01
5.214307853075613730e-01
-5.999914091714280140e-01
-8.954354838885105750e-01
2.214903798566573989e-01
-6.113386353900865933e-01
1.138869946943706468e+00
7.056179327710194737e-01
1.049518997511524887e+00
1.277728350495695997e+00
1.702815634322891070e+00
7.247884331294541793e-01
6.479489444207111593e-01
-2.252146738968274775e+00
3.812563744820687273e-01
-7.826754902904775602e-01
1.443891208894176437e+00
1.331876144197280398e+00
7.157476627005513459e-01
-1.691867260310690568e+00
8.168249044917207380e-01
-4.542412908660422022e-01
2.687279645845148113e-01
-7.310904660604208294e-01
1.493989001038792397e+00
-8.335922073755576145e-01
6.260946038201065100e-01
2.207651326459820484e-01
1.874328147099606490e+00
-2.336636458554605777e+00
-1.700625716860864056e-01
-1.391903163154089684e+00
1.014051038720390485e+00
-1.031644647342124799e+00
-6.466558758568137222e-01
3.013261206490221514e-02
-3.001639187013275811e-01
-1.018377622479144540e+00
9.385511883444659365e-01
-1.611086446701039399e-01
2.249606799832847503e+00
-3.573571194103228876e-01
1.163562001313897420e+00
-5.538160990067902967e-01
1.610500802213813420e+00
7.770235324879813943e-01
1.383626201754293294e+00
-1.095948984470646925e+00
-1.180310715030471913e+00
1.285955886720208108e+00
-1.108732285819284069e+00
2.900440329218801350e-01
-1.442951697971232239e+00
2.071554771730745592e-01
-6.534121438152998285e-02
-4.126101401961316251e-01
-3.976993307579052006e-01
-1.247352722425071336e+00
-3.705186537482342279e-01
1.751582009146663566e-01
7.813001286474988705e-01
-1.574062740108791991e-01
4.489741102698689423e-01
1.550664420133522348e-01
-4.378955512123607896e-01
-3.223010189098001188e-01
-7.273591645281820561e-01
-1.357384092138193443e+00
-1.204141164196705027e+00
-2.229040260519308703e+00
-6.434177517528459900e-01
1.813575967139445799e+00
7.789350491602061582e-03
-6.807279815432879522e-01
1.778095364649248333e+00
-5.915784870911304782e-01
1.670262407803682070e-01
-1.009605974730828803e+00
7.417584281088623888e-01
-8.004246461389840084e-01
-1.595834780743479175e+00
1.867840368845130827e+00
-1.179454626784156440e-01
6.132703820366741665e-01
1.203818197600168595e-02
-1.902793400463746121e+00
3.014891017895212633e-01
-1.820271021887334695e-01
-6.816080729617181033e-01
-2.009788812456352325e-01
1.016668407147106185e-01
1.431226796111955357e+00
1.367980924847715274e+00
-1.830479498988347276e+00
-6.765259869029408568e-01
-1.347086178714445026e-01
-2.453113064458224135e-01
-1.193380787577151825e+00
2.366545539300598383e-02
2.652021279844483104e-01
6.700584735289812910e-01
-4.386443954360779718e-01
1.346807651514993487e-01
-9.741263225028793382e-01
-1.757234320661912541e+00
4.874513613664535616e-02
-1.225847400971811885e+00
6.329456195863840673e-01
1.118710762361964761e+00
1.689249067279252961e-02
-2.481580078288331825e-01
-1.029835947000412366e+00
1.907594002985075754e+00
1.048779753004698501e+00
-2.163791449271148248e-01
-5.268594368358463231e-02
1.384943095722369399e+00
-3.391025674438519766e-01
1.026798989717519150e+00
-6.996690024569883759e-01
6.439720506414974288e-01
2.998273198903008141e-01
3.062699648912906025e-01
1.393982274106012609e+00
-7.847424287535890164e-01
-5.822512481288852904e-01
-4.425352335639372026e-01
-4.628145531570695415e-01
-5.506838935819732272e-01
-3.773354354078790052e-01
7.864015486845894465e-01
-1.259876057687481454e+00
1.026618562219603348e+00
1.414320183351384541e+00
2.032313688430594234e-01
-1.200252554064718535e-01
6.432155281416468418e-01
1.147602704315603850e+00
-1.506732827211860748e-01
1.284223923453276850e+00
5.551432928149648838e-01
1.490014613560237233e+00
-2.590220936897286719e-01
7.560982840868443744e-02
9.502054321732988917e-01
-1.462070150972950344e+00
-1.937161568463759087e+00
-2.695236839989397781e-01
-2.554446689980141905e+00
-5.503535782116206754e-01
5.472802698889538409e-01
4.521478656464639201e-01
2.453626091156697608e+00
-4.058567085892333393e-01
8.120272209343212255e-01
-7.495374465046427126e-01
9.483141237857661832e-01
1.724936255147405229e+00
6.981014874894837519e-01
-9.924777625674268133e-01
-3.678313043958063577e-01
-8.128608554630707417e-01
1.392437721818913454e+00
8.898833762113262935e-01
3.897491049233262617e-01
-6.374300742011289322e-02
-1.053943363757731788e+00
-1.111828362782209423e+00
-1.863012001720823818e+00
-2.017840633133661576e+00
3.875576566676207091e-01
2.509146801441536345e-01
1.111336442642453459e+00
-5.030120820020888006e-01
-2.367480544298589118e-01
-2.452064791967976665e-01
2.992783543164785343e+00
-1.746088923968667772e-01
-2.297090423612064392e+00
-2.845994520358748406e-02
6.828412196724489847e-02
4.703978962150083820e-01
-1.480921448564802789e+00
-2.963481773308578315e-01
-3.317107468166410889e-01
-8.887290123510471762e-02
7.421189491823957374e-01
1.456514723459566785e+00
-1.556630350738363422e+00
-2.228166895658328928e-01
4.241346998180525185e-01
-3.772774586327361512e-01
1.408997009413609502e-01
-2.105980731017652874e-01
-5.468667329806035093e-01
1.083294763990900744e+00
1.386067574754780596e+00
2.906602915193161052e-01
8.175477375026409810e-01
1.075484481510021517e+00
-2.637603012010870107e-01
-2.570354533458308888e-01
1.277525738928952270e+00
-1.621120966292848076e+00
-1.672321597470935117e+00
2.026866398914692058e-01
-5.676778373212992834e-01
-7.914502898019815103e-01
1.479368201963865204e+00
6.616852059137734964e-03
6.629525857493562269e-01
-2.890302136712554204e-01
1.506281326782284102e+00
-2.741746050682167812e-01
-2.691163461099395637e-01
3.653465760328922785e-01
5.775674844322192802e-01
-1.819040435594718175e-01
-1.536445428574808814e+00
-8.644641791761911165e-01
-5.279202810744468843e-01
-5.039077643387974981e-02
4.800777095045530851e-01
-1.045505812044234331e-02
1.776263275112356654e-01
-2.216161403433829502e+00
3.229804176787060555e-01
2.260784830490758512e+00
1.486349269665427020e+00
5.931458449821858103e-01
-1.194588781761501295e+00
-1.248497369352327580e+00
-8.458722526889158599e-01
-6.506928312354247623e-01
-7.371736808772768601e-01
2.492829314169830654e-02
1.325457687102927551e+00
2.062267933062822134e-01
5.075525027627213470e-01
-7.836374338820071284e-01
9.309837392909715570e-01
9.882632918948075496e-01
2.026896750133796443e-01
-2.366386565316078439e-01
1.699234059873208746e+00
-5.334165411592747263e-01
6.898834079488661564e-01
1.883048133668568713e+00
-1.241346346710744536e-01
2.027302338014334501e-02
-4.690545714150854417e-01
4.925991267844648802e-01
-1.130998496380495544e+00
1.129230870098261397e+00
9.838179232759168835e-01
2.519774923909042785e-01
-1.869500271264032509e+00
-1.028581967991865520e+00
4.665041411310080210e-01
9.838125527559872241e-01
-2.435825951375342191e-01
1.621969904062340873e-01
5.623996142382774871e-02
2.259331421811829332e-01
-1.359243049884535592e+00
1.403686811992134187e-01
-9.695420931543125009e-01
-6.175772639393776187e-01
1.161127200084025368e+00
1.624860554843553073e+00
-5.269048137737288862e-01
8.489962995017144021e-01
-8.028622586073825840e-01
1.369928941472091211e+00
-5.974147668754822282e-01
-1.634224093620457507e+00
1.149567597080225267e+00
-3.639127691484426164e-01
-1.024736573317003741e+00
4.020750954717906139e-02
-4.004913208085820187e-01
-6.140115562204664229e-02
-5.707874410501887485e-01
1.483988116813692582e+00
3.103859864307905239e-02
1.629209823534290974e-02
1.479966142888979652e+00
6.996551338054362024e-01
-2.160149975837837300e+00
9.071559730644391806e-01
1.169597307549488541e+00
-9.315501653947348970e-01
1.036194858439348776e+00
-6.306189965835998779e-01
9.447635192574387331e-01
-1.041670056885459772e+00
-2.910815525762924794e-01
9.273578397784452143e-01
-3.434402604131772119e-01
-1.083967978999586634e+00
-3.444088193187088143e-01
-8.298634104974735859e-01
-1.234756992921804075e+00
-1.714289912247315417e+00
8.549224640870067837e-01
-2.391648677586963589e-01
9.041525916660478890e-01
-9.760666661739785255e-01
3.836111868321348539e-01
1.164061771633418535e-01
-1.943626979166524160e+00
-6.493076694613963973e-01
-2.328010243763574572e+00
-6.037130316339670566e-01
-1.307561342116976055e+00
-1.402667697035878458e+00
5.288196382166532317e-01
4.030199256524027995e-01
-1.707212802594140877e+00
-3.084930024793522407e-01
3.957029601604137442e-02
-1.055102414374967795e-01
-3.356329756319698654e-01
-5.059179480954182351e-01
2.228317894585042369e-01
8.677212932594542405e-01
-4.085434047861384865e-01
7.522209980823708619e-01
-1.196329710051478257e+00
-9.031772005503976297e-01
-6.675063791959301440e-01
-7.108016418886730081e-01
1.271829811511795416e+00
-2.237723482880447534e+00
7.070323625678420765e-01
-6.709476736192000468e-01
-6.935119754354075461e-01
-1.487451281097136979e+00
-1.628256929422740862e-01
-1.276431941695979955e+00
1.604844944195545908e+00
-1.142630898284973995e+00
9.886575043552594533e-01
9.399873532745607607e-02
-1.371674044690633698e+00
-2.942901880625524783e-02
1.279541379507751486e-01
1.817455846115998197e+00
3.971917755879408318e-01
7.803497980772103881e-01
-6.814039585667373000e-01
7.482725770899817386e-01
3.790013029296729896e-01
-1.554413925990617562e+00
1.429332823690694088e-01
1.545464197193606282e+00
-9.084726850878573901e-01
-2.863761510050955583e-01
-9.434602408393666373e-01
-9.479110491707694042e-01
-8.701273443002893737e-01
-7.562704310150621945e-01
-8.044639711728586162e-01
-2.835445587436632997e-01
-1.169783872315111883e-01
-1.645517371786659133e+00
1.693256416446914825e+00
-5.393145224884111633e-01
5.515648649343738441e-01
8.845989166976305773e-01
8.371504452724715106e-01
7.893636108873587354e-01
9.886576047370781994e-01
7.392144610426684137e-01
-1.134391290672717600e+00
-2.889660099675813720e-01
-2.225032712473021146e+00
-5.429875735893156807e-02
2.118725887364749094e-01
3.633937224932181631e-01
1.108432502262262531e+00
-8.667670269254176274e-01
1.287165766675835821e+00
-2.292115800785109236e+00
-1.353834004704100591e-01
6.494209116930662606e-01
-2.440206198763398282e-01
2.332187514374168380e+00
-7.034934031455861714e-01
-6.060821890740081264e-01
1.668351046588882003e+00
-9.932822775604818188e-01
-6.216189763131901858e-01
9.440628632789519470e-01
-1.206578986209038584e+00
1.509753069967314953e+00
-4.090606354690959345e-01
-1.178679000265165921e+00
-2.078745198170989017e+00
-1.745041786530244998e+00
-5.726944648996036280e-01
5.262582796709593946e-01
-9.614827924586903940e-01
-4.882671583647736901e-01
3.868154108640244337e-01
-2.806655109833124384e-01
9.835957248289857180e-01
-5.666085152651300083e-01
3.812026440033851049e-01
-8.810608878387958809e-01
-3.190424235095884464e-01
-7.730195859280272752e-02
2.114307743339907120e-01
6.281016342670274755e-01
-8.659411638267646705e-01
8.250332823464867626e-01
1.191471481984789804e+00
5.047232638351066836e-01
4.907455202447754128e-01
-1.191616969638372270e+00
-1.948211210044872022e-01
6.900950721934320242e-01
1.188952373956965181e+00
1.059430124911550530e+00
1.501076854794691329e+00
2.881432953867678060e-01
5.639724891334499945e-01
-1.062309607807957690e+00
5.357565680924586404e-01
-5.132442788793643018e-01
3.556397821320130825e-01
1.238655408580035200e+00
1.195066650041873624e+00
6.385059484889672454e-01
-1.444828849988663677e+00
-1.133245174765393770e-01
-1.521095399802343762e+00
4.266734606637485605e-01
-7.263857595523509625e-01
1.269669829303960551e+00
-3.547349457901378678e-01
6.020489679735584465e-01
1.112398143741029521e+00
1.300035214927163674e+00
-1.515215635946371320e+00
-5.727481780032068759e-01
1.912824650450071218e-01
-8.602640436727188034e-01
-1.490451975289466824e-02
-1.393549613914409235e+00
-9.799159321492028063e-01
1.358770484961281388e+00
-1.065733077347382318e+00
8.118367248289347013e-03
1.564875889350247240e+00
-3.526973170681352299e-01
-5.337648070327175726e-02
7.244080045854440868e-03
4.873030006006723869e-01
1.497996017799392912e-02
-8.592760602442353068e-01
-7.525083852525478179e-01
-9.135363482401478996e-02
-4.224769611765563093e-01
8.474915534177541732e-01
-3.486634712314284901e-01
-7.056294008446335475e-01
1.057131461060128785e+00
-1.016612741797444208e+00
2.191764957621356480e+00
-6.372895950827790479e-01
9.507390461686283656e-01
1.519246955405419708e-01
-2.000225353200009604e+00
8.900865765955571218e-01
-4.104837777206933880e-01
8.551622330496569946e-01
-8.230774086360994612e-01
-6.633884156669239696e-01
-6.276674428138818707e-01
-7.228651524916488436e-01
-1.931043387115286336e+00
2.167987910064699819e-01
-6.259825849100056905e-01
1.144917586607561599e+00
-6.249425679892397500e-01
1.952860876077052277e+00
-3.883576903347417675e-01
-2.392428633905319957e-01
5.560870025361294156e-01
-2.118541046364431857e+00
6.598375461739944825e-01
1.641723119302886669e-01
-6.191537264727935419e-01
1.256639458467393888e+00
-1.392558484813374742e+00
3.953144409559964517e-02
-9.205669262240533390e-01
9.739780005850605660e-01
-2.994454916582231507e-01
-1.900704398893995339e+00
1.174879997110948454e-01
-5.061961492379434269e-01
9.411465415460662509e-02
-5.597252860801077423e-01
-3.450035379854283213e-01
1.011013610996115863e+00
1.457288750090913076e+00
8.920259658966632754e-01
6.243369913455854014e-01
1.000000000000000000e+00
-1.490451975289466824e-02
-1.587417813471560524e-01
1.000000000000000000e+00
-6.855991751323554650e-01
-2.195851891620031679e-02
1.000000000000000000e+00
-1.204141164196705027e+00
1.000000000000000000e+00
7.284638490482345796e-01
1.305656665199222077e+00
1.000000000000000000e+00
-4.741732567501550366e-01
