-3.821603148273126749e+00
-9.674788950354284989e-01
-4.767049519744306352e-01
1.432389477239456532e+00
3.844997104835622626e+00
-2.519452999237081769e+00
2.800474457007994911e+00
-2.179034771203394616e+00
5.839620762005812704e-01
-9.684048347661367018e-02
3.627777510008913353e+00
-1.066840388951245666e+00
-9.768721586506337040e-01
-1.383602597990651883e-02
2.703079623947123089e+00
-1.904639896228004226e-01
2.102340942161131654e+00
-1.455617747598066947e-01
1.084543885614833586e-01
-2.077115382776208108e+00
-4.291450146703914559e-01
9.948220911793921317e-01
-1.471239838337464523e+00
-1.279086276404028055e+00
1.521864376943002251e+00
6.372413529259487452e-01
-7.105116204540852520e-02
2.002700184023094909e+00
3.710721830080598416e+00
2.863172239681746944e+00
-6.195329661486496109e-01
9.003948881347525468e-01
1.032267462266106994e+00
-1.713800268681741734e+00
7.181835243302883143e-01
-1.205945505295786591e+00
-9.076958822964030782e-01
-1.437511780102155523e+00
1.223700757659243354e+00
2.182148176891286262e+00
1.299298771208724501e+00
6.948749085863300534e-01
5.884938626452230759e-01
3.695230263553411776e-01
-1.995967702783500997e-01
1.051597214275567183e+00
-3.270261541053551824e-01
-1.985008255273707611e+00
5.002610810297904997e-01
-4.373318080351653592e-01
3.518390512617246557e-01
-3.199882916582511783e+00
-1.780852468994404525e+00
2.285815456134186741e-01
-1.285344596026381403e+00
-1.157773354511137498e+00
-1.896679899690640880e+00
1.228164647558674716e+00
7.534931422983791593e-01
-8.282153178329368926e-01
1.756777824308441760e+00
1.882002221640024064e+00
1.916373808738340845e+00
-1.494719635767388644e+00
-4.798327509785365041e-01
3.822670585643180186e+00
-3.757459947477256534e+00
2.459068533631841857e-01
-4.364057303931679899e-01
-4.455900078125993313e-01
-1.847024237522073786e+00
3.363922448554733435e+00
-1.855947680780285047e+00
9.275575582786587114e-01
1.479223358963755786e+00
1.190178533845798858e+00
1.406735591681199882e+00
7.887244807885800402e-01
-3.818572576964934573e+00
-3.713544324791306361e-01
-4.871127903053810826e+00
4.666060754946124156e-01
-2.892785766505774347e-01
-1.604494594712384758e+00
3.931504675988282127e-01
-3.220271019934653367e+00
-1.866276529129333950e+00
-1.059135833554673667e+00
7.698710327930857744e-02
1.492858635671701073e-01
-9.445236830182748289e-01
-1.606942507460676239e+00
-1.248140121068603170e+00
8.445692647431841671e-01
1.334472086374935085e+00
2.183521107698213726e+00
-2.976407593753703507e-02
-4.678461740032510696e-01
1.110131885597499313e+00
1.906210785628957183e+00
1.826436154499123887e+00
-4.812819338535083702e-01
1.134408063864061234e+00
1.441762795721302615e+00
4.765818016049241379e+00
-2.667907474653508970e+00
-1.764398297224989420e-02
1.446740960279399579e-01
5.032769970116812708e-01
7.469566975654524654e-01
2.221533704890995331e+00
2.423321803972901201e+00
-5.846078765684942224e-01
-1.628264691005998355e+00
-2.072093155920050389e+00
1.628513639552068515e+00
3.659972911476172541e-02
7.822498446193097976e-01
1.790321754528128029e-01
2.007021226039343631e+00
6.531971693404168278e-01
-9.209865114232090866e-01
2.456418621240134659e+00
-3.657321928035580649e-01
-8.603083990403254111e-01
1.100231561995335117e-01
-4.730530739846656729e+00
-5.091516708039305339e-01
-3.719373586399830622e-01
-3.862055515025248909e-01
-1.261731929972043087e+00
1.810884342020752102e-01
-4.038538722770789846e+00
8.097159131875931726e-01
4.616753691310355179e-01
2.391205850599513738e-01
2.928036690092140848e+00
-1.038575501393924627e-01
1.049219385495714807e+00
1.803277149089991926e+00
-1.476223633373133337e+00
-9.968668787837193790e-01
-1.411498961876411329e+00
1.426785024926357504e-01
3.403060747434986100e-01
-1.523792018246978852e+00
4.670755790471926017e-01
1.112935236661781513e+00
-1.946042135750035484e+00
-1.365943201466613743e+00
-2.902955094337435149e+00
-4.472095193154688175e-01
-1.652469156026194597e+00
4.360716417133261302e-01
-2.316590024307968232e+00
-1.152071912729153658e+00
1.382091145853533876e+00
-1.734817903335007072e+00
-7.425820951639285905e-01
6.242519633520846600e-01
-1.539232778565366555e+00
8.024351889117662395e-01
1.890212576527800170e+00
-6.987173659888473720e-02
-7.347866004062114653e-02
6.435319151110117097e-01
1.745186272729292387e+00
8.986687471827743412e-01
-1.149470336536826398e+00
-8.880639744267534441e-01
-1.368550860800482383e+00
4.783418664396604236e-01
-1.319725119712472861e+00
-1.680271100033769338e+00
-1.978498309743874195e+00
-1.303478848210563257e+00
-3.097993410878773446e+00
2.247155015747103413e+00
1.323137857752462843e+00
-1.761283761427042904e+00
-3.709600598029161866e-01
2.289630120648677547e+00
2.408546298174457867e+00
1.154463643795957672e+00
3.540677544404325694e+00
-3.053702651808409274e-01
9.630876850979813719e-01
1.431455997695416205e+00
-2.082177135479896357e+00
4.916277562001056811e-01
-8.622902978974849031e-01
-2.586233763958677656e+00
1.863891591573338058e+00
2.245154421599916628e+00
-6.049923353319719421e-01
1.224924556169525003e+00
6.066147371354457807e-01
3.398973168995856886e-01
1.286941224506331860e+00
1.372943895279488569e+00
2.396736926183656191e+00
-1.330055934316033195e+00
1.579603459025486600e+00
-2.093163388001522129e+00
-1.652461382549530233e+00
-3.784055590730159846e-01
-2.997487812293636367e+00
-1.657711439671323506e+00
1.692796698220515594e+00
1.103259864470814700e+00
-1.882821841019098663e+00
-1.658880290483876641e+00
3.946461285403990438e+00
-2.311066932353916803e-01
-2.475725323395161936e+00
-2.663994637869660398e+00
-1.648787102345567801e+00
2.629709604837517478e+00
9.227167338079745873e-01
-1.341023935667995604e+00
-1.185107975427212468e+00
-1.140648522496245931e-02
1.408126797261950669e+00
1.074870512879579909e+00
-8.629781133520466607e-01
1.243553329348801029e-01
-1.287223834786815013e+00
-2.027200563563117619e+00
2.056579232495920007e+00
1.164287124137495688e+00
1.728320086567904479e+00
-1.989612021585890567e+00
-7.113805011721674454e-02
1.556585650784024333e+00
7.206863548856801138e-01
-1.244294175077240272e+00
-9.530380873096450101e-01
2.561319454977437182e+00
9.425118268136628563e-01
9.786329347963397540e-02
-1.056703363568841869e+00
-2.010510127218466891e+00
7.028520098364947621e-01
3.016186842624646758e+00
-2.351773828596832594e+00
-1.536436816696067353e+00
-5.849840759474372875e-01
8.501069789752158101e-02
7.960187626651269444e-01
-1.690103572349800909e-01
-3.316345669854941502e-01
-6.387920333661815109e-01
4.190025742133607345e-02
6.724180123672474085e-02
-7.040121322965999795e-01
-7.640026709379896808e-01
-9.953435051081205298e-01
-2.528894939395569530e-01
1.484664257155378309e+00
-2.499297878184282506e+00
-1.139994003224436669e+00
-3.731808716083777622e-01
-7.656755119049996061e-01
1.604776055966202097e+00
4.122362686052152725e+00
