-1.011652895397090912e+00
6.557922055825564644e-01
-9.410325664456677952e-01
4.356523630923758716e-03
1.036899792240439488e+00
1.275112593032887931e+00
-6.551978427785688508e-01
-5.586944388368462189e-01
-7.031004082429213042e-01
2.316934589241927078e+00
4.734741944065041785e-01
3.903547119717477032e-01
2.152574542934035495e+00
-5.193703187226503259e-02
6.627603739628737389e-02
1.133317053817756825e+00
5.194385148913041039e-01
-6.579993705043339913e-01
1.098993607227741753e+00
-4.657259456970883615e-01
-3.232951081210255762e+00
1.066436536471917274e+00
-2.414069571819581483e+00
8.915545720040194411e-01
-3.057700349619367763e-01
9.073918962968982593e-02
2.952940153763504494e+00
-1.798511765469004153e-01
9.165334371259865609e-01
-3.691584228128624190e+00
2.983369730376747242e+00
3.745693346754469522e-01
1.155486672443170271e+00
-2.782668301536365796e+00
-2.025623331278180395e+00
-1.575111213997756110e+00
-6.684267433886866838e-01
1.606695002916783688e-01
-6.045651591772492894e-01
-1.196620573135163346e+00
-8.083125984813970266e-01
1.595248800532639954e+00
4.365275944401170172e-01
1.037425327929214491e-01
1.237310961539071497e-01
2.616580956366797217e+00
1.512469961375946692e+00
2.453086939448404280e+00
-9.046594170735532403e-01
1.343359270318614795e+00
2.552201175037395409e+00
1.094127443539807398e+00
-8.815733166044854852e-02
-7.848252174595719000e-01
1.202241433215629929e+00
-1.689553667143214533e+00
-1.661266330112067147e+00
4.032091093204531740e-01
-2.052997312390192342e+00
6.047675530787853804e-01
2.915124419550635615e+00
1.858923801268693055e+00
7.145291217282350171e-01
-2.084171726978771844e+00
1.230416351669676001e+00
3.102602158297140811e-01
-8.925429648695345497e-01
9.176742364778941452e-01
-1.047914136194812551e+00
-2.389098482487585495e-01
-1.306763988333646154e+00
-7.067168033625640389e-01
-1.259464155245424877e+00
-1.023706141566411265e+00
-1.554509395518764547e+00
9.812955327883270407e-01
8.548608521837967045e-01
2.952359322009365794e-01
1.848076342145016926e-01
-2.180716152310730571e+00
1.522983531989270833e+00
8.428001884458780069e-01
-1.975892702336274231e+00
9.980993735862595528e-01
7.361564824063231427e-01
-7.228248275883245588e-01
-2.540439371116995915e+00
6.904900180033098911e-01
-1.228234822649243441e-01
2.540880527177691306e+00
1.191962169071723254e+00
-2.378409923110713198e+00
1.494739324006520986e+00
-9.387004189758921813e-01
6.302253544065490320e-01
2.391272339212742182e-01
2.213306630843833722e-01
-6.107077149425139684e-01
1.683293395190842423e+00
5.905082025172867510e-01
8.332179209023845567e-01
7.505514793486478542e-01
-1.767267437791672391e+00
-1.446223433340790621e+00
-9.555689895853784754e-02
-1.693169877990260419e+00
1.984010537858901913e+00
1.678840009032929625e+00
2.028608167736900558e+00
-1.001668808200284033e+00
1.381423693264902663e-01
-9.068408976466494353e-01
1.756162662472190661e+00
-1.104523100139579661e+00
-5.742632137946341864e-01
-1.904414441064087304e-01
7.954045223737377102e-01
-3.572652442102778325e-01
8.175592504454155529e-01
7.816822684096427221e-01
1.368786795275025892e+00
2.187022275041614172e+00
-1.345260935499088761e+00
8.191011471966876956e-01
3.094629247345337952e-01
-3.004195027508768656e-01
1.549940642654268119e+00
-1.928815131890613821e-01
-2.045405204889168549e-01
-1.483453160867269860e+00
-1.773832240201441923e+00
1.316967758061440286e+00
8.163383641739010432e-01
5.274773383244448777e-01
3.116105403027250587e-01
-2.943904033285094979e+00
-5.910857495752455115e-01
1.714212319699988663e-01
-4.784049461932525560e+00
1.581090905543676151e+00
1.132150404052313597e+00
1.975850946017032872e-01
2.917201165632464788e-01
1.890267804788967831e+00
7.899666294176793668e-01
-2.490128480948782808e-01
-1.195549757487273101e-01
-1.086372780583719111e+00
1.128507007623595237e+00
-1.737465127819277866e+00
2.526684402559117970e+00
2.831188648751051251e-01
2.405498374485309787e-01
2.576996586845424542e+00
-7.465927979511201296e-02
1.107430796906675452e+00
2.676961892532971010e+00
-5.599820970674043163e-01
-1.192459287295171144e+00
2.263582901129982616e+00
-6.893063024400482020e-01
-3.561123161260685843e-01
9.167994284715288988e-02
1.160741244782810933e+00
-1.443624511261493826e+00
8.356971413134144377e-01
-3.988663419832025325e-01
1.176625320824388199e+00
-1.938179773607155543e+00
-1.108693218077229981e+00
-9.427234663248872382e-01
4.858301468861160322e-01
1.309673560324338570e+00
-1.084169596359656929e+00
-8.086999538324560755e-01
-1.171789675969925781e+00
3.086056251754756730e+00
1.905237211179903412e+00
1.455505481467877615e+00
5.009393179292921661e-02
-2.700245887672390488e+00
1.091993681535133209e+00
1.349838756260845152e+00
5.342236548126939599e-01
-1.530657476582466536e+00
5.072879472038299697e-02
1.119107492807494442e+00
-6.143506917079051277e-01
-2.525710982092392864e-01
8.160181053951755248e-02
1.568612234289824547e+00
6.289226250655997053e-01
-4.439537548715491444e-02
3.164696360771949157e-01
-5.673765458702538789e-01
-1.151690979304859974e+00
1.302160494351313647e+00
7.080584831338034846e-01
1.135486754748380456e+00
-2.086050038831440467e+00
-2.755681752907307436e-01
1.066525214911737018e+00
-1.348335746348644282e+00
-1.818914360061900937e-01
-1.947950278237499333e+00
-9.803533046574212095e-01
-1.050967330426260338e+00
5.002991316810777578e-01
5.852988136815248099e-01
-1.194316138815474382e-01
-6.451951807544493711e-01
1.463881380713368818e+00
4.731382992997906212e-01
4.376178101126881187e-02
1.822174547630209807e-01
2.591054477969135128e+00
4.717499566526522359e-01
1.524569926279904619e+00
-1.030588525356158414e+00
-4.414907888160469196e-01
1.571399609296472821e+00
7.650175732691782970e-01
2.080987325858230097e-02
-8.894941520736313612e-01
8.631227170510784585e-01
-8.661829707930095434e-01
1.220092178869444544e+00
-2.181845287192102578e+00
-6.778961744118072730e-03
-1.232580571359546129e+00
9.146975801562098329e-01
1.040365917682265051e+00
4.737804955889479003e-02
-1.449835395373544777e+00
-1.417271914419949042e+00
-2.134096203343540665e-01
1.206717914237703582e+00
-7.371254736857923984e-01
-1.942402371530409511e+00
-6.314785551655871521e-01
-4.242610116157187750e-01
-5.520087854681962058e-01
3.417194849047998084e-01
1.821266412236785648e+00
-3.553085433266410798e-01
9.088457804485692293e-01
7.448628847341174364e-01
2.468022743914995987e-01
-7.529062006537340368e-01
3.652856055344697594e-01
4.228043029566634359e-01
-1.102211308034352077e+00
1.172890290037290839e+00
-5.794432465074034200e-01
1.879844920175437251e+00
-1.783973159244889750e+00
3.521596451334761957e-01
-4.560905905841033947e-01
8.189368901603926165e-01
6.169173471409798992e-01
6.812507876250695205e-02
4.680617503397983548e-01
1.061187823013406556e-01
1.381512017983457519e-01
2.153670483670409030e+00
-8.660778157236388441e-01
-8.577236973435318212e-01
3.824848653128493092e-02
1.534647831473849866e+00
1.650026784976356797e+00
2.612603615639874199e+00
1.729400233209841709e+00
-1.746449795673092442e+00
7.021469488718076191e-01
8.117461392017594202e-01
-3.518736224093169662e-01
-5.537393374022037129e-03
5.715652036360834715e-02
1.213172655931010535e+00
3.667381576104155050e-01
-9.101203595180918926e-01
-5.283531800589457150e-01
-5.077971607559731392e-03
6.475270337529357434e-01
-7.033817090308482900e-01
-1.230126821729002895e+00
-8.405114032002564128e-01
-1.983885228645820398e+00
1.560920108473803358e+00
4.809998387230434158e-01
5.534136887300005192e-01
9.834711034854797251e-01
1.590583316280146597e+00
-2.878245698379289230e-01
1.231935482771453705e+00
5.504952510393752441e-01
4.189688448352820171e-01
5.900782340867806175e-01
9.091151317578515245e-01
-8.406067636838032708e-01
2.766401098170113704e-01
-1.944212724091126443e+00
-1.527860998385376368e+00
1.995719044904087358e-01
-8.087430347812564202e-01
7.522933849167343645e-01
2.408802121913684591e-01
7.269011080435321404e-01
1.969480897311832734e-01
1.774924761661512917e+00
3.470569694729134014e+00
-1.339934133704488772e+00
2.407714794781080414e+00
1.021493942048295578e+00
9.286500304548717111e-02
9.094747611617683969e-01
5.162881144171287406e-01
-1.169021138883245658e+00
1.711749498568333916e+00
-8.052193877740302375e-01
1.748101136298541913e+00
9.129842617477519351e-01
9.297190951481681953e-02
-9.489682367879882507e-01
-1.488852974069245105e+00
5.887928225072099897e-01
6.312728010014532209e-01
6.500155057740339970e-01
2.941779730165421824e+00
-7.177669098077041898e-01
-4.845719435723541690e-01
1.063504945590909134e+00
-1.814980572362423716e+00
-2.381421279714188266e+00
-1.238446765070467581e+00
-1.085509468652336995e+00
-4.440073253006637799e-02
9.411056992233883811e-01
-2.154444517572864815e+00
-1.231200662016571634e+00
-3.976603578208087741e-01
1.042734291664302759e+00
-2.738192720413660464e+00
-1.692656912598341501e-01
7.684583874405522819e-01
9.295124975590695060e-01
6.609709385510860458e-02
6.985481243605818902e-01
-2.531310446736521613e-01
4.801906524177091407e-01
8.463449295817090379e-01
-4.516105916572423218e-01
4.875289145807550906e-01
8.524807686354093361e-01
-8.235055054857164381e-01
-7.009374225547443382e-02
2.698002227639786366e-01
-1.898358689778753883e+00
4.853221473204277769e-01
2.016996765283377790e+00
1.320670617809236225e+00
1.002319693393573852e+00
-8.043749838985286837e-05
-4.301892215455803137e-01
4.142654917444184903e+00
3.606091147752505943e-01
-1.851350794729663019e+00
2.331033903423035181e+00
-6.615431735916446065e-01
1.339645717782887546e+00
-4.635560156948741184e-02
-1.540932322900107065e+00
-3.794090513561227507e+00
8.915504406115288827e-01
-1.504448403057397243e+00
-2.830590437643666912e-01
2.527732798047611640e-01
3.183660724681826037e-01
-4.611311427429179433e-01
-6.810591278472969412e-01
7.947119605848877999e-01
2.226843888301962560e-01
-5.439346959617444993e-02
-2.410147525707178939e+00
1.018986134579735747e-02
-2.133763968174065884e+00
5.232418120356139291e-01
-1.310226676751131469e+00
-1.671261446136822482e+00
-8.598143532649815679e-01
1.089358592179157759e+00
5.851853260982738947e-01
1.367369782328179961e-01
-2.413081019581781561e+00
-1.555146404839379715e+00
2.155944114756287000e+00
2.074905562875406950e+00
2.357966822016885899e+00
5.178764218685047993e-01
1.399668852936434282e+00
-1.431017638445106099e+00
2.512007243358720832e+00
1.468129492451170082e+00
-2.365332566519111168e+00
7.711971319749461040e-01
-2.118615714667761718e-01
-5.840996323180719374e-01
-1.688801303154163103e+00
1.962551431059505469e-01
-2.827738430054812513e-01
1.627797367289686381e+00
1.315109955362223415e+00
6.978024139832929018e-01
-1.888551660415768441e-01
6.899896714215229820e-02
-2.476909419269625323e-02
-3.356889510936539867e-01
1.929401549843902774e+00
-1.308649288913726061e-01
-3.532478864729221568e-01
-4.687371614626910099e-01
-2.966757673372898196e+00
3.499106086979797414e-01
-4.471823228138255280e-01
3.870225989823314894e-01
1.502684944321837968e+00
-2.191202821582448390e+00
-2.095058222782346213e+00
1.428914585242931912e-01
1.325152774281120327e-01
-1.655737657372610139e+00
-1.590234519731462237e+00
8.280252653750359848e-02
5.082211537528373846e-01
3.407882980581971921e+00
1.530684870645736995e+00
1.256724918421115444e-01
1.287802387856529007e+00
1.770402910335191482e+00
-1.487644654924179743e+00
1.337441582389845118e+00
-8.091745431144415912e-01
-1.662006862816294284e-01
-1.931641060360127282e+00
4.805856096670994004e-01
9.815705007146036110e-01
4.164399231365114584e-01
5.579887235572662529e-01
2.568769831357781142e-01
-2.312136894405347309e+00
-3.035491427088055527e+00
1.534606469105665782e+00
8.051957868729842094e-01
4.783447506786331349e-01
-7.336199410795070097e-01
8.036941660142359056e-02
-1.817097561987419896e+00
-4.431416209066807443e-01
1.549439436158059014e+00
-1.336230212527345751e+00
-9.956504408459651012e-01
1.877169069034346105e+00
-5.670589955506678548e-01
-5.359673063400756110e-01
-1.413232180907857849e+00
-1.549627120658079837e+00
-2.203697202435348057e+00
-1.866919612991048805e+00
-1.088462475964559140e+00
4.119877419064416624e-01
-5.833925510168804784e-01
6.121135194672786550e-01
1.000000000000000000e+00
5.342236548126939599e-01
