1.634216035058225325e+00
1.146751163530477458e+00
3.704288614814259528e-01
2.034250074389825358e-01
-6.185872912732557349e-01
-1.705739319776952367e+00
-2.667621354558360469e+00
1.239446279942031381e+00
1.732166431768508152e+00
2.305050855703579815e-01
2.064887638229305988e+00
3.439473548695830551e-01
1.533591352042389166e+00
3.702661782772687094e-01
-1.797721287970502235e+00
-3.145984868443776894e-01
8.550005251541081819e-02
-5.158524145112646231e+00
-2.454427152279313740e-01
-8.387819962761973169e-01
-9.219032213099002115e-01
-2.077723931275146096e-01
-2.836107506279587298e+00
-2.985087705478893794e-01
1.182253886952854272e+00
1.203389355849280529e+00
-1.095705214203744671e+00
-5.665844281456936526e-01
-9.203330130432280098e-01
3.005784766755159598e-01
-1.031704600361371960e-01
-7.645567593985014287e-02
5.862209053413912629e-01
4.483411983919153299e-01
3.898903048029574769e+00
1.152719000753079870e+00
1.528514818582263901e+00
-1.587688200532552774e+00
-2.505583279914678663e+00
-2.270381021508022457e+00
1.080548909297845306e+00
3.203376387810343284e-01
9.653356208850123465e-01
-7.253577218568806328e-01
1.255628766127574902e+00
1.017099338449954926e+00
-1.942391983345315154e-01
1.758484626697309761e-03
-1.225942803610606147e+00
5.820818966242374826e-01
-9.631191716052840412e-01
1.904858492688965121e+00
5.499396902603490567e-01
-1.462798598746390288e+00
-6.191434238174051696e-01
5.622861897266038245e-01
2.358413494350065420e+00
-1.493871063421474688e+00
-1.820923232008881509e+00
1.369125785988160482e+00
-3.179049088040895032e-01
-2.082971380115562765e-01
-2.085925594436780717e+00
-1.743251093008573838e+00
1.601775940750949090e-02
1.337939046519058817e-01
-1.903887734564133849e+00
-1.863254115624437546e+00
6.933566538180613303e-02
1.350731927173136171e+00
-2.845694754469513477e+00
1.424503075332552049e+00
-1.469223062984463812e+00
1.132081380359549305e+00
-9.789372820993085256e-01
-1.094530951967018773e-01
1.535904337254147212e+00
-1.157727507685134105e+00
-7.461109913520338477e-01
-1.306215996111078415e+00
4.248289513210394830e-01
1.384777003194532563e+00
-9.951747120446695627e-01
9.585403607981297647e-01
-4.813094469198141434e-01
-2.172337273632552801e+00
-9.236288797456891908e-01
6.482806053864683671e-01
-3.453458905584885219e-01
1.653151596555187730e+00
1.223865112901060481e+00
2.487274660062726461e+00
-8.940901035433597155e-01
-9.841247408941400376e-01
-9.306872615090810985e-01
-1.689417749086212561e+00
5.531663655159598791e-01
-6.403671722434103319e-01
2.262858919155924298e+00
8.040334512011749757e-01
-2.885343317256344076e+00
2.506791151775266790e+00
-3.026932089494878131e+00
-9.645198904739200607e-01
-1.305749386924241584e+00
2.645638063617753666e+00
1.219052745692641160e-01
1.229550194809530872e+00
8.648267215156317800e-01
9.797045037197747996e-01
-4.923993226162253767e-01
-1.330501219731617280e+00
1.544744903465172570e+00
-1.245065476460281317e+00
1.339105980536202001e+00
5.060865474035427525e-01
1.788634593749329316e+00
3.565012603769631916e+00
5.654134154256711398e-01
-8.969405248003410325e-01
-2.834737631266844859e-01
-1.064006500015802104e+00
-5.095728252729392338e-02
-1.579967719589559616e+00
6.945502844874646975e-01
5.241072050200983323e-01
2.040067982919591572e+00
-1.054328300872833468e+00
1.192337887659244977e+00
1.570365775791655150e+00
2.197202066751233751e+00
-2.098380113278367765e-01
2.966321144408470722e+00
3.982510239760557735e-01
-2.960581992529102813e+00
1.373384331673759950e+00
1.866445366036494136e+00
-1.987061311940124586e+00
2.009352519910133861e+00
-9.952389702865394039e-02
-1.509864054342221040e+00
-1.028323270376726661e+00
1.597357359653145181e+00
2.580907656917243997e+00
1.471808339104443863e+00
5.061365290416761087e-02
1.905688415783397982e+00
-8.064945848991385002e-01
-1.959575529933078819e+00
2.547580545525693019e+00
-2.683204189073291612e-01
2.051497896286133216e+00
3.795881450337216245e-01
9.590827648696322871e-01
2.947149497689731668e-01
4.991901026979719269e-01
3.710878575884053454e+00
-1.873503838531466625e+00
2.421643033735598749e-01
1.716395852172193148e+00
-1.310130719440919300e+00
-3.354025685426689662e+00
-1.122282706481389836e+00
-1.080173850013192327e+00
-2.175225061547994554e-01
5.673869924130019449e-01
-8.830888224882432747e-01
-2.464699578155116200e-01
-1.650525890273246921e+00
1.902274997162969550e+00
-1.535284947947515022e-01
-1.734892143125716046e+00
3.536553821852060242e+00
-3.142610653439900648e-01
-1.486357624518448661e+00
6.353793430139886844e-01
2.500843937396267869e+00
-4.634647369199830780e-01
1.082583136805533419e+00
-8.985790754176758988e-01
-1.782950198093115057e+00
-6.887681533386005306e-01
1.419852011214865151e+00
7.699242069233368513e-01
1.262966542540296722e+00
7.108291790107534869e-01
3.340347254419163914e+00
1.758705878602881412e-02
-1.389507096892594329e-01
1.475984898453461369e+00
6.234675144225909627e-01
-1.862821507325541415e+00
1.287832832459584687e+00
-6.161243724913374464e-01
9.762024944112042135e-01
1.664934527437435641e+00
-2.630457465213049240e+00
5.483238878211951217e-01
-1.438335566354691508e-01
1.105237990285255156e+00
-2.743554149127226949e-01
-8.712878365196710106e-01
3.183544969354217824e-01
-6.528935557476858165e-01
2.724844965978738820e+00
5.468208645811167834e-01
-5.355922458931423602e-01
-1.180198789851147012e+00
-1.222846533026721028e-01
6.844231599079770856e-01
-2.817355940901600242e+00
-1.081084264515703497e+00
3.766242959546375779e+00
-1.625048307481152809e+00
1.857909270375714073e+00
-4.028074301218074749e-01
3.620175851190695848e+00
-2.865115878991530529e+00
6.128548972508787163e-01
2.151130928819320332e-01
-1.573789697318880743e+00
-1.603094569652612433e+00
2.972472105082572646e+00
1.330272673054654575e+00
2.433936857810254040e+00
-2.366420707531897705e+00
-3.213413334240854402e-01
2.916244223539345093e+00
-1.363125145267236604e-01
6.679075095967155207e-01
-4.819118367094815669e-01
-3.154043018334645954e+00
-3.797872724884805429e-01
-7.442397589405727598e-02
5.978997150140399341e-01
-2.507330716009266158e-01
3.718050933192173169e+00
2.258108215526340334e+00
1.392066859805534573e+00
2.160217880007090141e+00
-2.665512167747384087e+00
1.022307794753989807e+00
9.278538020218398685e-01
1.494807886404492692e+00
2.002546574404056035e+00
-1.687882935643308269e+00
-2.574458086400082557e+00
3.190723230384619580e+00
1.242927047078008496e+00
-2.004677935782551046e+00
-5.165904351014807716e+00
3.636695014745864318e-01
-7.808932722630895773e-02
-3.382320773138151604e-01
-3.978393157733972618e-01
-2.252373065865747037e-01
-3.471528477666666057e-01
-9.702806675265713832e-01
1.723537502878955685e+00
7.939991929888403632e-01
1.519487510261267493e+00
-1.050978388998002444e+00
2.486196080552691701e-01
3.292864205873167638e+00
7.238642835291885236e-01
