-5.110481522233048857e+00
-2.508414972115457608e+00
1.644073571049992077e-01
3.034095839503378467e-01
1.047973015551673992e+00
4.112888200629658542e-01
-4.105263940559439884e-01
-6.813817268037553054e-01
2.515355123809953852e+00
1.460958313475876791e+00
1.371367826950845359e+00
3.008144015134265992e+00
1.627499655701582615e+00
3.791082719609324414e-01
-6.014211828988841546e+00
1.541685012033311653e+00
2.189167755165443818e+00
8.302025073100084418e-01
1.173577796594528211e+00
1.745334435518175242e+00
-1.537977745704382837e+00
-1.789904119740135746e+00
-2.243528707825085677e-01
4.537116117506023727e-01
-1.425037467547465964e+00
-3.551445701973166891e+00
9.687464537141543541e-01
3.389466314294357074e-01
-1.591602840196154833e+00
-2.364823120051176897e+00
1.568509695160432260e+00
-2.042754493612887745e-01
-4.436942181622057113e+00
-3.875433542468293968e+00
1.690155956427177975e+00
1.856085719639656739e+00
3.573826904585471365e+00
1.275544157603186513e+00
1.587914439309370263e+00
3.258436579353549689e-01
6.953601985522601669e-01
1.922025519918463488e+00
1.485897124738932984e+00
-3.529045181625270478e-01
8.922477933321869559e-01
3.640197896430200419e+00
1.763406658367054458e+00
1.700387892365503584e-01
-1.627400790956758492e+00
-1.098305092818222750e+00
3.073085614581717584e-01
3.051911150741924983e-01
7.319747627161536929e-01
-7.758819427239647126e-01
2.056618861642526497e+00
6.288923721256105548e-01
6.713750006524608072e-01
-1.458880528592083170e+00
8.818673741173649328e-01
1.610516055944782865e+00
-2.460758911691040218e+00
1.644130364297581970e+00
2.319005815529334047e+00
3.880488357375129760e-01
-1.672201037769593501e+00
1.637892348440756596e+00
-2.821946607891997472e-01
1.758294914671126641e+00
-2.168590422617209690e+00
-7.956125077860621841e-01
2.098671882001682309e+00
8.241336041716736949e-01
3.030866426288490789e+00
3.479450246650796497e-01
1.458868845549881277e+00
1.227912180213892146e+00
5.707642062415521078e-01
1.075440676522612993e+00
-2.643065600394582493e+00
3.177273473562573169e+00
-1.729593743094876568e-01
2.282832412546763390e+00
1.741597750640783815e+00
1.153763625308491747e+00
2.537558297603549562e+00
2.426079778050739266e-01
