9.297584514958812107e-02
1.931640318905033793e-01
4.917164298595700922e-01
-1.038349923632540639e+00
4.785088556612810406e-01
1.221961717835005290e+00
-1.261975823120135232e+00
-2.558696694310909514e+00
-1.421833678484830443e+00
2.120781286382201536e+00
-1.270125242666603871e+00
-1.897572027046865450e+00
-4.403345216621179503e-02
1.406595391541695772e+00
-1.001009529270510123e-01
-1.088759221227912022e+00
6.446388694786956419e-01
-2.449145868887606436e+00
6.918890565538828863e-01
2.649435352184864811e+00
2.954545300752475789e-01
4.808304500883903154e-01
2.768479651665550767e-01
-1.873672398316385657e+00
1.015203804652880182e+00
-1.021977358639358124e+00
-4.159388558179669126e-01
1.151640304670505710e+00
4.601788622795160988e-01
1.649573852793494888e+00
2.710015880126641186e+00
-3.480304655519455559e-01
4.911413156354634268e-01
8.452566292176006968e-01
1.225266858923902413e+00
7.178059714776232614e-01
-9.099187769472931731e-01
-2.039815408936946017e+00
-2.009333291080439565e+00
6.817424161028471374e-01
-1.548977041114925624e-01
3.376484569639411903e-01
9.198244939988207136e-01
-9.426452835090985971e-01
-1.614776654855806015e+00
-5.366596893030789461e-01
8.789674283040359581e-01
1.859759369564704112e-01
-5.780361876358661721e-01
-1.614719004521373291e+00
-8.500201639002228360e-01
6.825035899449229948e-01
2.405420453455762608e+00
2.063690501955142143e+00
-9.619909655264474724e-01
2.080962894832155685e-02
9.343194179935423449e-01
8.896457989711129000e-02
-5.299819663093257027e-01
2.513108955348186679e+00
-1.013944842554741932e+00
9.792227285784156354e-01
-1.689600033088116238e+00
-1.126599318565437713e+00
-2.002863062219012669e+00
-6.139438573107567354e-01
9.634082736814013614e-01
-3.257204320172699119e-01
-1.435449218299991170e+00
1.155347404594865068e+00
-5.700408103436207519e-01
-5.734778510713846034e-01
1.180743174291357667e+00
-3.261768081137680353e-01
-7.171656878724846917e-02
2.045726154407490949e+00
-6.225708250868629973e-02
1.973316357500259466e+00
6.509826268409319994e-01
-5.671177628636802082e-01
-1.143545958039819954e+00
6.119295382688126894e-01
-8.452437430663709561e-01
-2.118434512851484541e+00
1.592424958644571342e+00
8.592867088605553594e-01
6.125874932841486320e-01
4.867080145839494110e-01
6.022988088716945132e-01
9.481218226359178214e-02
2.969373386964804240e-01
-1.210902871722455920e+00
-3.086208417498563339e+00
-2.036554755227891977e+00
7.299373287232073793e-01
-1.468946559644263239e+00
1.669287797502887916e+00
7.516815415847644122e-01
1.274094113888912805e-02
1.628004282804202729e+00
-2.197268906426250723e-01
1.986771261442383585e+00
1.197672186960314411e+00
-1.268942453053953923e-01
1.956530024005697088e-01
-1.935709579549939274e+00
-3.384102820785732657e-01
8.391416272522802533e-01
-7.822778146023402490e-01
-1.281045720698376522e+00
1.517792127843039740e+00
-1.024969141646843163e+00
1.079183753776936872e+00
-8.664267242349071863e-01
4.932223012315364863e-01
-1.141774915777150623e+00
1.657110112523177303e+00
-8.134564032989671789e-02
1.178345981646080620e-01
-1.940005448620136241e-01
-2.434769781586618442e-01
-2.299036609277785193e+00
-8.962888059906752858e-01
-2.444008352614025270e+00
-2.448411775293748427e+00
-1.100785379523743224e+00
1.358600417286255135e+00
-1.673456157374904940e+00
-1.161288447292237791e+00
1.681323203555441292e+00
1.192573806868495678e+00
-6.354464153590521081e-01
9.310621746507805607e-01
-1.294509659588882977e+00
-1.493844395683209925e+00
9.168692920016152659e-02
1.876430038676368373e+00
1.201171531111378421e+00
-9.199427801858173215e-01
4.914207724189459392e-01
5.436565663459519415e-01
-9.013326581341012389e-01
8.229554605659497035e-01
-1.351073181761321962e+00
-1.237839411334944018e+00
1.160442738910531180e+00
2.630922912379470846e-01
8.126884673415371019e-01
1.473097873639469313e+00
4.551448487413509714e-01
-7.163139244614601386e-01
-6.168902000388298834e-01
-1.345732856145484879e+00
7.707112730583161042e-01
4.089448974712794893e-01
-2.083623549941531761e-01
-8.665408404004828480e-01
-1.551305530253958676e+00
-2.592799923955245167e-01
-8.943396833249048772e-01
-1.378001139972981903e-01
-5.650343220051012860e-01
-4.266429971860745685e-01
1.488856976213608796e+00
4.503683682772641750e-01
1.690285397059895001e+00
-1.199119065700529507e+00
2.964966573353144952e-01
6.410277688578499555e-01
2.400143403624540595e-01
1.895436546484326135e+00
6.261714144382392044e-01
-1.160442823694094683e+00
1.677787462641201488e-01
-2.937447172259024519e-01
-7.822648014575794839e-01
-2.513665099013530080e-01
-3.137491967989030073e-01
1.445396818305849873e+00
3.706059377614321360e-01
1.408450648207585143e+00
-1.977168853437912821e+00
-6.719621264725383902e-01
-2.414257211001669678e-01
3.596387472326023627e-01
-2.186437816012446689e+00
2.297039692709216041e+00
1.437464391391323204e-01
-2.192683970392230175e-01
-6.997255012472990421e-01
2.009739148235206496e+00
1.506407003282560275e+00
5.069767625018647417e-01
-6.938749918586440968e-01
-1.003699819225352563e+00
3.997742602456091365e-01
-1.243954945522163458e+00
-1.280683550729356135e+00
4.024308080424738865e-01
3.366353712860510328e-01
5.279235313906189830e-01
1.088223775497970003e+00
1.136668205585301017e+00
1.965578035117187206e+00
-1.667999831220100093e+00
5.049822896927214089e-02
-1.667222749267107451e+00
7.885469387236317962e-01
-1.158235575339674472e+00
-8.997580570455057103e-01
-7.917096481674301689e-01
-1.386099852492864715e+00
-1.134701951245497664e+00
1.122748349688641678e+00
-1.401296489068537321e+00
-2.087669273002500603e+00
-1.550928849861730630e+00
-1.302206585458222765e+00
3.555679015759687367e-01
7.155478427574274436e-01
-5.404424942219130390e-01
2.423704013305412630e+00
-3.625693873936994271e-01
-2.146910284560604509e+00
-1.044818104220707866e+00
-2.412719288801105755e+00
7.074068604533051419e-01
1.194664077693082804e+00
-2.479197689973542396e-01
-1.324003124369839579e+00
-1.331469327849087891e+00
-1.832450184556276618e+00
1.679704787119253417e+00
2.785651355742822854e+00
1.079533745541741752e+00
-2.924281964836171754e-01
-2.838562525339603404e+00
6.783610826061885479e-01
1.049260751745844988e+00
7.440504455000951367e-01
-8.312921201657941239e-02
-2.149669343812634636e+00
-2.675509211660061393e+00
-1.587006641348826796e-01
-1.033844648878026184e-01
-1.057426013774367402e+00
6.949688875408596145e-01
1.863790666432062260e+00
-6.204954333917690468e-01
-4.703741271455357253e-01
4.468173579692694131e-01
-2.207831399350167700e+00
5.618988661391544071e-03
1.330613910635940478e-01
-4.311968886705468407e-01
5.323636902606458943e-01
-1.785185501067410307e-01
1.626804271128425405e+00
1.938274373808131612e+00
1.075020307350866178e+00
4.714427680071586746e-01
1.888086989958779549e+00
1.684309300284573485e+00
5.739058670123851069e-01
-7.101651871383743986e-01
