8.175187298728285867e-01
-6.345264364477769536e-01
5.100936537360564182e-01
2.785699048348041496e-01
-4.324489211098484498e-01
6.214661858988073107e-01
-5.943494604986483409e-01
-3.237671103145299267e-01
-4.553181398591311657e-01
5.386957495136391882e-01
1.232261416342226967e+00
1.562260177845373466e-01
4.437798100271448387e-01
-1.581049512709846283e+00
-8.982114740998946578e-01
-1.563077948159282138e-01
4.970527318926540317e-01
-4.242585833158128428e-01
2.440904678215057300e-01
3.832187957717261284e-01
-6.420501153820371010e-02
6.976059632376381270e-01
5.203568780828322637e-01
5.232212964092131102e-01
1.471559479036833817e+00
-3.195102939968434974e-01
8.407600944560770229e-01
-7.018012260150705561e-01
9.902767841516744163e-01
6.385714624591609656e-02
5.843696582495849778e-01
-4.117086998950466592e-01
-6.884172577651958003e-01
-3.658033090785030583e-01
-1.000789749892982972e-02
1.027948967971891836e+00
-5.556593600115757869e-01
-6.307251883473329324e-01
-5.069899664822288265e-01
-2.206334984768456298e-01
-4.343389561348162675e-01
-5.240934398464895949e-01
6.642630081773581718e-01
-1.033461319935870426e+00
6.383930850421360992e-01
5.140524933688888076e-01
5.930971396104309235e-02
-1.820306279339859667e+00
-1.274707884920849965e+00
4.867588610673813099e-01
-5.519234652713160549e-02
-9.966274842774777154e-01
3.041347053828635794e-03
1.174435868293376872e+00
1.334004237738008136e+00
-1.430804314250564868e+00
8.532402508568058819e-01
7.006573775666845583e-01
7.430279057494140749e-02
-6.728887816293678270e-01
2.384954628451516623e-01
1.080995644674888956e+00
-2.745355976146717780e-01
-7.770426043191960286e-01
-1.260002982793333892e+00
5.343713232573140681e-01
-1.236805581643510177e+00
-2.037069335075399334e-01
5.858375896790255499e-01
-1.016764479103019703e+00
-1.140928804065180380e+00
-5.857529555173299762e-01
-1.360274776323300294e-02
-2.760792274410380220e-01
9.443316713183889100e-01
-5.835243993183705236e-01
4.886307770131511630e-01
-6.260111537369270618e-01
3.303470653704212445e-01
-3.786330505963656501e-01
1.124055667218881727e+00
7.549981907040379525e-01
-7.586178641127344635e-01
4.090437147201626544e-01
1.983267528377959943e-01
-9.526480707977160733e-01
-1.568750300712415280e+00
-7.638748040578861032e-01
-5.860790793625150208e-01
-1.008501445001567465e+00
-5.253288094007260156e-01
7.250733003315200653e-01
-7.963238120753786120e-01
1.520476248582941503e-01
-1.285687206048177766e-01
-3.376969297744580323e-01
-2.815334515238701041e-01
3.071484318503667210e-01
-1.832320749121246761e-02
3.839272572411320805e-01
-5.622918886667882532e-01
-6.409122883477351706e-01
5.807128914146482135e-01
2.070155799072862235e-01
1.105399265426515232e+00
1.102031413973075580e+00
5.013477738633953518e-02
9.042676750501316141e-01
1.526762429288098577e+00
-1.301146452834638589e+00
2.612556642780400340e-01
1.182741062701056500e-01
-4.217054511112966475e-02
-8.257672755215479388e-01
-5.033066006892450428e-02
-1.641826423713573124e+00
-2.866735441207988178e-01
4.270019611670836657e-01
6.385414047333177745e-01
-8.243389879950047128e-02
1.394337840324842537e+00
-1.776487253891989582e+00
-5.056261795666179282e-01
4.495723065289605191e-01
-6.965477009047412738e-01
-9.633658809032625836e-01
7.587515198302354769e-01
7.252933354685547895e-01
-6.140764667162506019e-01
1.374173703315761941e-02
-5.559058047242847467e-01
-1.257733964923346104e+00
3.168898023459508217e-01
1.297031056621230860e+00
-4.193632315672119470e-01
-8.436999312029860310e-01
3.958525514447165938e-01
-4.014734451966918694e-01
-5.734773267108385086e-01
-1.150470289810259783e-02
2.221911823140189646e-01
2.112872978562308490e-01
7.685509984127845140e-01
1.747309665485997643e+00
1.753221340493444025e+00
-8.400760200335555261e-01
-3.315581170480963458e-02
-1.078847129681157258e+00
2.235457459308778372e-01
-8.049946051881569087e-01
2.087463038015848760e-01
6.124051266849998010e-01
1.393320039644577180e-01
-6.473349914754480405e-01
2.856741826942372775e-01
2.000971223909542296e-02
9.550903151694241089e-01
9.750499963864319719e-01
-5.241956214192201591e-01
4.252113353981287758e-02
-6.479611878699120808e-01
-3.174538687486310740e-01
2.530469248902652568e-01
8.134094347852223184e-01
-7.019711703649029744e-01
1.147804808608153149e+00
-4.939091530392313301e-01
1.042030780600115447e+00
1.699865247231077792e+00
-5.346334986246845666e-01
-2.562733924750482117e+00
3.750801469603209926e-02
-9.654754832280056931e-01
4.169024793760571779e-01
-1.183424318837650091e+00
-6.433503110612281972e-01
1.244607230319446423e+00
5.497002889787805380e-01
-1.306983499593829201e+00
-7.720123060288164307e-02
-5.114650350984554228e-01
6.715558250407337448e-01
5.778484797863872036e-01
1.144048111754401020e+00
2.154882409292946388e-02
-2.886258512482561267e-01
1.892234505034209091e+00
-1.656018037985666214e-01
1.499282126114393154e+00
-1.647002531996246133e-01
-1.138219088215565833e+00
9.849116235364359095e-01
-5.295909937336702455e-01
5.921135021645079766e-01
5.207741382914943262e-01
2.286172438869728540e-01
5.899248416628014580e-01
3.438538759351458252e-01
-3.361500161163511469e-01
1.162693931399598979e+00
2.953275508625063384e-01
5.726065039241609034e-01
2.435808876576704973e-01
9.682879385390550375e-01
-4.312317595365369738e-01
1.099358191684044028e+00
1.419586226989544731e+00
2.016637003556934760e-01
-1.114240820589959213e+00
1.068366155423149166e+00
-1.021028475083050058e+00
-6.394232457719896123e-01
4.170455817298298062e-01
-1.427648231103635368e-01
1.008850474248518481e+00
-1.210312711953681841e+00
-1.858213277672451813e+00
7.137011627791772783e-02
1.088041939872283592e+00
-6.599901992549161989e-01
-1.518857726166621402e+00
-5.549773067659502512e-01
1.008950708599151813e+00
-5.219370614166034539e-01
3.733733729351735864e-01
-7.009946879165286360e-01
6.537424817098000940e-01
4.068174055542997380e-02
1.022463702663173768e+00
-9.505648510330643175e-01
-1.944608783740164881e+00
-1.643995678541779970e+00
-2.772147659609800474e-01
1.118015760972739470e+00
5.497287342597303450e-01
1.520883790769248733e+00
-5.754947633550904218e-01
8.703657378555631485e-01
-1.685302537414444801e-01
-1.214823411045849788e+00
-9.543286475166212757e-01
-2.474190586389273250e-01
1.267628075152692491e+00
4.777160953706691693e-01
-9.381256351130586868e-01
-1.093033222785217695e-01
9.855452372392179416e-01
-4.554791802453127536e-01
9.354334198995184479e-01
5.039492223926869130e-01
7.805551653445192972e-01
-1.614428326135077252e-01
4.356594447638468814e-01
9.898278330228762467e-01
3.611212194806407982e-01
-1.109918088326510954e+00
-1.194707733164399599e-01
1.089449600826482678e+00
1.729912989053850048e+00
-1.744660427841390415e+00
-8.256207930042618326e-01
2.513374743838392988e-01
4.535501228163660303e-01
6.434209097111114328e-01
7.089596359284082716e-01
