-1.580949888244427282e+00
-3.710599443163564715e+00
-2.008516102254031266e-01
1.746188634579568966e+00
1.668233212648932540e+00
-8.538969714577264725e-01
-9.685682225269585111e-01
1.854351942345940474e+00
-1.556609434731708097e+00
-9.208233644689231001e-01
-8.959207204159767013e-01
1.982806952683702217e+00
1.251962487120512613e-01
-8.507193551102916196e-01
-1.429628229641969117e+00
-2.390630742430612243e-01
2.624175819346565408e+00
-1.528392612274779072e+00
1.417022265305180273e+00
7.017131585735464361e-02
1.724713317126747691e+00
-4.740992020205297974e-01
6.896227919801023454e-02
3.496701840232274705e-01
7.615764292170762451e-02
-6.742648364506472758e-01
3.803644947243583818e+00
1.292805216464919082e+00
-1.826909602057388282e+00
-1.151130559376605911e+00
6.538111877764727353e-01
4.681722684236138132e-01
1.753546662804824852e+00
1.583185066696720655e-01
-1.176663907762695693e+00
2.005046789999414547e-01
-1.633025577781051840e+00
1.227631241175042298e-02
-1.279859586078457179e+00
3.790655046003820416e+00
9.159159759207559093e-01
-8.315326463144802061e-01
2.547050286113001327e+00
9.684080202155790351e-01
4.588378548816567370e-01
1.489217938050768852e+00
-2.568270870397884487e+00
-1.659403053782423809e+00
-1.473562070239464283e+00
2.263183155970331484e+00
-8.512357320762315993e-01
-3.057254680751276821e-01
1.020604282372072458e+00
6.453950814784032985e-01
-1.790737546804090696e+00
-1.021244442586190404e+00
-3.803524142670635655e-01
1.424191765442172741e+00
8.802563302024899450e-01
-4.837546828949740307e-02
4.155569438878060851e+00
-4.500398195205205232e-01
1.214083102573400685e+00
-9.204980021090987119e-01
-1.467608058877064359e+00
-8.515929644960762435e-01
1.381726453218921957e+00
-1.546980683204871809e+00
6.887417377768434434e-01
1.365493048963859479e+00
-2.018897607002164696e-01
8.451888311720747726e-01
8.085890124205992180e-01
6.128890330820009336e-01
-1.578306645304378142e-01
9.663539442593446216e-01
-1.249309017581304193e+00
2.877742899750447059e+00
2.740130626552707005e-01
-1.624954918125935510e+00
5.968517688929724230e-01
6.778198005264103321e-01
1.425425526844658619e-01
-2.284322767664916931e+00
-1.145435409289374817e-01
-2.130790339351269935e+00
-1.310129272656403998e+00
1.214328444010262520e-01
-9.680250317282076411e-01
7.736502940467346878e-01
-1.149921234807018688e+00
3.303270056718759839e+00
1.644523114520407114e+00
-1.681314165301504016e-01
-2.101410171581620911e+00
-8.153544610922346392e-01
2.725469777736764243e+00
-2.869932706688594237e+00
-1.766350939733520420e+00
2.003191867294599859e+00
-1.170494993464677336e+00
7.167007477089398781e-02
1.107347341388428719e+00
8.307175213385910029e-01
-2.250804525471777229e+00
1.133917312399087329e+00
-3.311594787506909832e+00
1.813197580475948589e+00
1.668565340763782823e+00
-7.310556762138942233e-01
1.030076570132045566e+00
1.548248417321345105e-01
-2.751806200172412176e+00
-5.556709556575265552e-01
2.084293905158593141e+00
2.119267800092572873e+00
2.489547271929751782e-01
-4.264739304460409830e-01
-9.807812070035673013e-01
-1.100341298121516376e+00
-1.369422499544247440e+00
-1.384393135619861104e+00
-1.349116281194504108e+00
-2.549285093061142704e-01
2.156720205255396872e-01
1.653714864117627581e+00
2.909466690166317981e+00
3.444154105853980852e+00
-3.127239038255729131e-01
8.380080804374117065e-01
-2.053589844604599701e+00
2.431432613549108224e-01
-1.708450243600363683e+00
5.154655789761142248e-01
-1.061829366105355721e+00
-9.915960428977993457e-01
-1.389509078546954157e+00
1.078818438154398818e+00
6.284011208793428560e-01
6.667165612952048459e-01
2.449352256219836654e+00
-2.178481801514426941e+00
-2.129478994610985776e+00
1.006327619888004232e+00
-3.755316124258525345e-01
4.539034890018899260e-01
-3.951899898368915753e-01
-2.483065559881188822e+00
2.152967277970019744e+00
-1.926935474050034625e+00
8.321389741581749488e-01
-1.761398394892589314e+00
-1.114126800454546817e+00
-9.882085292447893021e-01
1.812449640632593229e-01
9.592229913782991391e-01
2.088702393523070577e-01
7.533196969637192542e-01
-1.804486811661293100e+00
1.909447770899727947e+00
3.111380024108567177e+00
1.490762662500090485e+00
1.042405710208827996e+00
-2.107671564812213738e+00
-1.003579928438048885e+00
6.891995187585115978e-01
4.326740163468979494e-01
1.049918117957060471e-01
4.124704235370950101e-01
2.794592969371649804e-01
-3.931150940652605730e-01
8.782255850851341528e-01
-1.060439383040574945e+00
9.698092637791834170e-01
2.091201990774968600e+00
1.524976668057925200e-01
6.322456934165933129e-01
7.807909238880570424e-01
9.523654827292050706e-01
1.607370744753139347e+00
-1.184929713531522211e+00
5.385630143043206308e-01
-1.612849583089693173e+00
-2.844511727955479352e-01
-7.796520489300629020e-02
-3.406466418772609472e+00
1.749196170912266091e+00
2.358155759919322580e-01
-1.460036704551408215e+00
4.024326456760305426e-01
-2.059908563019883232e+00
9.403209340117205661e-01
9.049796042923883288e-01
2.909340628066311218e+00
-6.758463804153014287e-02
-8.938495597121370873e-02
1.105203029258095437e+00
9.625256266798998261e-03
-2.301598473832520697e-01
2.803785221481962964e+00
-1.617853956409563976e+00
7.523212502384191147e-03
-2.817038304137007287e+00
1.783712275991942431e-01
-1.117349341840664589e+00
-1.692009684912883394e+00
-9.732156405568814783e-01
2.417042508088031560e+00
1.986722681077391028e+00
-3.150414239955078521e+00
-2.158881289381355373e+00
-5.492134538929673848e-01
7.984716777010218980e-01
3.554873555069669955e+00
-5.571270524188564055e-01
1.254043705132086961e+00
7.437520830374149128e-01
2.246254334035064026e+00
1.774812553455338060e+00
-1.269903801017062461e+00
1.219115599528219351e-01
-2.447979025663206798e+00
3.582224518926898860e+00
3.584075482757813624e-01
-3.010179162080804716e+00
6.091288529862179946e-01
2.961890368759099168e+00
3.563831139408988768e+00
1.517813329529851707e+00
-2.725592001929697528e-01
2.995726825779132518e-02
-1.258130175292864195e-01
-9.858553540007548854e-02
1.644270117326844360e+00
-1.819074244698429155e+00
-6.442565153162223002e-01
-6.116310921647380994e-01
2.703600344769223063e-01
5.258073407481361761e-01
-1.972264852552062520e+00
8.535998481219833622e-02
-2.227642024139558086e-01
1.646840010991513781e+00
8.795182237692178440e-01
-4.914773384579650822e-02
-2.176859220937517936e+00
-2.158604757856138479e-01
-1.871285491568133175e+00
2.014561437521788179e+00
-2.338820815288994437e-01
-2.117369403345671364e-01
-4.027083056961898166e-01
-1.308378633698330518e-01
1.082998079501686695e+00
1.003389672973071522e-01
-2.078075000883508494e+00
-2.170643343602774777e+00
-8.323718961271000527e-01
3.782101146009533288e-01
6.451434540137885865e-01
-2.585913017529990476e+00
-5.176656129769063863e-01
1.720580342406669905e+00
6.894714598807025752e-01
-5.770236291301458209e-01
