-4.268930084458072982e-01
6.557896968513978742e-01
-8.571470720765782536e-01
4.491688350867143464e-01
-9.300134955513740531e-02
-1.407269335098565222e+00
-6.981364991119801688e-01
-5.867917978448723426e-01
-9.260673125504368386e-01
-6.618865978981399723e-01
-3.698834210449304383e-01
-3.353572971221178145e-01
1.315407168024666618e+00
-6.553858013319942000e-01
-5.585071248812581990e-01
1.012854519415112842e+00
-3.675027495435192471e-01
2.763757838662262989e-01
9.671834444864477742e-01
3.230728881849609380e-01
-2.156034871773487183e+00
1.459537370558245506e+00
-8.368610141412133885e-01
-3.272858728857314659e-01
-8.579416973766420540e-01
1.299763166323918195e+00
-1.229025200344972424e+00
-6.965905145676373200e-01
-1.032178391607677215e+00
9.346208555216843905e-01
-1.377171201344868090e-01
-9.196162023853224343e-02
-4.870251284875364850e-01
-4.260073783265705960e-01
-3.952305200776538574e-01
-8.158170264952687711e-01
-5.573658502625827849e-02
-4.726445579894006377e-01
-2.711980414531851014e-01
2.570486631274478406e-01
-3.638487594394804736e-01
-7.084522171859140849e-02
-1.268383929268395716e-01
-1.706256450039539407e+00
6.306392525279235217e-01
-1.714199990557880859e+00
-1.027960571421418362e-01
5.130925360655003153e-01
6.099452631540869252e-01
-5.356479754447375230e-01
-1.227012222448814693e+00
-6.087869596152793994e-01
-1.488922315448601097e+00
5.415436124960141262e-01
-1.872239398114030839e+00
-1.004815671792309351e+00
-8.016711828486655644e-02
-3.022321584434622954e-01
1.036760474593696246e+00
3.013878595750243972e-01
1.288375180265452502e-01
-5.973153552361013530e-01
2.956631539559412269e-01
6.675383406424804100e-01
9.700603034980340711e-01
1.587338845098853202e-01
-1.176658569232770457e+00
-3.743767022601390271e-01
4.368541906270530240e-02
-1.240314349159565843e+00
9.995916262041227851e-01
5.534988728842021866e-01
6.430540562786383196e-01
1.278715177401888448e-01
-9.992275930184846278e-01
1.686618853711609356e+00
-1.078500424661772650e+00
-9.161808087544806023e-01
-1.803990806835475524e+00
3.558921809170099704e-01
-5.159302601387987242e-01
-6.809730528488968648e-01
-3.015118428082942947e-01
6.952925456580943964e-01
-6.183873464278925036e-01
3.343637220792842757e-01
5.869782091380609801e-01
3.312849373765181515e-01
9.098425595723516057e-01
-7.245917819292071460e-01
-7.989152954385339012e-01
-1.210568761312376118e+00
-4.237704733150492453e-01
-4.455408372313025556e-01
-7.789339821284834153e-01
-3.750194217103069994e-01
2.916487315255951174e-01
-6.630122690840932476e-02
-9.097834331500372906e-01
-5.426376062589883809e-01
1.860158160498576629e+00
-1.271753508844916947e-01
3.613251628555062545e-01
-1.697685268469270703e+00
-4.402687331528037928e-01
6.033778348472358388e-01
1.822577869534274253e-01
3.232466178000550916e-01
3.550939531664699111e-01
-2.657441145747047706e+00
1.798259092924108238e+00
-3.880740263983970539e-01
2.707195012631625763e-01
4.208764820120197703e-01
-1.475891359878835685e+00
-6.032592106516534436e-01
6.423271985901012338e-01
-9.691991368107181204e-01
2.663007901636821884e-01
-1.023924260456528845e+00
-7.404110126892397004e-01
1.047194476070455016e+00
-7.626658477651524493e-01
-9.665025867163173912e-01
3.268965481914665877e-02
-5.892535029536315472e-01
8.172258782870446270e-01
8.156702983792262218e-01
9.389732064096233399e-01
-9.931646001423167780e-01
1.661216362618865572e-01
3.339670128656650472e-01
-3.793656293705326421e-01
-3.647611856064567060e-01
-4.154856746610177121e-01
-4.921450669465017858e-01
7.612349770634081469e-01
4.856371350834149392e-01
1.905438429920687904e+00
6.164972400079165027e-01
-1.856322238191255192e+00
-1.476921883329634054e-02
-1.484845201916578095e-01
1.900049002546945753e-01
-6.956457582143137086e-02
-1.325944442399335788e-01
-1.552577240440083051e+00
-4.606890889843304748e-01
-8.349481004228110903e-01
5.465804096880731988e-01
1.232418620197737402e+00
-2.434922614788787298e-01
-3.830955930615986826e-01
-4.131169810427821054e-01
-1.329159719234650483e+00
1.797008471732504553e+00
-1.163518966851518455e+00
6.964572573942487965e-01
-1.304824637101605900e+00
1.009121283213393783e+00
6.154064228521400892e-01
-3.184317808499179114e-01
-1.393068693958478432e+00
-2.893751157165574961e-01
1.518041686172748816e+00
3.660924050039366939e-01
-2.676601536136816173e-02
-1.567281980318022461e+00
-6.514975951124117870e-01
-1.016118962020389427e+00
3.697879819937317514e-01
2.065635347217428031e+00
-2.058096714354300083e+00
-1.462250839151966852e+00
-1.389038204631908524e+00
5.039017688283615737e-01
7.228150912019917218e-01
9.090115647377908781e-01
1.211108489565269730e+00
-8.801197234439496475e-02
5.166196341487765131e-02
-1.084271284653359091e+00
2.119470209096736280e-01
5.733711297442433547e-02
6.027837510084775863e-01
7.419750060093638355e-01
-2.055857264619221081e-01
2.174447247373136882e+00
1.200593801909384917e+00
-7.714406508822156949e-01
-1.247862225099660938e+00
1.227381565859390733e+00
8.976945038255927656e-02
-3.426688100573485607e-01
1.008576655417434409e-01
-3.021648726142829311e-01
5.931039264848787518e-01
-3.775623004549044093e-01
-2.495040422598837182e+00
7.531502480948814027e-01
1.465593562838840569e-01
1.673315867982379190e+00
2.264529587363846463e+00
8.354915395946256318e-01
-7.793028214781091423e-01
5.500118467765909847e-01
9.471210160236682718e-01
1.018476173807419061e+00
-4.819006203211685935e-01
-1.749137825484782471e+00
5.805023882203667052e-01
4.370303931334934000e-01
7.865157977614151141e-01
4.252684182687910819e-01
3.994674069938006222e-01
8.977261265664402412e-01
1.047502198411144114e+00
-9.277595102147712103e-01
5.308347219767808323e-01
-5.502372391769720927e-01
-3.388079554677095873e-01
-4.450049424648607616e-02
-3.789420959966410263e-01
1.755316420801645627e+00
-1.510509605839573943e+00
1.134952504130080531e+00
8.686277483310849146e-01
-2.076371451972362503e-01
5.815962956058362554e-01
-7.609918669035486971e-01
-4.347965254245507172e-01
-5.821464646486188554e-01
-5.507888786812259463e-02
-3.247030311657588264e+00
-4.943830187234167783e-01
-1.569554409357595270e+00
-5.666668954538240932e-01
8.402235844569493350e-01
-4.926807950569191408e-01
-4.186834008407731011e-01
1.947884929588140079e-01
-2.537281103097056567e-01
-5.448828326965885482e-01
-9.747627132268135153e-01
-1.612875968677553729e-01
-1.172366874556594496e+00
-2.757007006194972520e-01
-8.990635827483439702e-01
1.221683773582395161e-01
-2.137579246456088877e-01
-1.838624240676747512e-01
-1.056498058643555504e+00
-2.297921794912184179e+00
-1.477996225849066425e+00
3.465103067221496635e-01
1.425592843305610868e+00
3.868898290834496545e-01
-1.410168310443176143e+00
2.744133116858002097e+00
-2.032535842254401093e+00
-3.342435253801173678e-01
1.396313897430255357e+00
2.742265046696530928e-01
-1.058884121081337337e+00
-1.133612579486867888e-01
6.249814653255729713e-01
5.638823566715583935e-01
-4.024863327722351669e-01
7.602329472022268941e-01
5.440321807660859488e-01
-1.145556389131893837e+00
-7.789541321833507448e-01
-7.909424727694661650e-01
2.383424862540734213e-01
3.069181108248478576e-02
-1.402752287490341532e+00
6.482251682253511449e-01
-7.011958164097169544e-01
2.844732783234164009e-01
1.807995894349251786e+00
9.762811078495463313e-02
-9.258801054494182337e-01
6.179880876646268867e-02
-2.253330998239738703e-02
-9.027417893661406900e-01
1.355074230481730257e+00
-6.931208012352626513e-01
-5.121393855870592926e-01
7.199308019717667317e-01
-7.445503376606622536e-01
-1.075669321957424679e-01
1.218411261283335989e+00
-5.950742853818844491e-01
9.642137502922097925e-01
7.774844658238557749e-01
6.012732823099898871e-01
-3.577418657648136491e-01
-1.174746589702581889e-01
7.951054951960072614e-01
2.357070005939770618e-01
-1.579933236501855909e-01
6.739467068751670009e-01
-1.272167370752289361e+00
7.985985248095947009e-01
2.518733371632512208e-01
1.565842076503191960e+00
1.073080540905652427e-02
-2.781581434528645480e-01
-3.805569145042301260e-01
-9.422054012834658598e-01
9.542754391128278613e-01
-2.806551944863159842e-01
2.932109808806058204e-01
8.198581722261953919e-01
-1.220990625657818240e+00
-1.556490371752519142e+00
-7.066035613367903645e-01
1.130597936687158356e+00
7.878857232342191264e-01
4.043673583431044438e-01
-5.197251209459541332e-01
5.230907594005837491e-03
8.983050220016831622e-01
-4.041321433598981661e-01
-9.091214440444852496e-01
-2.199636358219818066e-01
1.375452117391289253e+00
6.067595780788259674e-01
-6.047097794561482331e-01
-2.172772254949100201e+00
-9.086896997520254038e-01
-5.679700734044964561e-01
1.215712886805534243e+00
-4.199837865361678579e-01
-7.737759040368497043e-01
3.100222375936728447e+00
-2.004412169035161284e+00
-4.845591745802040884e-01
5.417328176692841613e-01
-1.385420377562308625e+00
2.805695676614431977e-01
2.904371184566866271e-01
-5.730913676925406541e-01
3.655594323318900329e-01
-2.476211150672698591e-01
-8.380126610978433366e-01
2.151025256212487358e-01
-5.871422981936045282e-01
-8.184687494888140957e-01
8.698098289527890215e-01
5.517426190076238912e-01
-9.206459819931515076e-01
1.928799906975835754e-01
-3.244926233884244948e-01
-7.986659137264565667e-01
1.379624422468870293e+00
-8.081575111136658496e-01
1.913533031043478605e+00
1.917212290365677863e+00
9.688974022454597268e-01
1.715539676265954161e-01
4.999022716538915057e-01
-4.931529423142266277e-01
2.456369129330294443e-01
8.000852811394744066e-03
-3.790923987521696015e-01
-1.830207408886714848e+00
1.289845593245539490e+00
-2.674179136751348440e-01
-1.129022557940085464e-01
-1.597000483008126137e+00
2.419801040085815536e-01
-5.058659795325499697e-01
-1.541489537370688501e+00
-5.349333165346216168e-01
1.000000000000000000e+00
5.308347219767808323e-01
