-1.541132496233432292e+00
2.537391926525880415e-01
-2.377533626854355653e-01
-4.281080108270598483e-01
3.594186162141142504e-01
-3.087744215847734175e-01
2.235981903419117511e-01
7.778971813690402914e-01
-4.041530422177304072e-01
1.941442395543098165e-01
8.542737818424124274e-01
9.092237176915412000e-01
2.456154803712757850e-01
2.751418010683384097e-01
4.455229898245127718e-01
9.475019844279113368e-01
-5.517328743899878596e-01
7.307628316552694514e-01
-2.725817571352389113e-01
7.728687658788735426e-02
-8.861949210099899776e-01
-5.508120999715223620e-01
5.787198062535616749e-01
-1.892731563432168418e-01
2.894939078974364532e-01
8.618846134542288429e-01
1.746210079696322026e-01
2.838183586611400244e-01
-9.638975627401036306e-02
9.666131308558092439e-01
8.242103686125901163e-01
5.780450587799670359e-01
3.402987801566808579e-01
4.428037394865391718e-01
-7.126073606507814517e-01
7.422155850197718063e-01
-6.567381409713988205e-01
-3.635475722502179430e-02
-1.856826120983275930e+00
-7.900543107497735029e-01
-1.018070010557092786e-01
-2.761823216440970619e+00
-1.472640352035743394e-01
5.153361804590657069e-01
-3.675256636662391774e-01
-1.326770948566204922e+00
2.084655197390295811e+00
-6.941071864703840522e-01
-4.319030001242722960e-01
1.971257377158543989e-01
3.078219712938232711e-01
5.490762648130140811e-01
9.993082680796172568e-01
-9.948940521864173547e-01
2.757732938524293687e+00
2.011044266902333177e-01
-1.031396004607032513e-01
2.646677730583237853e-01
5.241681613102069370e-01
9.075054840620651042e-01
-8.685610366061446985e-01
-4.887127264528778881e-03
-9.630971404722936668e-01
-3.815875632262919481e-01
6.286422779394664762e-01
-7.167176692773453706e-01
1.548331791508523292e+00
9.409918026725385687e-01
-3.806312530598492394e-01
7.647866379583793117e-01
6.129689140190075491e-01
1.721021730992355891e-01
4.896302831803289735e-02
1.111835171739621320e-01
1.863002082754374733e-01
3.218803172297106663e-01
-2.997517800930398213e-01
-1.245850948653552948e+00
-5.213795181722145067e-01
4.397506367099470737e-01
4.770745809120451320e-01
1.251673758861450714e-01
7.835049794901220999e-01
3.177429050725921744e-01
-5.350337577466761640e-01
-9.635577136371384910e-01
-1.843192221662863783e-01
-9.806471026184866435e-01
-1.231911121859067482e+00
-3.810148151712382525e-01
-9.251632706247545634e-01
7.479194168358871408e-01
2.380221771059187752e-01
4.777946703791668970e-01
-9.092888423688429977e-01
-2.554813226494911937e-01
-4.925812014253392324e-01
-4.824810754938786417e-01
-1.035073756604988127e+00
4.186431069004219463e-01
-1.025568162566354413e+00
-4.376848110542708170e-02
-2.323049648408855639e+00
-7.520878572368634440e-01
-4.018544496021922985e-01
-1.805515029989622100e+00
9.584181697224193330e-01
1.549282023496626470e-01
-1.190413566907173593e-01
5.723263361133031912e-01
1.981347423933293994e-01
-4.644726401572605301e-01
1.931909133032359005e-01
-5.191063662501629317e-01
-6.705689026072980674e-02
-5.832812606459727434e-01
-3.584173904323545434e-01
-1.315556899505181843e+00
9.046233765750234523e-01
5.581913327759522314e-01
6.538297147223592898e-01
-7.360869708788706500e-01
-4.478694793395487928e-01
4.949261912148286147e-01
-3.770899764420150291e-01
9.425645270028353284e-01
-4.053080333868488427e-01
8.231863761620474840e-01
-8.138820571616074417e-01
-7.192473740416960304e-02
-6.873915670024606239e-01
-7.893959809649817583e-01
1.951777957865725721e-01
-3.077437731457712822e-01
9.022270339352929103e-01
-2.111542475937007168e-01
-4.963860144946288244e-01
7.628493398350445487e-01
-3.423054168295296407e-01
4.624500734739040997e-01
3.003181668275896055e-01
2.497334225499407978e-01
-3.171848188324972728e-01
-4.677895654300234796e+00
-7.296938617123269744e-01
-5.345590458953886071e-02
1.281484920859747412e+00
5.028237103545918352e-01
-5.774920765735048755e-01
-1.409286272918654825e+00
-2.052527177878666897e-01
-6.395697910223696603e-02
-5.885844717550269278e-01
9.086047436955044798e-01
4.131077706707140251e-01
-1.235478279264874413e-01
-8.237631139295042981e-01
-4.820135982608977354e-01
-3.316849762673466095e-01
9.192156298700235872e-01
1.698654873696711087e+00
1.994870437360548587e+00
7.542633608878139828e-01
-9.435999930483163212e-03
-4.217423732921427026e-02
-5.018939511966002964e-01
5.259074139058548258e-01
1.655574501640761920e-01
-8.477555027948309174e-01
7.851958569199946059e-01
-1.407285013130326057e-01
3.142341189761310716e-04
-6.532057279012013495e-01
-3.863986944247064237e-01
-9.574572543166790517e-01
-5.455514950311457500e-01
7.540797568215051871e-01
-3.212629798656407853e-01
-2.159563473321112204e-01
4.085373419602644773e-02
1.230212320748511612e+00
-8.126730780283644151e-01
-3.346906958337816373e-01
-1.701800170159617487e-02
3.078168052604242089e-01
-5.509174832887371309e-01
2.405819385906238672e+00
3.305282374153055702e-01
-7.737226896944644494e-01
4.005514504047964497e-01
8.620266349517335946e-01
-2.309142838172910106e-01
-1.674938533123833340e+00
3.080498010315646518e-02
2.867518421443102650e-01
-8.877346073242700086e-01
5.049082436838381316e-02
-4.369363181385053085e-01
-1.030056035306217144e-01
-7.596073058065038186e-01
5.691735609432428955e-01
-9.185298273103554845e-01
-2.440238324585399798e-01
3.370937437157541794e-01
7.039738498145202694e-01
-1.517901279767581713e-01
4.929293329918205124e-02
2.274599949020426060e-01
7.986216170839401940e-01
8.377339831874195397e-01
-3.133669263087137669e-01
7.643074670665388481e-01
-8.652921653217403586e-01
5.248194145119535747e-01
9.086703217666858290e-01
-1.393015663299342677e+00
6.937150423131543953e-02
-1.960378709242072581e+00
3.281735078436923136e-01
-4.011676062850881852e-01
8.200888398926173828e-01
-7.539294975280705913e-01
-6.800439869739012266e-01
-9.906775912077934176e-01
9.674156616699060018e-01
-6.155853035294822639e-01
-3.580510626398558216e+00
-3.661145167384649568e-01
2.663641458298022235e-01
2.690850050963855544e-02
-5.036552401254437150e-01
4.834459443788035604e-01
9.458632592339129008e-01
7.571795441917681391e-01
-9.115995476046869772e-01
6.947133684154231936e-01
8.697995286073028076e-01
-4.300235305460086144e-01
-1.292055069978346182e-01
-6.981646495131292873e-01
-6.695034730852895688e-01
2.675873908481507524e-01
-2.286646295387617656e-01
9.121480615327095531e-01
-3.399046367610462083e-01
2.341766940405625164e-01
1.199565078609363677e+00
-6.086549938885752464e-01
4.614456095900076882e-01
3.148965225168253390e+00
-9.108597685595976046e-02
-1.715425311564648114e-01
-2.733340126965532413e+00
5.183572573077686041e-01
-7.972810736335211867e-01
9.986675452728348557e-01
-6.781685114641742285e-01
2.169085281558636336e+00
2.940488004932048094e-01
-8.257130022534564517e-02
-2.385364963851187348e+00
-3.629812903378055733e-01
-4.281092569345115173e-01
-1.796918643149858497e-02
-2.851576110548801335e-01
