4.529931230444812496e-01
9.727027019046496914e-01
-1.310363651255572748e+00
-4.751933001474502039e-01
8.337138402882742216e-01
-8.767967433012285872e-01
6.956159609134726640e-01
1.901123751540656492e-01
8.444652748427650124e-02
9.947461519366445071e-01
8.544091829826814255e-01
6.412552443532089086e-01
4.461627076150247451e-01
-7.728344538022828836e-01
4.839208426075931602e-01
-5.158664360021183448e-01
-5.705493170719666551e-03
1.875780397162905011e-01
1.338970387998792422e-01
-2.013915003503745638e-01
2.573255693277678446e-01
-4.640943553220919782e-01
-4.741141255993364112e-01
9.647415314549625531e-01
-4.084248318768124442e-01
1.340114667239218349e-01
-3.055188067233771676e-02
1.109736662192009060e-01
1.044666037907454603e-01
4.896336290900311639e-01
-1.252157725728086479e+00
-6.493219933707417013e-02
-8.871539956356864209e-01
8.947298061435338123e-01
-4.140182123211602061e-01
9.764172946262208441e-01
-2.118460322464661871e+00
1.679325923998793435e+00
-3.170999163760896966e-01
-9.014342779691142393e-01
-8.436693757703217500e-02
1.010579449659760876e+00
9.755656805513970298e-01
-7.979176135425931626e-01
-8.386154694215217642e-01
-3.203022485189777058e-03
-3.897389483045798908e-01
2.821491364779218358e-01
-1.040927686473029690e+00
-8.021499549709212307e-01
8.242984059854625567e-01
-2.157510991680759105e+00
-1.167101879525911379e-01
-4.793559097132127356e-02
-7.066229642792778431e-01
-5.227361688351628288e-01
3.432339933805788057e-01
-5.330909265796726082e-01
2.591642281507704482e-01
2.544829633808025626e-01
-7.940781815167818891e-01
-6.483351218204953526e-01
-1.588787299802661090e+00
1.959131966340699194e-02
2.515528143837271191e+00
8.098395553904973454e-01
7.564393346832538612e-01
-9.299471603030149414e-01
3.401862542214818541e-01
-8.964988724195350756e-01
-1.693341739988771799e-01
1.784249159702779641e+00
1.027429382396914281e+00
-1.216469090480397863e+00
9.456608945703914859e-01
9.897848888689395608e-01
9.849654136395835646e-01
3.177277648297063273e-01
-3.286699084623094791e-01
-2.115455837446063025e-01
1.505079816522465475e-01
-9.607581955927952944e-01
3.326507896843793333e-01
6.310507792297284091e-01
-3.632639469952723132e-01
-9.763492603861485541e-01
5.729437219501967160e-01
9.833666143769779211e-01
-4.634014085739888156e-01
4.265570281456032564e-01
3.820919510150992959e-01
-2.006642913899754355e+00
3.586276278196478540e-01
9.932043784041408863e-01
2.195724548924600228e-01
-5.228326260823406013e-01
-3.219554504201327383e-02
8.810326052185415424e-01
-8.694457065816951769e-01
6.415827294987963558e-01
9.269908682673873024e-01
-4.911327554865243528e-01
5.924812593679740225e-01
6.668659099481211161e-01
2.405860797138022478e-01
1.417331215680650569e-01
-5.735458936439862265e-01
-4.505454760900848288e-02
7.992301826798324793e-01
-5.228095065698812327e-02
-9.106680598067276033e-01
9.467251817440136552e-01
8.016606892907662818e-02
4.678830735149437370e-01
-5.304879983693242540e-01
-5.077449524230099875e-01
7.833813920530868780e-01
4.501319803227388228e-02
-7.064931131232299322e-01
6.463526136605235450e-02
2.155109524099216856e+00
4.664478001727236922e-01
8.431022546668117679e-01
-9.103778706418264033e-01
-2.655042566566329754e+00
-3.338932092507336247e-01
7.575715173539616654e-01
9.346015416728716829e-01
-6.722185641807058021e-01
-2.662199890533762936e-01
-3.180269033368854359e-01
2.728928342522985995e-01
-5.264021770069300388e-01
-7.499217643026794278e-01
1.659411956064011928e-01
5.235076770746283081e-01
2.317693755466887495e-02
-4.185056070041057730e-01
3.044234216502033075e-01
5.235105455118091999e-01
1.958875931843802043e-01
1.908673595779602605e+00
-2.028636227063371766e-01
-1.772638049720578035e+00
1.808308414607797676e-01
-2.283113701042173815e+00
2.931903300794580502e-01
-1.455773399020137970e-01
4.813471210724913352e-01
-1.294584312040973906e+00
8.768334082276822983e-01
6.476231528688767280e-01
-3.956555695282371055e-01
1.661579176159238003e-01
4.667809742771049653e-01
4.270615273951716695e-02
7.767469915761542332e-01
5.807170275751778465e-01
-7.633983534752106781e-01
9.018870389898063777e-01
7.593664606947383433e-01
5.913167826881879918e-01
5.107610132058648666e-02
4.854838750205319187e-01
-2.770939914201051568e-01
-1.161055351787063650e-01
1.590529098501978211e-01
1.714259653126235516e-01
1.358332990602139301e+00
1.552631262992176797e-01
8.948630900092591212e-02
-5.297275203906655072e-01
9.127303181198607174e-01
-3.483509443377754700e-01
5.678143048963739670e-01
-3.712594520743162096e-01
-4.603494083003483173e-01
-9.799591438464581028e-01
-1.467999162909929822e-01
4.776958537701059271e-02
-4.844778145061214847e-01
-6.964471913824934468e-01
3.241228424810427278e-02
1.057125775427272929e+00
-2.951025080626985542e-01
9.081628083636215099e-01
5.230725490101360009e-01
-6.013498141848649947e-02
7.941244766573851699e-02
7.225947008334052679e-01
-1.569070386234217018e-02
-8.952369451550659107e-01
3.534096110180819927e-01
8.779297395174072705e-01
-1.139913222355002365e-01
-1.075972766111334744e+00
-5.795223992476867814e-01
9.290437264832318576e-02
6.317615477214493236e-01
-6.573139978537627659e-01
8.349702074007171460e-01
1.580635670238670354e+00
-2.187443450982916815e+00
-4.313500134683797560e-01
-2.332459393798344660e+00
-1.473536602236018844e-01
-4.211254075882342462e-02
-8.885541188106167443e-01
2.700801467327154093e-01
1.367921320116980421e-01
-2.970685448637180315e-01
-5.820344851269563247e-01
1.100872531616340355e+00
-2.526112285482051134e-01
2.372039751496859417e-01
-3.653188590113347622e-01
2.894633819807541086e-01
4.684303301305580147e-01
7.796458691734240443e-01
-7.807515878641402285e-01
-6.182739553147349465e-01
7.868387906730747172e-01
-3.703328649632728897e-01
-8.819264354986848797e-01
-1.865397437285815530e+00
4.743914149353665177e-01
5.481200682343656538e-02
-6.793378156536320489e-01
6.330684307744363082e-01
7.501686336767878771e-01
-8.904334632962354057e-01
5.410359548322893897e-01
9.966629554496961862e-01
1.817715026554842517e-01
1.596852280550941083e+00
5.500341082275750360e-01
4.426830817927049910e-01
-2.242873803927509790e-01
7.013254617158315440e-02
-4.513038471608417090e-01
6.936607541738828431e-01
-5.659716661856690756e-01
2.621188178182465300e-02
-4.084115293641727984e-01
1.068162765194121011e+00
-5.128033266040776805e-01
4.273356175772924370e-01
-6.616355443185086838e-01
9.861895825616897593e-01
2.731751397198940445e+00
-9.466652693233434945e-02
-5.050337723385700528e-02
-1.065295919151902471e+00
2.943790327110173966e-01
-1.163474000118522422e+00
1.901000704206044167e+00
2.070423319364154136e+00
5.013776379317804732e-01
3.002150266615621899e-01
-2.655355847163107796e-01
3.932237973612668913e-01
7.840327235330653011e-01
-1.961947980823124382e-01
-6.580362163586366275e-01
9.483072886678827196e-01
