3.266495527895597384e+00
-9.770782053040674708e-02
-1.125874812173874862e+00
-3.424983589048173904e-01
-5.615721884997256774e-01
-5.744765813774408425e-01
-3.285995998750691705e+00
1.417792592084146985e+00
1.058150603539471657e+00
-3.636525504726849101e-01
-3.747444573811139490e-01
1.346593086745277779e+00
-9.182834270227950846e-01
5.836092767619878163e-01
5.149965781831474798e-01
-8.219053415992160216e-01
9.026378358044310213e-01
-1.882766395216889599e+00
1.299845104307202792e+00
3.524205988068974893e+00
-2.718809807815333990e+00
-1.114340742835203235e+00
1.127392746702123638e+00
1.403691265362443374e-01
2.443150463445407983e+00
-1.614329155687305395e+00
-2.047981743548406008e+00
-3.097912001649565372e-01
1.413183797835005917e+00
-5.028483909715028011e-01
-4.491021323098571827e-01
1.747858923388735164e+00
-2.529150414433637639e+00
-6.129440797694144516e-01
-1.629664054081023661e-01
3.739616975326833792e+00
1.645160469235114942e+00
7.842253615125235333e-01
-8.716968911558242716e-02
-5.576396795279143781e-01
2.963341959411258664e+00
-2.474203347463082014e-01
3.176566884008620306e-01
6.906154996180746686e-02
9.488938636125230364e-01
9.928558963909840385e-01
-2.714771429430524741e+00
-7.241952617830258454e-01
-3.727869480070181485e+00
4.241409825631735631e-01
4.432993124852024902e-01
-3.157259000387084291e-01
1.740389094623402411e+00
9.516449800924604574e-01
9.185961296870032156e-01
-8.180404651942244643e-01
-9.133293096271187517e-02
2.054795701233414817e+00
3.683944118366972442e-01
6.125059185878806156e-01
1.032332347895216884e+00
-2.361289118774736462e-01
-3.542024494919822630e-01
1.197609974345483552e+00
-5.217013772036521724e-01
1.140344993109752014e+00
-1.566109116303540105e-01
-2.678662570859416947e-01
-2.228555515079458260e+00
2.038489701368861429e+00
3.931976120775082961e+00
-3.728782268607115036e+00
2.835198703621761851e-01
-7.799883004387225816e-02
-5.248491087649838072e-01
5.271249977480501059e-01
2.657508417262057776e+00
8.343233468564755784e-01
8.685347632284496910e-01
1.140982936841755946e-01
1.132298569688755085e+00
-3.047973854899971996e-02
1.983182220958121800e+00
-1.911503781579476424e+00
3.086772099980965578e-01
5.891549812814034226e-03
-3.835604760403381053e-01
-1.883640036104354376e+00
3.182142364544804924e-01
-7.370605117971561482e-01
1.000490718296083381e+00
1.325161385318925467e+00
-2.805452530527702271e-01
-2.534654223481543900e-01
-2.815546754726993006e-01
-3.305510111762174574e+00
-7.665386890553438359e-01
-1.325631583763504651e+00
1.556510924139073548e+00
-1.566897410915949918e+00
-2.393544179828419161e+00
-4.772164513026036503e-01
-5.856414303300729873e-01
1.844306397697910604e+00
-9.089107609743563021e-01
-2.681766454762104512e+00
-9.386190623342677286e-01
-7.476112443915533534e-01
6.156458963854734012e-01
3.220266860812416310e-01
1.684453557417997516e+00
1.651266630426344584e+00
-1.165187150942848415e+00
9.191865231347073895e-01
-2.183722054578725480e+00
1.517273517461184440e+00
-5.050167123060312901e-01
-1.478664162615817013e+00
2.072571804225962655e+00
-3.106438919358605610e-01
9.506273385861652159e-01
-3.035545459557583037e+00
-1.876410073320017080e+00
1.388234985486230366e+00
-1.122205729425416743e-01
2.821477976305111213e+00
-8.764470260282459790e-01
5.030604450696973817e-02
-1.688842358475803218e+00
1.008892715802498508e-01
1.195941720739017944e+00
1.762947127135146452e+00
-3.439574623919980034e+00
-1.808191443363288409e-01
-1.307791479437435400e-02
-2.159312017729375199e+00
1.009607919000077736e+00
1.898250972218827659e+00
3.194502173242246279e+00
-1.445353605066267866e+00
-6.377542690073569887e-01
1.002715253412137519e+00
-3.413643597123039441e-01
8.250552871631928742e-01
-1.146040585897079023e+00
7.362737117786455343e-01
-6.063714503966274316e-01
7.455631882383100262e-01
-2.720358708061237918e-01
-3.175271550181191227e-01
-1.355916503404394735e+00
3.045963292746285168e-03
-3.196920250391092733e+00
1.450017529138423189e+00
1.186993415615062580e-01
-1.155445870991171020e+00
2.170633989333670577e+00
-3.167491888835467506e-01
9.984031403181425901e-02
5.810157816831446054e-01
4.793062913046270523e+00
2.313003825497818577e-01
1.015287385425679645e+00
-2.994736374672959944e-01
-1.257542160567452383e+00
-5.739280181584711649e-01
1.108049062186238221e+00
-2.146389163248992205e+00
5.716792797981045116e-01
-5.962932855955833666e-01
-1.169702300590490518e+00
-9.385178316557120093e-01
1.468650770554930762e+00
1.474675325675619542e+00
8.327830303986993865e-02
1.424080090455506875e+00
1.137343137643772151e+00
5.003238186767391404e-01
-4.617778042083692247e-01
-5.034922282311007358e-01
1.149622294493394925e+00
1.312597216571941061e+00
6.569184488153416712e-01
1.002191293043303677e+00
-2.693379215504855040e+00
3.827004958514201860e-01
-3.933035175720670518e-01
2.779183687843016504e-01
1.726304466019331851e+00
2.343064070435511015e-01
-4.272346699175466611e-01
-8.597496904489709824e-01
-6.605363354266799991e-01
2.948143360412541991e+00
1.104435615671576915e-01
-3.342548057264959072e-01
-4.228615233369341087e-01
-2.340195339769345573e+00
4.311162391380764625e+00
-1.513308892433632868e+00
1.157821128406624878e+00
-9.384259363046641989e-01
-3.009353684254439720e+00
-1.562208709018394259e+00
-3.788390342780759701e-01
4.032652579870614207e-01
7.439919169723224757e-01
-1.505889847614822141e+00
1.858729830140153139e+00
-9.621351252339183091e-01
-3.112112775045616786e-02
7.190201769892545780e-02
2.650294312788895823e+00
1.064444226544275923e-01
-8.337394331577814288e-01
6.571595549968091143e-01
-2.162847703471769911e+00
-9.968974883298169498e-01
-3.033019125681483130e-01
6.296998177608352787e-01
4.907483374634912243e-01
1.019441546068241555e+00
1.872707405771610434e+00
-1.006454383312072043e-02
-9.665606044712827805e-01
2.632337567288642877e-01
-1.422897592474238748e-01
8.424369044278012808e-03
3.534695983814331033e-01
-9.970625030933213950e-02
-5.060247817784182534e-01
1.374108662559945682e+00
-4.850602361123918627e+00
8.165701884817031520e-01
6.981413121243296160e-01
-2.783437570581809295e-01
9.850912105243384564e-01
-4.921035029562558227e-01
8.083690630082228656e-01
-4.988257223971107740e-02
1.556738549673002403e+00
4.097632456584023308e-01
4.547563807046707263e-01
-8.542858243096298487e-01
-4.696718552816226411e-01
-6.491382974331662004e-01
8.681467831514348976e-01
2.038311166154047616e+00
-1.818162382347877193e+00
2.684401698341709053e-01
7.734944055122372486e-02
2.281303603081147990e+00
2.185534807089362097e-01
-2.274180232901075183e+00
-7.195211607265713516e-01
2.415851927334871363e-01
-4.613115533358878584e-01
-1.816356981778892710e+00
-1.312399590898290835e+00
-3.671509442501807552e+00
-4.334239356862911174e-01
7.368280738678913977e-01
-2.336356962634594137e+00
-1.154185701151430044e+00
1.184020235026997714e+00
-1.692821239143106560e+00
-1.941687062897146931e-01
2.150972759723902561e-01
4.920035280934565991e-01
5.418924845470676210e-01
1.221160375856702007e+00
-1.344363350301774451e+00
-1.401309561584900054e+00
-8.989725155655607924e-01
1.648379832639106368e+00
-1.137225947627622302e+00
1.834114701707862949e+00
-4.587119004892637464e-01
4.866794722252730243e-01
-1.054560663163183420e+00
7.896875385343756770e-01
-2.315010241218447007e+00
-3.182469061338100147e-01
-4.189532529885012790e-01
-1.088119175768057056e+00
2.415963528038797214e+00
-1.017700657133579489e-01
-7.899762028636269084e-01
-2.068410698645038792e+00
3.036480461259821739e-02
1.879497927926412792e+00
3.364539032320423284e-01
-1.853012774956279918e+00
-8.231468461770400369e-01
9.800203013888769688e-01
-1.347007596421234688e-01
3.667582360096178773e-01
-1.967047941358233354e+00
-6.503814031638709414e-01
2.262398081955391937e+00
1.969721859410685560e+00
-6.969995374896260643e-01
9.811898370578773232e-01
8.572896800843007314e-01
6.292338252446034730e-01
-2.131979283261493663e+00
8.500470499047653172e-01
9.457500294279854725e-01
1.155671752667779772e+00
9.681285995414482537e-01
-3.588179551599067207e-01
-3.330828202446814434e-01
-1.106581636090293586e+00
-8.234599128059293394e-01
-1.396744918245361455e-02
-2.459675209408064278e-01
7.789885420884368195e-01
-3.277223871997837490e-01
-1.003011171579130334e+00
-8.683717331747228263e-01
3.268938023264116310e-01
7.990317291750366480e-02
1.128964359985238142e+00
-5.333571830204284492e-01
-3.538879308613553931e+00
-1.380267140036312234e+00
-2.672867687998748742e+00
-7.207013282818386379e-01
-8.920022008180323869e-01
-3.038587955758369485e+00
3.118249397368428877e+00
-4.331846405492985497e+00
-7.143087321500233289e-01
2.175259146043441394e+00
-1.330969657647359083e+00
8.718428957430894854e-01
-1.659988437986703036e-01
3.716574099702333323e-01
-2.248098121243822245e-01
1.143780930383313521e-01
-5.589530546419279045e-01
4.538015544059159079e-01
-1.493661744117485313e+00
-6.705151877816608597e-01
-4.529505358622516464e-01
-4.152570743949549059e-01
-7.527907228420535057e-01
-2.076289028800150760e+00
1.082616939592507543e-01
-2.953404979629564164e-01
-1.291127921727502459e+00
7.735994992202510634e-03
9.637797981179246909e-02
4.111304940725803436e-01
-3.721646885527669646e-01
-2.036511062492774027e+00
1.453799965185652354e+00
3.122257078889283388e-01
2.439498130797924880e+00
1.525009302173365278e+00
-3.638367625442490844e-02
1.557404652091310515e+00
-2.182577007296143901e+00
2.112695706133765672e+00
6.794607198799546000e-01
-5.064077388651244682e-01
1.501616192456578958e+00
1.644809233341132382e+00
-5.794941546699081680e-01
-8.294592374457806505e-01
1.659474113847499988e+00
3.442260646596610046e-02
-2.218572378127319666e+00
1.900220916612813671e-01
4.227308522446984046e-03
2.999269128408695861e-01
-4.616967534498784276e-01
1.574586014583680138e-01
-9.073321842302290996e-01
1.354222347552986871e+00
1.225858397200891403e+00
2.026330312368372688e+00
7.521765671033029399e-01
-1.403367917175588619e+00
-8.887631270351763479e-01
-1.651284222801154389e+00
-9.586059812266328750e-01
2.110806850391391709e+00
-1.228119911924468566e+00
2.144983708345543860e+00
-1.794052442465297447e-03
1.783647275262396859e+00
-1.325163669702347446e+00
1.085985808856213097e+00
-1.145539430975917039e+00
2.733087978177659583e+00
1.669808707545607174e+00
-1.618475509503978671e+00
9.460032146125848529e-01
4.245618768397068976e+00
-1.630578700088958222e-01
-5.502462746369596314e-01
6.767989979224208197e-01
-4.091627901040916226e-01
7.570972483456367419e-01
-1.395587679094288269e+00
-1.678551520914404627e+00
-1.002988851655798097e+00
-2.468693452272465727e-01
6.261068129397975301e-01
-1.861362596074465747e+00
5.668333072887205004e-01
-3.055479370153570962e+00
-5.007837793621957578e-01
2.004322637908972471e+00
-1.080682354823325753e+00
-8.326174075608746561e-01
2.192090360632324320e+00
2.460769805812671684e+00
1.571182663017559156e+00
-3.262822528527223875e-01
-8.333238204369636248e-02
4.108916232758241804e-01
5.652665675316886906e-01
-2.591128950532554653e-01
-2.633933692631300616e+00
-8.046175006726764556e-01
1.827459299771017065e+00
-1.780748640378740699e+00
8.293984416410571381e-02
-1.952736656327485720e+00
-1.033581304389000532e+00
-6.539430770520984204e-01
5.699974288595803795e-01
1.569746692015734579e+00
1.496343763625867407e+00
-1.390495589756721051e+00
3.003440268708509109e+00
1.143672290552299797e+00
-1.501978989357818595e+00
1.620417614822389663e+00
-1.165490469560689801e+00
2.170528447694896279e+00
-3.514024104190998088e-01
1.000000000000000000e+00
7.159904575131992299e-01
