-1.569384800384718559e-01
6.802470843959678160e-01
1.070041239954262619e-01
-2.842048827062126914e-01
-2.139552703926323574e+00
6.602109171217732664e-01
1.850816572363119250e-01
-1.006373662764259214e+00
-9.772307018954490276e-02
6.548465338885942622e-01
1.540742706155123987e+00
-7.011654759693904948e-01
-4.880337353890897845e-01
-1.262761712281368354e-01
-1.994631300057466250e+00
4.618582616804620677e-01
-1.524888145660378003e+00
-3.632264810463768367e-01
3.742369294216314757e-02
6.335440746391839129e-02
1.137230956697884876e+00
1.942296317673653183e+00
6.446285425530279278e-01
-6.491737439260809595e-01
-1.668779852675299047e+00
2.409892970092159525e-01
-1.263637164833163462e+00
1.414636826592968522e+00
1.253134872708483449e+00
1.402611871999940307e-01
8.331439905461188178e-02
6.258754093400761276e-01
-1.781908924903331082e+00
4.765894668092475195e-01
-7.426607941603706742e-01
1.012194019768895226e+00
2.870983089099209407e-01
-1.711429868211639671e-01
1.439021162485685457e+00
5.499897917382015056e-01
1.104352207178793677e+00
-1.497974711165658279e-01
1.286775497468990379e-02
6.724509082069670685e-01
5.537580776364524615e-01
6.344686976424092073e-01
-2.209534864325750081e-01
-3.988881426298315769e-01
1.260362673572727465e-01
-1.026137243706588126e-01
-6.863716877379928416e-01
-4.617762344995794965e-01
5.771112344603775979e-01
1.944988916543883839e-01
-1.480608487225394621e+00
1.033065150599547399e+00
5.380972433664270582e-01
-1.193375392512840971e+00
1.820767693628608574e+00
8.767983053601532406e-01
1.316841492019210191e+00
-1.141124127384330000e+00
-2.775543497228710077e+00
2.202135572191806556e+00
-5.129130037018742039e-01
-6.287091941855273980e-01
8.607396020514950230e-01
1.235720268504986730e-01
6.739616947532324209e-01
-1.475800925297603872e+00
-1.189506640429659701e+00
4.633679902235558479e-01
3.105126314513941832e-01
7.416996185230348981e-01
2.262380798592751763e+00
7.229907576086038734e-01
-1.397970396258944925e+00
9.744288738951431550e-02
1.560973256736656545e+00
-6.336808918880557639e-01
2.271765894678735798e+00
5.922805343396050359e-01
-6.466653986139674348e-01
2.694659186501729975e-01
1.427843800770142169e+00
1.880437196964568125e+00
-6.901661247913837283e-01
4.312886846512347661e-01
4.852460202249398447e-01
1.128783329935045820e+00
1.179595142600188135e-01
-1.721444124083741700e+00
6.612682535751115420e-01
1.312767280632087363e+00
-7.784224181177115121e-01
7.322833640816465151e-01
2.046963759072766009e-01
3.343893755957960123e-01
2.152671639642732337e+00
-1.051722204071941016e-02
-5.407734347580718248e-01
-4.046998965731622988e-01
-1.168154230133143123e+00
-2.961604737023468270e-01
6.390627100897925406e-01
-1.822202273409723738e-01
-8.279927769049613140e-01
-1.428461070824457835e+00
1.090990829367706860e+00
6.830225042465023488e-01
-1.862327100896221888e+00
8.958157861863362825e-01
2.288734188232842026e+00
7.546780896022874385e-01
-8.751139548011614977e-01
4.235852360336272993e-01
-3.628233199037177864e-02
1.039719164864786327e+00
-6.175635902454081894e-01
-5.891283780795592007e-01
-5.226030999476070221e-02
-9.483029890736022205e-02
-5.578249203859946687e-02
9.394526329814845145e-01
-1.897021347997015772e-01
-2.232058971678545056e+00
5.557987529704221386e-01
1.701019516718911939e+00
6.124597995334141176e-01
-7.164954012100132053e-01
2.309847798975113997e-01
-8.100058027386528581e-01
-7.349266871752901942e-02
-1.672109332934955228e+00
-3.903548969819262138e-01
1.086903982765919485e+00
1.947999507140653952e+00
-1.874375260119046205e+00
9.158082068376398599e-01
5.404435609810737118e-01
2.121012265910471595e-01
-4.209782778393643676e-01
-1.316319841719971295e+00
-7.016629671053044026e-01
1.752784567080196476e+00
-1.049515012452964191e+00
-8.103456836053777312e-01
1.361830385481865191e+00
-4.487927621032246628e-01
4.381328175194176278e-01
-1.030232477009770609e+00
-8.488300540547260020e-01
-7.690143339464696748e-01
-3.655754895389715098e-02
2.515694102705955615e+00
-5.735045716773284896e-01
-3.818914404199638679e-01
2.348788361459406282e-01
1.178950069649402632e+00
3.265177005296871493e-01
2.030450215104818046e+00
1.428527734785108860e+00
-5.726994608979796286e-01
6.588987409342736967e-01
1.339217401299656274e+00
-6.485139875919526675e-01
-1.719342047924146688e-01
-2.912888123887179548e-01
-4.968690795037946084e-01
5.071140997124083949e-01
1.129100587694115587e+00
2.006322324810568158e+00
-8.078553079093504508e-01
-2.159671638993627685e+00
2.178988059297977398e-01
9.749222422083269057e-01
3.078806808473037115e+00
-3.975114437516886201e-01
4.024491888171192744e-01
-7.729724987827950831e-03
-1.575975845352742155e+00
2.497021322431605128e+00
8.166606385702789295e-01
-2.513749569009813722e+00
-1.195237291489181120e+00
2.181997589420208605e+00
1.921641118652482605e-02
-6.857127773424507300e-01
2.860612440366918086e-01
7.391498773122494592e-01
-2.225964010651355185e+00
5.070400001777037868e-01
1.119369225894648157e+00
-1.160998584667185973e+00
-9.544329800994012514e-01
8.608136360782078222e-01
5.887686833117758978e-01
8.735912240709244395e-03
1.043439533724608514e+00
-4.031046040573887934e-01
-1.763540349307336719e+00
2.207327365282186982e+00
-1.095060329159556867e+00
-2.084216721924759541e-01
-7.626130454479899123e-01
-6.020071869024913314e-01
-6.454264941104490561e-01
-7.193674327373923427e-01
7.946802453679059353e-01
-8.142944392065493142e-01
5.284167044408885072e-01
-5.465510287061917660e-01
-1.113813568185089142e+00
1.484159108395117999e+00
1.155620031632244249e+00
9.242512910537569182e-01
-3.195518523631406538e-01
6.140027845621556096e-02
1.032613831688789646e-02
6.570514145402909234e-01
2.206209310364957987e-01
2.672065646163733765e-01
2.489510365358385546e-01
-1.273038177011036852e-02
-3.917338007189304916e-01
-1.389592038742019087e-01
-1.213026350798830144e+00
1.660169564957482580e+00
3.094816251842190113e-01
1.308772006479695271e+00
3.202601535724068360e-01
-5.068072341390275071e-01
-3.337872591814970424e-01
-2.727194385928022324e-01
9.769233269348450710e-01
1.417102531309025082e+00
1.150266402661932696e+00
-1.201968340170570748e+00
4.920993822824322461e-02
-4.049772977668400498e-01
-7.676270801818889655e-01
1.161095495386701870e+00
8.365955024367758286e-01
1.787346663982273265e-01
1.923070394668967564e+00
-5.293752755324723225e-01
-1.675583343610075604e-01
1.738576096298479090e+00
2.148089328869098757e+00
1.359706777548894685e+00
3.466996929501024449e-01
-4.811443990369940193e-01
-5.508882104852773631e-01
-1.514425325369721298e+00
-6.701463470784857490e-01
1.015858770802349653e+00
-1.471716997985704101e+00
-6.698937289573556608e-01
-4.141579580336287592e-01
-1.831936067372955446e+00
-1.054962465371082514e+00
5.127502623346644195e-02
-1.464151366522941755e+00
-8.720758909723549390e-01
-3.605503291618791795e-01
-1.141879255603657661e+00
8.825684550303491971e-01
-1.085190660442185040e+00
2.633111390821774034e-01
-1.020879012549176901e+00
1.059177708298097570e-01
-6.297972146519699166e-01
-1.375427917283447155e+00
-7.298971897620516458e-01
1.071929574279495145e-01
1.000000000000000000e+00
7.416996185230348981e-01
