1.710307679935921144e+00
4.196791698806037196e+00
-2.758580237707328742e-01
8.945399394386017722e-01
2.793782840553052260e+00
1.378212922129401052e+00
1.195709915429535863e+00
1.220461437046056252e+00
-2.221812642389733305e+00
-1.778519808073749431e+00
-6.716220240887337267e-01
-1.146732518133446677e+00
-1.438470053521462066e+00
-9.171908371623954670e-02
-4.981035636825470458e-01
9.390203102475712660e-01
2.880921003366380351e+00
1.575171805361268218e+00
3.634838486424329385e-01
-3.924803573109116317e-01
-5.505683188005898732e-01
1.125066765635497790e+00
5.768791731570533932e-01
3.480078608728218170e-01
4.081143538027648399e-02
-6.322260737955600618e-01
-1.680976202345618065e+00
-2.426536984227398275e+00
-1.020829185437694409e-01
-2.914752613542387905e-01
-1.727520673681577801e+00
1.756213280381981878e+00
-5.139641981429534656e-01
1.010228026639507837e+00
9.903208710245456903e-01
1.282276667858030406e+00
-2.136343295280285659e+00
1.487742253732001085e+00
-3.062963458617888324e-01
4.385621020115075375e+00
1.100821207566205162e+00
-9.924055223841643514e-02
-8.100326874561105672e-01
1.715539306012303866e+00
-1.244982108514245622e+00
-2.415621625395636407e-02
5.797518295254796561e-01
5.706506136931862594e-01
2.848613862744707070e+00
-1.480957533426076500e+00
-2.952497297934652654e+00
5.831082038716882687e-01
-4.479519001524478461e-01
-1.587822748174952114e-01
7.280687581451075197e-01
-2.154362097646139951e+00
2.240202433522814340e-02
4.149006720980628060e-01
1.348947248529818177e+00
2.310902856148911777e+00
-6.997745642766355356e-01
1.741265982695946901e+00
-1.420442785511113470e-01
-4.351142275774124712e-01
3.678798311552565758e-01
1.512417563620088945e+00
-3.306751788045333429e-01
2.618311790849481291e-02
7.318927064707311247e-01
-2.793613495682037762e+00
6.403921621090592486e-01
-1.190507321426222509e+00
-1.500499091891866810e+00
-4.204635816408738291e-01
-5.081830051451710073e-01
7.551431412868018223e-01
-9.965259616182690072e-01
1.621717994920041095e-01
1.776452918744937381e-01
-6.854013007417317782e-01
-1.251132587667174612e+00
-2.176299187505432275e+00
-1.726922991255835704e+00
-1.791363977536681196e+00
1.458583752607381712e+00
2.328658883044750549e+00
3.127757819433616415e-01
-6.008243857763171381e-01
1.715872889269368873e+00
-1.892854156598655635e+00
1.094544256550253891e+00
-1.939653020805260919e-01
-8.157507380400360608e-01
-2.440936929761770458e+00
1.804594628135606449e+00
-6.717311432376157354e-01
-5.214678957739201648e-01
-1.519826770355387824e+00
-3.454911117845809732e-01
4.625251836599525435e-01
5.192516106057412650e-02
5.870124216791783311e-01
-2.204279377819845287e+00
-1.491458375896816735e+00
1.373525284418762871e+00
1.475652475005524655e+00
3.637312561758931362e-01
1.939168844230798161e+00
-2.651796783032410953e+00
1.417563597230351302e-01
5.931969228138214145e-01
1.470845214729188943e-01
-3.516711465887881749e-01
3.917266228895263103e-01
6.418189325906252796e-01
-4.693699513367414200e-01
-2.232301174685692169e-01
1.289063052343550897e+00
-4.221725108085272460e-02
-8.400053228104507053e-01
-1.712728679338809457e+00
-4.838093074625783530e+00
-1.109562545037774850e+00
5.988554056037315165e-01
-7.761551751851568648e-01
1.241783954859698724e+00
-4.951829848217683683e-01
-9.257041276394057938e-01
-3.322995635191820507e-01
4.816227206865623778e+00
7.780210548578098129e-01
-1.154633838666500267e+00
-4.691366005029764530e-01
-2.068973152163736950e-01
1.392711834244743985e+00
1.485150690818491492e+00
-4.484057178986562975e-01
2.654257581110458508e-01
2.146284193633615445e+00
-1.662790875238691291e+00
-1.133601602770862860e-01
1.329806358315025250e+00
-1.041844460933909922e+00
-6.628598022601465134e-01
-1.674299292076586454e+00
2.487001079587908947e+00
3.770790854658612190e-02
-3.554909715399774850e+00
-8.470556597418755773e-01
-8.096696589046066261e-01
3.512594464038926168e-01
1.328751223722071328e+00
1.020520045763984474e+00
-8.090857536742662726e-02
-1.328767796871170415e+00
-2.751336086513202606e+00
1.603568525718969351e+00
-1.997500712698850434e+00
-8.780668908990252319e-02
-7.773445697291525569e-01
3.673952823630475817e-01
9.743188388539032463e-01
-1.827103286807984839e+00
2.484671773726406241e-01
2.068327197113769778e+00
-3.495334353604075961e-01
-2.450101672355632365e-01
1.264433655427191994e+00
4.799086483970535499e-01
-4.048056975477966057e-01
-8.685349521929097705e-01
5.997421153594815202e-01
1.631422563606938603e+00
-2.057808655304299794e+00
-8.380493348225238615e-01
1.013473184940904437e+00
-1.259728836482580272e+00
4.385744910275286845e-02
-6.613927018805476621e-03
1.595466287293904051e-01
1.835249917715021661e-01
-8.536363150394727928e-01
2.620816454847428201e+00
2.753541643466806965e-01
7.063564667660027219e-02
1.104431210213340231e+00
3.516885081857906159e-01
-7.429494396143240253e-01
-2.695983447865038407e+00
1.113224045627092762e+00
1.092900063848583736e+00
-4.873277803636744676e-01
-2.692421168732316961e+00
5.253019007277042185e-01
-1.032878120646641085e+00
7.363163463042745605e-01
-3.435074580375338527e-01
1.150867906180337963e+00
-2.037373279707894280e+00
-6.033175645670318943e-02
2.363970412830334322e-01
-9.985327519689616294e-01
-1.032492944021634385e+00
-2.603791147907030812e+00
-4.062260889892790328e-01
-3.414402609267014332e-01
-1.507634529008741175e-01
2.033407177063145443e+00
-5.691164000167930892e-01
-6.971139346916552793e-01
-1.128761804854836681e+00
-2.493459299601916979e-01
5.901349037831741251e-01
-4.565998143636188500e-01
5.303354768430434962e-01
1.173420511586653836e+00
-1.245475879389813079e+00
1.406264668132717999e+00
5.188126978148490664e-01
-1.622667801591725967e+00
-2.015205784408121925e+00
3.939676724545492226e-01
-3.191134546711780762e-01
1.428272531215653007e+00
1.115406429785202658e+00
6.972404231972186839e-01
4.776054784834589673e-01
-1.121472916997381164e+00
-1.237702824358551945e+00
5.589799111808537724e-01
1.469978885329061846e-01
-1.017299840562939206e+00
2.508817431143838927e+00
3.493260402882868210e+00
-1.201496750441865879e+00
3.852393003161320273e+00
-1.037154864734497695e+00
6.783309269888497806e-01
2.733260436829883400e+00
1.933548562781576552e-01
-2.660163650227765686e+00
8.297267422851284380e-01
1.556361391753606993e+00
-5.484390798365138542e-01
-1.807145781129334550e-01
-1.089886636935087916e+00
-4.833295724757241674e-02
9.213710609786431860e-01
4.499305040151797552e-01
-1.817817188178988186e+00
-1.959679001743733551e+00
8.119467497927161936e-01
1.851287040161168296e+00
1.058531586680836023e+00
-1.029591763926353210e+00
-2.646999434877871371e-01
1.257605255324338200e+00
-9.947686501604192655e-01
-1.232460531435356055e+00
1.765721294532152097e-01
6.372403003717502790e-01
-1.718599088780922157e+00
-2.420854725558546916e-01
-1.508772834423255937e-01
-1.716523749883259065e+00
-1.586320085282310721e+00
1.584242690302634371e-01
-3.899229208543994463e-01
-2.210572650805523232e+00
1.273400260055064681e+00
9.520116364634937378e-01
9.791616609472328925e-01
-7.482318292083804945e-01
-3.521784418768612035e-01
-3.283614428861061363e-01
9.889097992912535551e-01
2.621010157139139540e+00
-3.320132039648533984e-01
1.802963092811939338e+00
-8.377727134749330951e-01
5.023012434943169291e-01
-1.684506504343453170e-01
1.213206221653209349e+00
-6.185399803095221749e-01
1.184546162355791799e+00
1.999250187578688109e+00
-9.374042084488222182e-01
-6.157636880157448811e-01
-8.985478043101942092e-01
-1.152608402911933894e+00
-3.104940029163063997e+00
1.033568669196199163e+00
1.538518841080267929e+00
7.827186997391000212e-02
1.397498393816322577e-02
-9.422719010639779569e-01
3.746205730908375386e+00
-7.461470028432639623e-01
1.272569320124503855e+00
-1.029736698709482257e+00
-1.060634789046879023e+00
-4.700477377071951013e-01
-4.825002632034666172e-01
2.211685645889824858e-01
-8.881710014704807810e-01
6.243321389263475352e-01
8.449342143894555957e-01
-3.039365413044637698e+00
1.439186929785456037e+00
1.282967100475947531e+00
5.237227802818599232e-01
-8.345548539067275673e-01
1.134629950101157192e+00
6.370545464010692882e-01
-8.910929220649534965e-01
-5.949253739544635433e-02
5.125335164406101818e-01
3.687811498884035477e-01
1.583025717474685568e+00
1.124740550155589824e+00
-7.567706556556578201e-01
-3.233344444430778508e-01
3.113032682785046745e+00
1.883164147424133628e+00
-9.867531512096299195e-01
1.771263951230392042e+00
-1.369501965438743585e-01
1.222848387038666607e+00
1.200944491666591230e+00
8.290673227325224826e-01
1.102237869200219378e-01
1.000000000000000000e+00
4.828006500752545227e-01
