7.136385833448335436e-01
-2.050846637445249698e-01
-1.700138988670979900e+00
1.038580977919915105e+00
-1.791274525470179402e+00
1.474329876151743157e+00
3.622966420344804206e-01
-1.048617583282677179e-01
1.209443576644223750e+00
4.818042243054428297e+00
-1.240666865192661561e+00
-3.097411456608845981e+00
-1.042505906100976265e+00
-1.054808333089106043e+00
-2.852193605105617813e+00
-2.067641135824500598e-01
-3.852215791065244366e-01
1.741820273191087287e-01
-1.583474943759291875e+00
-3.952635752599342744e-02
1.278558657517439912e+00
6.922286467541621802e-01
1.231245552830582124e+00
-2.114117537932384661e+00
-4.916861056556196541e-01
-6.733702476664843450e-02
-6.355899607143505881e-01
-1.103481149205054912e+00
2.528012068435707693e-01
1.518103069398783589e+00
1.765011195486470563e-01
1.299892010772548956e-01
-1.400826231796131527e+00
-1.095041992583097867e+00
1.688356923274424659e+00
-2.051853623019916917e-02
1.584086113750879266e+00
3.486515677654832501e+00
1.036893716596221093e+00
5.141589349657289532e-01
4.626861633171566734e-01
-2.988178530946837275e-01
-8.126476873350417796e-01
-5.161293543628008296e-01
-1.194138449751153352e+00
2.952141027685014407e+00
6.728342199821543135e-01
-4.747859420187288682e-01
-4.464349950321330057e-02
1.085450082742879241e+00
-7.627701547027695428e-01
-8.117728506544282796e-01
-4.104268255553948364e-01
1.287834687225990482e+00
4.059825312384887086e-01
-8.703750729356179994e-01
6.518518553353405132e-01
1.113390719458751343e+00
4.574507432627966108e-01
-1.048178799880274733e-03
-4.057530753887140795e-01
1.868279342067970417e+00
7.866270369197918555e-01
-4.949589939249624537e-01
5.234734336097082164e-01
2.116480576231682509e+00
-5.033298031933431949e-01
-9.990513928016879763e-01
-1.059325917581724008e+00
1.409818625294588568e+00
7.450483202301473318e-01
1.901138847314157720e+00
1.249930118193363970e+00
-5.449555072972260827e-01
-1.176626649471629094e+00
1.370431866568910584e+00
1.378522150219196218e+00
9.478290584666181351e-01
-5.029990342492746125e-01
4.221886724228269827e-01
-1.817965980359808942e+00
6.560175284569386145e-02
1.093008865142880870e+00
-2.308217132583952891e-01
-5.569459237574928556e-01
-9.419491026760689056e-01
-1.713283155977162742e-01
-2.042955604247785217e+00
-2.781755413785031550e+00
-1.478464839900580641e-01
5.779736270155060307e-01
2.193081177627711043e+00
-9.769249057456725893e-01
3.238734317474497026e-01
-2.785149743704465330e-01
1.244070743731342965e+00
2.091091063502191982e+00
2.327256805756422187e-01
1.256812552672200711e+00
-3.794947985583951855e+00
-1.785320621867935387e+00
8.387003673092493505e-01
2.701498801840868103e-01
-6.650514380052219288e-01
2.375136978746728023e-02
-5.898111275671569231e-02
9.696884671260862509e-01
-2.028483087037735277e+00
-3.468487731406933450e-01
1.826893858780252788e+00
-1.806434413602711342e-01
1.339422691120712439e-01
7.723171075434583088e-02
5.517755802194409531e-01
1.197949075167117572e+00
-3.458555401677779750e-01
-2.904104507722750750e+00
1.522792778484090004e+00
-1.064102092771520347e+00
-4.626752017968231101e+00
-1.733849862137133213e+00
1.863949965438479184e-01
-9.842131845610774254e-02
1.220887390796628891e+00
-5.607521853146978374e-01
-1.969580177205287885e+00
-1.054594160446111539e+00
1.271540710369866434e-01
-5.224072964691891530e-01
2.038332742501131278e+00
-2.882259422444025665e-01
-6.593294984290150040e-01
-2.219039823204393080e+00
1.153757761326482223e+00
-3.365729264697074452e+00
-4.237576169398785120e-01
9.059631407742985143e-01
5.250628104520201900e-01
2.106808580972196476e-01
1.247108964609574100e+00
3.885736794294566421e-01
4.738547977373311348e-02
-8.263709604955196131e-01
-2.274396542685464429e+00
2.572959379453191309e-01
1.035335723873729519e+00
2.692418877044033820e-01
4.990949905409181597e-01
1.142033440759510077e-01
7.546017468718335675e-02
-1.351575712345751912e+00
3.457050867882013101e+00
-1.752783597102126167e+00
-6.035460592582796435e-01
2.995362932410488566e-01
-1.765994136622200283e+00
-2.553203110987772168e-02
-8.083889913995399024e-01
1.010504188446730012e-01
-5.872596032628265572e-01
-1.823523536293364944e-01
6.078675330669160992e-01
-1.772915911731616223e-01
1.077785545559895475e+00
-7.950616974104664225e-02
-2.917756610728653666e+00
-7.053558315752622709e-02
-3.811388528279362919e+00
-7.105382854751016164e-02
-4.242264655865427003e-01
4.331762938474801872e-01
1.414790255558337373e+00
-2.594893369366412905e+00
2.937190738826198078e-01
-8.538201310200552729e-01
6.075061298069290849e-01
3.060610098497770437e+00
7.942235927112151206e-02
-2.537477935582033717e-01
1.721960793928331568e-01
-2.300988301583777762e+00
-1.056093865995935577e+00
4.796905911491854968e-01
1.291925377611599979e+00
8.048498784544289020e-01
1.605165921426433828e-03
2.435771424113601924e-01
3.091106735775864811e-01
-1.713154273381248593e+00
2.787940804936255290e-01
8.668564483584252356e-01
1.019488839815772874e+00
-2.197349740683268049e+00
3.143103344835116997e-01
1.974140864819563745e+00
1.520950556521087349e-01
1.372869194794088976e+00
-1.829162285924778253e+00
7.099522858548804605e-01
1.529696553612303500e+00
1.480006858165028971e+00
4.673165979160954220e-01
3.753437928687212155e-01
6.154478722975990079e-01
-2.678742535860953122e+00
-4.416908816698999374e+00
3.872427824148010900e-01
3.280808608798162496e-01
-1.326690216484422313e+00
1.292785569185779027e+00
-6.452583817565070712e-01
-1.137955716948148677e+00
-3.316220750886538643e-02
-9.926288407557208593e-02
-1.010946032873260902e+00
2.842023403213367327e-01
-2.921883243383990858e-01
-6.726760249594204710e-02
-2.277284626380098598e-01
1.461680258030400026e+00
-8.355116122137417056e-01
-2.026076424064280346e+00
7.774637848337059287e-01
2.173249434351375964e+00
-1.340001294460132941e+00
-4.796468062221833639e-01
-1.277620242757558033e+00
1.495360864380235855e+00
1.240978685640405921e-01
6.590744972298478999e-01
5.399540674591292166e-01
1.070434636318356336e+00
1.100571029756353347e+00
-5.265698123090173377e-01
-6.946131373279437193e-01
-1.769872774236929347e+00
3.026577388643515221e+00
-1.271933874023428723e+00
5.913073249397374775e-01
-3.489158992993908193e-01
2.115803155567927973e+00
2.289222834376719584e-01
7.295467819276548749e-01
-1.926900080071735077e-01
2.167823058653180479e-01
-1.178285330123965552e-01
-7.206710823748532224e-01
-1.365442638148865573e+00
-8.998406395122011681e-01
7.627973279584916444e-01
-1.752002766958834501e-01
2.936715316360738459e-01
1.367127767368569558e+00
2.436687925650620756e-01
1.318226943083147251e+00
8.585408951448789683e-01
8.067006517135117960e-01
1.721183479381094283e-02
-4.225345901155204587e+00
-3.534650640768754570e+00
-6.392526023551140524e-01
-1.309604739647675986e+00
1.850691813393149143e+00
2.272207245102286222e-01
-6.716195447686967857e-01
-1.540034132019628021e+00
2.043800594706048912e-01
-3.821811773120639133e-01
-5.433268887904104671e-01
2.359046360546659948e-02
1.498226963163188152e+00
1.611390508901225926e-01
-1.546669377527377875e+00
6.132688038672223785e-01
-7.031178847641217367e-01
3.275748386970703252e-01
-7.066382512718537567e-01
-6.102309886960537444e-01
-5.719143545091094349e-01
-2.437025799812976068e+00
1.875745465402974155e+00
1.452502768394847155e-01
9.487689063875799356e-01
5.404568556873434737e-01
2.311807668218468503e-01
3.550708013456596923e+00
-1.835212482713776683e-01
-3.879755517170225265e-01
-4.363652208553659984e-01
4.531620680356918673e-01
-3.281478044685597895e-01
-8.014276526098044195e-01
-1.252767518431422422e+00
8.927828447963604974e-01
-6.705436750834459225e-01
1.900657816726348148e+00
-2.396540079618415753e+00
1.672078036944009971e-01
-6.192397805238480935e-01
-6.933536997314859729e-01
5.880969929030389620e-01
7.143815927057410864e-01
1.813391300580764476e-01
1.013104573527130875e-01
1.378475736800608420e-01
-1.669570743983532779e+00
-2.856236617955444146e+00
-2.898710117076624404e-01
-1.806874248372515313e-01
-1.199001515172118504e+00
7.428730892288164522e-01
7.397622572791449080e-01
-1.874047163054705534e+00
-1.217224618109031598e+00
4.627394524670876974e-01
1.139875451260139672e+00
1.841551619505651605e+00
-1.761841754513497005e+00
-1.250193833311841640e+00
-2.685526103940684806e+00
-9.935251689152300170e-01
3.698786597291252587e-01
-5.602036318601456566e-01
-6.961501834059569127e-01
-2.116887083513217860e+00
1.700649394396422709e+00
4.284384970740593990e-01
-2.923946352843574403e-01
4.506548257210174491e-02
-1.154341625322522269e+00
-8.324560880049169942e-01
-3.924065058040336340e-01
-4.611002903218568982e-01
-2.063275231022991818e+00
-2.004185463279490431e+00
-2.359931058596771880e+00
-2.860906242025814006e+00
-2.425129511105739599e+00
1.133078844260848816e+00
-1.190604489059147036e-01
-3.143091899542774237e-01
-2.628422854902736638e-01
-4.729730727382557287e-01
4.487505501845002742e-01
-4.553338258845270659e+00
-2.185082873500637790e-02
4.486826313683391354e-01
1.075737423444819152e+00
2.577824724450607619e+00
-8.923133745971295605e-02
7.362878723013972504e-01
2.348744419475357947e+00
-1.827829530812420611e+00
6.415778617996783506e-01
1.673652142018049460e+00
4.485728418582405896e-01
3.816042441668465734e-01
-1.156263391016576769e-01
-1.517521087766871446e+00
2.242531630748296756e+00
1.852984949775201784e+00
-1.111629304861841083e+00
-1.693453468655899963e+00
3.413924175192098454e-01
-5.770718830519566689e-01
-1.157524677241432487e+00
-1.445212335843137907e+00
2.389675194763001276e+00
3.065619721713574442e-01
-9.375280510807877388e-01
2.283772191067742874e+00
-2.818580581801008456e-01
-6.021878064095762539e-01
-1.258773872077555867e+00
-9.632468393873913071e-01
-2.012154778571338731e+00
-6.586882752674838581e-01
1.674312087652306269e-02
5.446841999570777304e-01
4.624865418038721088e-01
-1.250569910482839830e+00
-2.171418432617177707e+00
-5.309713945347574460e-02
1.301270683502228520e+00
1.850840292445809387e+00
2.257295891058263670e+00
-9.084531859031483858e-01
-2.090933493193419812e-01
-9.659292249902156069e-01
-3.607340544043325936e-01
1.874248780289651917e+00
1.446102017520691785e+00
-2.678033708830068749e-02
-7.728748967036442874e-01
1.456870296658287767e-01
-7.378356241288386297e-02
7.081578585938499426e-01
1.628981611733968105e-01
-8.341667905354255286e-01
8.310912502031144733e-01
-2.146844383187596073e+00
-2.189472587175368412e-01
-1.370930547589853887e+00
-3.011875527633764094e+00
-8.706445645031932745e-01
5.001681800812122214e-01
-1.648937812034553474e+00
-3.668154074292184763e-02
-3.739912262253171082e-01
-5.624783987994000922e-01
8.006785692157697421e-01
-4.160674248029433642e+00
9.632191185344438633e-01
-7.398096396256380602e-01
-7.453203143813494358e-02
3.634124185417203279e+00
-6.682786845305629386e-01
-1.472666199659684150e+00
8.339932016760758238e-01
-1.236254536446210306e+00
3.698397539631570474e-01
-9.295404092729764312e-01
1.120243522286114679e+00
-1.447173168514787722e+00
-2.873272884078789779e+00
1.608816138172121102e-01
-6.493843995597993191e-01
1.625168953523860482e+00
4.218903022720862372e-01
2.434910723149632250e-01
-6.134693850664608705e-01
-2.151139446819712475e+00
8.122926533742451660e-01
5.011778551226135914e-01
-5.744110231251556842e-01
-6.095542638443236516e-01
3.950852135571137902e-01
-1.760416112347729767e+00
-8.353207749646308911e-02
1.198419007700207706e-01
1.368600640157346060e+00
9.159022770990478124e-01
4.885722351954763232e-02
1.542533761594267805e+00
-1.425890819678925503e+00
-1.438367074280954672e+00
7.327029163415642588e-01
1.315606713456226817e+00
1.269788719082164841e+00
-1.227004353285541693e+00
2.027368208454691789e+00
-1.396159800906075166e+00
1.628170804458631382e+00
-1.214745256888136726e+00
-2.965243761662166744e+00
-1.061793490261224049e+00
-8.200458128600311980e-01
7.307893441221560149e-01
-6.685800962280218362e-01
1.016279636677557718e+00
4.619419584081658203e-01
-1.098180662471232250e+00
1.043950585278105248e+00
-6.341284749454799696e-01
-1.742487392985123451e+00
-3.132711720307353176e-02
-1.079000334319027976e+00
-6.175991703298146229e-02
-7.524765075819553894e-01
2.895857822711627727e-01
4.400367503206437103e-02
-1.116983257033226096e+00
-1.510177002128819446e+00
1.440880022377974301e+00
1.781409446507736583e+00
8.279643028854866138e-01
5.699353624224355874e-01
8.196435898537353104e-01
3.539606101001669947e-01
5.586881592274514086e-01
-1.368986476986513989e-01
1.549436893931849912e+00
9.171334676960679611e-01
-1.905612981890976831e+00
-1.585810391660650964e+00
-1.630816182443666496e-01
1.990771531544337503e+00
-8.997582514395995323e-01
-8.896232151096751251e-01
-1.325162551844370151e+00
-9.864055920007976930e-01
1.479919792502910891e-01
6.030593129508279304e-01
1.145370952000998033e+00
1.093377771590908987e+00
-1.783523539158235138e+00
-2.187388452037160924e+00
1.843662584227852286e-01
-1.072137525402444114e+00
9.415743424081707280e-01
1.417584256903836160e+00
-7.102917732259634853e-01
4.846916820075545473e+00
-1.032507515017039301e-01
-3.697138709671186629e-01
3.194526932868015923e-01
1.984169347487739321e+00
-2.353746269811981762e+00
1.861397458484255862e+00
-8.237757240986358642e-01
-9.495621882566369631e-01
-9.020479113584136677e-01
-2.883449950483227386e+00
1.171519885732003052e+00
-8.008684999642311508e-01
7.515432817942596655e-01
-1.253356677393865359e-01
1.543017182823108513e+00
-4.614311130234906022e-01
-8.714982660553862726e-01
1.029813274153196456e+00
-2.799250437698171945e-01
-1.604116307986103829e+00
1.086153861643939678e+00
1.136679339088069618e+00
3.116120938517229266e+00
2.178706540870450681e+00
2.930345196335171210e-02
-1.224753591939278796e-01
1.383656517717990697e+00
1.440449607395438480e+00
1.363893669583441604e+00
-1.907936432753494893e+00
9.460492371041578918e-02
1.194097830683272798e+00
1.099227109189841567e+00
2.763890375030964464e+00
-1.794358859415498664e+00
4.993627005117565187e-01
-2.405936674510474327e-01
1.910905276138325837e+00
2.701174760435880451e+00
3.396748250041525807e+00
2.250306839450678387e-01
-6.414736724990882655e-01
2.111686382311838361e+00
1.130521611934796500e+00
-2.763782127149817525e-01
-1.264744429639522938e+00
1.254187638366157209e+00
-6.082811945314934299e-01
6.343354933570016785e-01
5.045807157405528542e-01
-2.009389493489094347e-01
1.679553045151026325e+00
-1.806443278135094199e-01
5.352798126182793936e-01
-2.133655855133234969e+00
1.914543957605192304e-01
1.549013050440094297e+00
2.924986579818628085e-01
1.579019364612359866e-01
-5.718226972996250934e-01
5.630118991229004166e+00
-1.107869406690330738e+00
-1.194840200264106311e+00
-1.421016384093640693e-02
4.306451994036440412e-01
1.104931807501611241e+00
-1.904706816612831810e+00
7.104194316969956180e-01
-2.486562332728207814e+00
-4.801788390180890265e-02
4.688533272607153801e-01
1.222081942657555320e+00
-1.108723536061349213e+00
7.680667009192270189e-01
6.648701782434942587e-01
2.531764360047467299e+00
-9.219101046619894158e-01
-1.334346179320487602e+00
-2.622219441755135882e-01
-2.517235077005569366e+00
3.460756925783544102e-01
3.892113920036479602e-01
1.420075458560712933e+00
7.943935504915942136e-01
1.110970591399838669e+00
5.722094031470886799e-02
-7.435620845202439710e-01
-5.498318609302694782e-01
-7.073679065623381668e-01
6.700022178031357356e-01
7.794504771951029642e-01
4.860682942625891845e-01
-5.371552184497708771e-01
1.576972115479655656e+00
-1.016620071762055044e+00
3.546920263843273552e-02
1.030103388900271089e+00
9.137268548111807109e-02
1.148621376315797527e+00
2.043460240856358912e+00
3.837309684184039837e-02
-1.762157987966747053e+00
-2.613498166052105276e+00
2.782497584129562718e+00
-6.163339998258718921e-01
