-9.079298237100714708e-01
-9.617083889603922353e-01
-1.556027239370599613e+00
1.243530536401136422e+00
5.199125872223602229e-01
5.866522116077347304e-01
-4.042296227558881960e-01
1.330719370647475974e-01
-6.035737293463899755e-01
1.006319279743018935e+00
-1.450043291564131032e+00
5.140157872940886996e-01
-1.770797261079051221e+00
2.208845990891997957e+00
4.996860843702495281e-01
-1.814088816210172039e+00
-1.119632211075709982e+00
-2.141583586216180279e+00
1.100893471998167339e+00
1.041868230163295328e+00
-4.786035083284308211e-02
-2.601117480840524632e+00
-8.858721517788580302e-01
-1.274367353731412189e+00
1.209708244171750158e+00
-2.164862307165964228e-01
1.502564350945793326e+00
1.075630350776772826e+00
-3.049590122382419000e-01
2.058254738255992589e+00
1.851287697741642591e-01
6.801538953281949240e-02
-1.814739162990891330e+00
-1.267258184103380314e+00
-1.012869705187760427e+00
-1.105821847600312768e+00
-1.560390682359337200e+00
-3.050966026412482157e-01
1.589262574436963282e+00
5.233955671172442203e-01
-8.514469522795589107e-01
7.740126754070163484e-01
1.944606038277967741e+00
8.005651612809254747e-01
6.335000197098350494e-02
6.524351104581846972e-01
-1.958097584649861334e-01
-2.380377366008160411e+00
-1.112119791182977213e+00
1.217095081696675907e+00
-8.258607129041156680e-01
-6.239711205042906134e-02
-9.376984241059175273e-01
3.231856756823751287e+00
-6.379730442744241392e-01
4.655911897656073717e-01
-4.291683839537313583e-01
-9.420132197554875741e-01
4.522549363917498511e+00
-3.022765604916475723e+00
1.182269106199861586e+00
-1.227268289519539701e-01
2.373338845113847073e-01
5.850031653863829728e-01
1.502653182023657719e+00
2.903794369466018210e+00
1.614544035892409912e+00
3.553398148317068461e-01
4.504282388208435961e-01
1.569657734116895353e+00
1.356795021740873741e+00
-8.132194049093477428e-02
-2.022416600571918521e-01
2.070312795916955939e-01
1.390327624081008739e+00
2.767809672645308861e-01
4.846199714874836750e-02
-1.903139245883549435e+00
-9.151536877218628963e-01
-6.425770014651639439e-01
3.204443319004199875e-01
-1.427425179748290418e+00
2.420581483155703317e+00
-1.895294046194125892e+00
-1.797616691822735868e+00
-3.082794894409024433e-01
3.281781030118839926e-01
-2.541164492863043467e+00
-1.686116122399044182e+00
1.386847435885010527e-01
3.239667463824937865e+00
-1.474109500449076959e+00
-1.025714622074670873e-01
1.764182400448351284e+00
-4.056457663728831875e-01
-1.481287939589492231e+00
-2.278095565763926800e-01
-1.371231951001427585e-01
-9.187286067069648787e-01
-1.303464565514282913e-01
-8.204079182455416008e-01
1.024606308151996270e+00
-4.494548059135220486e-01
-1.706093260692020663e-01
-9.289611990388726426e-01
1.143259186481627721e-01
1.864928756220014749e+00
-8.307499835440091962e-01
1.981953165802248229e+00
2.093739383811432653e+00
-8.981805502924690154e-01
8.512215243449814395e-01
2.066640662444099608e+00
2.279469995909736146e-01
-8.889076884784039567e-01
-7.605274609473401393e-01
3.033445248578993669e-01
-3.409969631570865634e+00
1.051846372666064955e+00
1.416622303675209693e+00
-7.002295492605644656e-01
1.859953589288346198e-01
-6.743298805780854055e-01
1.136408583579065823e+00
7.979907311540372916e-01
-2.225875867441123201e+00
8.222365476156373587e-01
2.449716714144835716e+00
-1.374221889231734606e+00
1.884869070703552030e-01
-2.187688768251805083e-01
8.622192633475506129e-01
4.596362852902455276e-01
1.404627039142187783e+00
1.363312050025486277e+00
1.221282007115497059e+00
-1.418393958995601389e+00
-7.712419866560830117e-01
1.242763715302559913e+00
5.706395245789772641e-01
-9.388223802570994092e-01
-1.417597631635340694e+00
-6.580198300417421375e-01
1.768967474319507405e+00
1.415013183296079946e+00
-1.658273103821519545e-01
6.351522756251061219e-01
-1.906705458159421607e+00
2.543140776335388598e-01
1.398539888220024174e+00
-6.092628148228409479e-01
-9.424479432651682309e-01
-1.173712421674858897e+00
-6.980100171645736706e-01
1.928808743634023992e+00
-2.656891110379937526e-01
-1.283200895822680154e+00
2.173247708645004828e+00
-4.942133533140489754e-01
-5.834116582717159272e-01
4.819880208650036302e+00
3.842362910530198183e-01
-7.274018247454794306e-02
2.407469556062152183e+00
-1.048899740245225809e+00
1.872988859045226384e+00
1.433833727402592073e+00
-6.594332448762313392e-02
-2.466987263051483303e+00
5.031713369918630718e+00
2.401744560845678333e-01
6.704554157269732029e-01
2.789833573701628211e+00
-7.641695851540983853e-01
1.554376837496938002e-01
3.406807714388592756e-01
1.426969555266522693e+00
-4.355451196198774633e-01
4.951507902003571271e-02
9.856929571384420719e-01
1.849231857652702704e+00
1.676647111394125034e-02
3.696135412521682095e+00
7.505329550202017863e-01
6.897116272252667990e-02
-1.659608498601819804e+00
8.331818692829539019e-01
1.195342698919065860e+00
-9.733054059284935722e-01
-1.391094564286431412e+00
1.133876979635521032e+00
1.490947960375940129e-01
4.101148212573198504e-01
5.476441745473202838e-01
1.065317446922193101e+00
-2.986226318233808463e+00
7.252710370014711083e-01
3.260964577952455201e+00
-6.572795966013076363e-01
8.411078937959236557e-01
1.996825473159837827e+00
7.354589129659148128e-01
9.877395990622508393e-01
2.143043859094434733e+00
2.309959358363806725e-01
-1.236570600261237551e+00
-1.299528509890644168e+00
9.499422089516393886e-01
9.830911317816897199e-01
-4.828990456854872493e-01
-5.380265748426127370e-01
-9.371475297087226153e-01
4.059985868112752638e-01
1.216606121188946510e+00
3.557577488778529973e-01
-3.184855831250626768e+00
5.600374776571420687e-01
1.420282459803145214e-01
-1.114692447145289478e+00
-3.951290043121725715e-01
-2.759134103467605903e-03
1.874413905325549967e+00
1.455189352540499526e+00
-7.152348954369094347e-01
1.046112164879809403e-01
3.424106538623793661e+00
1.384770967390327012e+00
6.052559626332765230e-01
1.718084158478916601e+00
3.171551108255922014e+00
-1.265165867973732094e+00
6.573424428119474250e-01
2.057435139424040216e+00
-2.228826333270169102e-01
-2.133973000197050829e-01
-2.327053747891659752e-01
-1.271028447164808339e+00
-2.381433974928106601e-01
-5.707756173027856983e-01
6.039508668822846094e-01
9.653947014862263032e-01
-1.662783390129991323e+00
4.211627649273328444e-01
1.410355136766479056e+00
-1.306743977995598271e+00
-7.805777945459054790e-01
-1.589438082705889599e+00
9.297152238101327182e-01
-2.466987263051483303e+00
