1.920403984996503499e-02
3.179811646370609424e-01
7.520975455838625479e-01
-6.567110032363359107e-01
-5.459064340406496463e-01
-1.147844654516330110e+00
-1.230020511476805911e-01
-1.599485121171543067e+00
-5.037455538443291747e-02
5.444445882757852073e-03
-7.595052748047885771e-01
-1.112782636198158759e+00
4.912827850290908405e-01
2.221308014390910301e-03
-2.146954838624838935e+00
4.578183063640785533e-01
-6.665803197935971092e-02
-6.595863381206323872e-02
1.292780916450957385e-01
5.198240357731553907e-02
1.837424891404826344e+00
5.448587124968299333e-01
-1.315222651036439538e+00
1.780850384242451678e-01
-7.826107577174516994e-01
-6.778976627731292393e-01
9.769795938769683108e-01
7.324115744800248073e-01
-5.634009680008860155e-01
-1.064234363990727017e+00
-1.515366304043735290e+00
3.678479570353176964e-01
-1.013764192422461186e+00
6.742348360729086831e-01
-1.618162227521512619e+00
-4.620103124594843180e+00
6.575083384079973836e-01
-1.044386245110371925e-01
2.724069519375968973e-01
8.216843955631427665e-01
3.681291964501103298e-01
1.441942379942878327e+00
1.878560450160451811e+00
-9.340519734551548936e-01
-2.011745756850496392e+00
-3.026726969822388646e-01
-1.302799573601261418e+00
3.584532176216257415e-01
2.910067444110772672e-01
-2.745900670258029086e-01
2.920431411574599068e+00
-2.354430681598163044e-02
-3.592412074984510095e-01
5.845130711306512072e-01
-6.573932430956181960e-01
-2.563082363265715813e+00
2.378391695611407064e-01
6.772768668365380940e-02
-8.345931754116056034e-01
3.728444160541510843e-01
1.782552856244778772e+00
1.813022047379508228e+00
1.407067543946006749e+00
5.826079835150856923e-01
-2.309476086575563691e-01
1.962404139042554396e+00
2.223541641755970133e+00
8.469953487069956655e-01
6.767784309798863251e-01
-1.743837234290661398e+00
2.964044633426118347e-01
-1.460313014011170196e+00
-7.529858750660849420e-01
2.011689522124061824e+00
1.156125929802583330e-01
-3.824710609043041609e-01
-4.372211775725067806e-01
-2.339845595043532622e+00
-1.983870538837261277e+00
1.880510474757730588e-01
1.376434627355859419e+00
-4.787986985765319004e-02
-1.068676960382118679e+00
6.314217333874539984e-01
2.994403647325520890e-01
-3.013032913803689872e-01
-7.223992086398893786e-01
1.269961426886059286e-01
-1.316905609852447645e+00
-9.220171529582756875e-01
-5.774353231533446706e-01
3.242216700235731608e+00
-4.702789622704610650e-01
8.530909872519427672e-01
-1.829201798173845983e+00
9.813082024970061212e-01
-2.966434818244909621e-01
-1.864204327770326852e-01
9.500111691354118371e-02
9.118895642295221649e-01
-5.638558317289232846e-01
2.607952228355681079e-02
-2.228578482574139485e-01
6.076364554664122064e-01
9.900964463870576271e-01
-9.724038415127935764e-01
-3.929620715969111555e-01
-5.031774856129606066e-01
-2.127584360393866003e-01
1.060541037579743051e+00
-8.072864902173726431e-01
3.802033578319150564e-01
1.766596276742434135e+00
1.332358882861857108e+00
-1.354990793569258223e+00
9.491134057441175109e-03
7.570286508980359486e-01
-7.249234000026862912e-01
-1.703850614348333625e+00
-4.145212208516280139e-01
8.475141689857238481e-01
-2.776622381464984635e+00
-8.021058477395688335e-01
7.404177981160953159e-02
-1.212660211285735201e+00
-1.949319862849657969e+00
3.900762572741927947e+00
-1.422708778435717969e+00
-3.810763269494366057e-01
1.152419028952312852e+00
1.566754953341170875e+00
-4.921210857570773034e-01
1.184210596956736250e-01
2.015384825622481557e-01
-5.267822109664009878e-01
6.244552572295376525e-01
-9.951296748354483412e-01
-6.547601847578679024e-01
-6.769883625342409950e-01
1.096934919050513990e+00
6.600862534762530487e-01
-1.292768888977080088e+00
-6.329303406453482550e-01
-1.577776152947907518e+00
-4.536910319510184531e-01
-1.513519008126492649e+00
-4.398295391615891781e-01
-4.251791157079756189e-01
9.404451231675985401e-01
-2.123086553441692725e+00
-4.189735354785225629e-01
-6.000933989712220473e-01
1.475153333577978065e+00
-2.518451735867761165e+00
2.998993855718682155e+00
7.270489709791287947e-01
-7.132674229714597303e-02
5.275331288491242887e-01
-6.678803184696711082e-01
1.966286376292143423e-01
1.640806990265375909e+00
-6.664283572120537347e-01
8.626974705040546532e-02
-9.845501869910011639e-01
1.147552666100675633e+00
8.099093339624667820e-01
-7.462784049145336773e-01
-2.299619791627129040e+00
2.116012473274787808e+00
-3.664921741720410076e+00
-3.416020949163283138e-01
4.765129847574181454e+00
2.296891484128684990e-01
-6.850804800925636151e-02
1.545470238208576763e+00
-5.695975088032778633e-01
-1.963075135605341748e+00
6.312958634809155978e-01
8.603486603364360885e-01
7.768329607499593337e-01
3.414385734882686152e-01
-3.208585023720420537e+00
6.248413735705811156e-01
9.071796680068742180e-01
4.757618237536618278e-01
-3.069120418454978072e-01
-5.507349526528637629e-01
2.433180271395568806e+00
-9.559392263459389749e-01
-7.538641355345141459e-01
-4.056037812330732795e-01
-7.050615474079113820e-01
-2.896375971324240517e+00
-3.862131272435946894e-01
-1.652518606463841078e+00
-1.253591190743700734e+00
3.120051364612421718e+00
-6.891278575706379916e-01
-2.216419456288286405e+00
2.121680210883755135e-01
-3.316518542193698238e+00
-2.578298746567262434e-01
2.503863992952368722e-01
-6.063672568111420080e-01
-2.465241759429392943e-01
6.158236991454848486e-01
-3.592740736462253781e-01
2.592331143304709706e-01
-1.955529414941286293e+00
-4.082134592731672118e-01
-2.497892058631629109e+00
4.181405937144155871e-02
-5.981413141981259951e-01
6.677202425372181782e-01
-8.329158017777160694e-02
-8.894494929970120367e-02
4.294010486486343758e-02
4.471963297606278420e-01
-5.489711495377411765e-01
1.171865452916541761e-01
-3.034779588186840016e+00
1.699448891641464510e+00
5.444247106308532924e-01
-2.203403353560677846e-01
2.099383093809534806e+00
3.078136527530222488e-01
3.987934881670107679e-02
4.364965190495455616e-01
-8.966286719204996647e-01
-3.185981926178837131e+00
-4.829889655242550761e-01
-1.033167849602824484e+00
-3.088122372292354534e-01
2.823077361286103759e+00
1.780857648879794919e+00
-3.972297181754628759e-01
-4.975138498416258326e-01
6.051933793244805848e-01
9.852573523110716991e-01
9.580215136586495150e-01
-1.849030580703199256e-01
-4.503473998336948725e-01
-1.074844182829730599e-01
-4.714410841499321325e-01
2.324577247014609327e+00
-1.252436499912214174e+00
-3.764164586657031686e-02
-4.662911614762614843e-01
7.067791799832283672e-01
-1.341506612376193619e+00
-8.227340526983408786e-01
-7.047447505460324724e-01
-8.895573995027938885e-02
-4.852560529742528384e-01
8.644576995739149394e-01
9.230583274007683192e-01
-2.861268535589944761e-02
4.590327338629264231e-01
-6.474404043982762147e-01
-1.379058837717661801e+00
5.773235820614197600e-02
-2.413037801443080888e+00
-2.048325575809077037e+00
1.886489983308326235e-01
-3.792551008321999095e+00
