2.678977236707703602e-01
-8.982295818297820755e-01
-1.397726410875747560e-01
6.078583865658767627e-01
-2.189990883252142861e+00
-5.617642283250838808e-01
3.996483185819185713e-01
1.298239528500418238e+00
-1.258556949873124164e+00
-1.385625489889613648e-01
-2.871931191324330612e-01
-3.853160938350121412e-01
7.583032960470545980e-01
6.269266675642062303e-01
-9.714559894568541853e-02
5.756531207989033089e-02
8.956867223062408012e-01
-1.612799059020348369e-01
2.365874387984390204e+00
1.803606235971917104e-01
-6.449604055988742424e-01
-1.525348954951778246e+00
7.216350841026100138e-01
-6.842042498809808304e-01
-2.858719637279531600e+00
1.033763931633504773e+00
1.031401707303887694e+00
-4.888637162584678064e-01
4.819954312377342509e-01
9.487427143179540945e-01
9.446562533631995828e-01
4.155464161596482686e-01
-8.374560713457281924e-01
-4.640690206364377346e-01
-1.977226660993854634e-01
1.387887219119145588e+00
2.829377359367412637e-01
6.180570152561442043e-01
1.560547480216246397e-01
-9.786084920702885492e-01
2.332027833207537704e+00
-2.152241810983645198e+00
8.288202517629550403e-01
1.930347153401222871e-01
5.246380086646759144e-01
1.144707534350246192e+00
-4.763801145263042991e-01
-2.608064176521930344e-01
4.027970894185345374e-01
1.105173563237852541e+00
1.144433459998389635e+00
-8.270622509756206941e-01
6.517641304675256819e-01
1.506436165277012851e+00
-1.896459389240765792e-01
-2.502212207020668502e-02
4.273027156395912685e-01
-1.666925774816504280e+00
-2.468909467221557519e-01
-4.534036696966743940e-01
4.710585433744269301e-01
-9.986875079180351777e-02
-8.506884854920262473e-01
5.275821463626345631e-01
5.798590496056960086e-01
-4.924063902343540633e-01
6.180087925410191474e-01
-7.136288973812534575e-01
-8.759904622091873039e-01
-1.078817347665278259e+00
1.564227239851276041e-01
-1.375036532396847200e+00
-8.894006265188556526e-01
-5.012354001663398284e-01
-5.265394053900066540e-01
-7.182458363066059892e-01
3.839224695497132633e-01
7.487779702814020277e-01
8.713733436765727647e-02
-4.748483474022303641e-01
-1.342768758612934654e+00
1.001886598909535353e+00
-1.106354637634462845e+00
-1.457757589239182305e+00
-3.211268063466995448e-01
6.990364402146524991e-01
-6.760074117195102872e-01
-5.777968796184005384e-01
-1.027826988118206941e+00
5.068954999537730322e-01
-1.282746076822121717e+00
4.533137098295013379e-02
7.665051048535437284e-02
4.093264141867133943e-01
7.156367632829980785e-01
-4.879845481941263996e-01
2.974143743631872394e-01
1.626976059705946553e-02
7.416897226476927563e-02
-8.825311141062314180e-01
-2.281322010330422423e-01
-1.236885998726863889e+00
6.045540903753570117e-01
-7.884259594908049618e-01
-2.031458108150615838e-01
1.161808291376880409e-01
1.028175330266656529e+00
5.342484378514638088e-01
1.810256144541136036e+00
1.669974350954324560e+00
2.301820722485009574e-01
-3.633933829921837111e-01
-6.370126170225622886e-01
-1.081535995173329989e-01
1.486925841641233426e+00
-1.080835030056838786e+00
1.304306772844183504e+00
-1.331216321109444545e+00
-1.472112159177971502e-01
-1.541149236100769482e+00
1.619270309695528764e+00
7.710357369279109419e-01
4.006958741408329638e-01
9.497932402507129612e-02
1.469245587486797955e-01
3.258232299556157674e+00
6.273570072967808997e-01
1.373156303662580457e+00
1.049895832664289985e+00
1.382834895347894610e+00
-1.918957617093293599e+00
4.518100931543960197e-01
-6.002010541299035440e-01
-1.322924832670175077e-01
-5.278450867038676497e-01
-6.431806268132200799e-01
-2.328426018251029683e-01
4.842950398583984600e-02
-2.378157889737098352e-01
-8.867946673229628596e-01
7.358654988979637102e-01
-1.317581267287759816e+00
-1.197115238214765620e+00
1.969267500829312845e-01
-1.358437559708244757e+00
7.025601601926093620e-01
-9.696718087935612962e-01
5.944757435238068322e-01
1.129586793073227013e-01
-1.436415236253735017e+00
-5.888637075774241225e-01
-1.351708868347389902e+00
-6.209986831308529354e-01
-6.920828124620413968e-01
-4.565126252774344140e-01
-1.517645589121624505e+00
-1.620374399465627779e-01
2.947995776826771719e-01
2.858942112908683941e-01
1.495823922589092136e+00
2.542098367376870449e-01
2.703394142587738913e-01
4.290684294828150391e-01
-9.296182292167236294e-02
1.493988943849231310e+00
1.157295796780392384e-02
7.110764614272997441e-01
1.199241285263028090e+00
1.633743330858838494e+00
3.765820560429028463e-02
-9.975231893317094700e-01
6.404774172236618046e-01
4.450341933032268549e-01
1.194620073175862052e+00
7.949410405344489172e-01
8.328754020196837971e-01
-8.406552417183181802e-01
-1.914561208818594817e-01
1.008791007949651597e+00
-4.969730364974042081e-01
1.972063348927977633e-01
9.093669249613983707e-01
9.596305385531532783e-01
1.296729385727399153e+00
3.507010076915211827e-01
-1.672934529214474275e-01
-1.015354455957488966e+00
-4.009517668443620120e-01
3.169579226872100142e-01
-3.441245330853006101e-01
-7.012003536660156300e-01
-1.537531756254306270e+00
8.308131825801707837e-01
8.452528373948261509e-01
-1.365264025151188276e+00
-3.297643171876346591e-01
8.849799589786568887e-01
8.269453553188395034e-01
-5.724482878746055547e-01
1.679587925669361770e+00
-1.268196577350422016e+00
-2.068711971463587762e+00
2.434843163835557767e-01
-6.034404702159289202e-02
-1.446823230021153928e-01
-7.489385399384315134e-01
3.189675925675576340e-01
-1.919596436454345731e-02
6.649156996586182977e-01
9.347817368949293271e-02
6.748893810778406888e-01
-7.435835247946774862e-01
-5.278930824042070424e-02
-9.168667610849586813e-01
7.990119104665870386e-01
-8.011211715294651592e-01
-1.863150862403355035e+00
-3.021409378735193663e-01
-1.584364201521030635e+00
-6.103636083825768333e-02
-6.935492443325630418e-01
6.685877972559127747e-01
-3.371373305126403874e-01
2.875686680918450033e-01
1.864705736190731322e+00
-1.347074433896749135e-01
-3.188234158459690160e-01
-1.483397682124523165e-01
-3.605198310363279535e-01
1.812597423466574043e+00
1.037950948260972339e+00
-2.506744392925018827e-01
1.980383990784317705e+00
8.210412058461965534e-01
-1.386800785367948041e+00
5.491702738107127058e-01
-2.665873142080485980e-01
6.949301199645975258e-01
-1.609989864804216020e-01
3.934627986822606394e-01
-2.018456621277865404e-01
-7.804437613205809088e-01
-5.683805422236200000e-01
2.221151212911294692e+00
-1.350965391291463202e-01
-3.766731661500091199e-01
-3.125813353543054895e-01
3.378065157479231417e-01
-6.258559407345533065e-01
-4.158920317966060543e-01
7.678525420626595155e-01
1.310757224681445399e+00
-8.374666731781706952e-01
9.042201750249598269e-02
5.760708741055139415e-01
1.598766527574804197e+00
4.672805021185584828e-01
-9.163976949630620039e-01
4.761341006162451150e-01
-2.391339638444998361e-01
3.635447557321212081e-02
6.186623887821811607e-01
2.070926394731332110e+00
7.198104511129932437e-01
2.049320892038445641e-01
2.598627627402808615e-01
7.283585590597869697e-01
-7.322854805965640645e-01
-4.482339569123868217e-01
1.873970417886983597e+00
5.408342939734783750e-01
-2.501495775022004042e-01
-6.583731416216791477e-01
-1.117647321304398866e-01
1.263469967819985385e-01
1.500977365807866448e+00
-4.470240249175790326e-01
-9.963212556954645915e-01
7.419218972237827670e-01
-7.289751201250991297e-01
-8.121878163594589140e-01
-1.701811886686655617e+00
6.281665722900783289e-01
-2.462971675574638919e+00
1.288391862071121663e+00
-2.768189454888022039e-01
1.197364300681931670e+00
-2.006095345459907975e+00
-2.059503235207718955e-02
5.167164970743099994e-01
6.826071229198841239e-01
-1.204153943682762101e-01
9.243512710852600511e-01
-7.104329689484006893e-01
-1.396697221599315419e+00
-6.589389157440841416e-01
-1.387550338645475723e+00
-1.793033098592874852e+00
2.314642382845908189e-02
1.234331384065120440e+00
7.152731403114903630e-01
-2.270763633102489132e-01
5.156770796662634160e-01
-1.302630873961847291e+00
2.055443925027797381e+00
-9.367477715776707514e-01
9.518737256030272986e-01
4.541591594716998248e-01
-9.479483836474743574e-01
4.836428952731222086e-01
7.748179484072009737e-02
7.544258834255505031e-01
-9.101205039756860016e-02
1.599940343813105237e+00
-5.941115655424813458e-01
-2.050283338270113831e-01
-8.811418602606999606e-01
1.600994980984744576e-01
-2.879428685343172201e-01
1.016429961004257532e+00
6.734349321371015940e-01
4.629794270313593585e-01
-1.140531262886490982e+00
4.329007652090071101e-01
-1.919996255484248904e+00
-2.603556668236099020e-02
9.760986452260440593e-01
1.481804205059060742e+00
1.046936544998875895e+00
2.135210244102394128e+00
2.163128973533633148e-01
4.878758315880877827e-01
-6.864853552809376813e-01
9.676497323005543716e-02
-1.592499719053600771e+00
-3.099149973737763686e-01
-5.146913175979939137e-01
1.369258332664800015e-01
-1.674252299668263777e-01
-5.548483658437858290e-01
8.276695658894581697e-01
-4.496311493973869644e-01
7.740653882811198150e-01
-1.479621746873829968e+00
1.133304959156424818e-01
-3.300551554055503045e-01
-1.978328771361940186e-01
4.159047261142969631e-01
-7.708418813535640179e-01
-6.708793759127776868e-01
-8.910810187023934237e-01
5.306722480765656558e-01
1.307408123508244646e+00
-8.268990700071193745e-01
9.981071212891479139e-01
-8.136962493217564374e-01
4.043173003902020834e-01
-6.471053929188624876e-01
-7.659763825130728732e-01
-8.350258730814872354e-01
1.108065225179625912e+00
-7.790909095235903914e-02
-9.375962401639196253e-01
6.072876292733124792e-01
-2.178753656095279434e-02
-9.402596523099375769e-01
7.438106557507977445e-01
7.704776522554016571e-01
1.841882683838411694e-01
-1.013092508167514172e+00
-5.899164483290082750e-02
6.497870268401535476e-01
1.881154494207756267e+00
-6.808816554926115927e-01
2.104872279358291631e-01
-1.979597989013691106e-01
4.585198933165968715e-01
1.652215250898384724e+00
1.715192964114668595e+00
5.794177957695513248e-01
-1.380370935391202376e-02
7.776550457205803069e-01
-3.883556454206854580e-01
3.723609098961727093e-01
-2.059155957322196251e+00
-2.587469124480300531e-01
4.827411061994408281e-01
1.970981648562903921e-01
4.699095580898491886e-01
-1.800188231514884274e-01
-8.610423979142000084e-01
-2.326399108294236129e+00
9.600483179842097536e-01
7.947781249164902473e-01
1.386514569701431943e-01
1.649205656589405600e-01
-9.555181800534131575e-01
-1.657013687191040363e+00
3.100933798859059731e+00
