3.272210756597533354e-01
1.575132333716327659e+00
-1.516465713324598008e+00
1.001758880313453171e+00
5.646044170798013573e-01
1.980024385185978897e-01
-9.970445700529471100e-01
8.828157466251199681e-01
-3.549004709252658318e-01
-1.709294208316211261e+00
3.960857431862938038e-01
-2.254733877595331559e-02
-7.119300919215053591e-01
2.391939681273490825e-01
6.020382265268852118e-01
1.147419125023653619e+00
-5.467812244690384293e-01
1.125407783550460783e+00
-1.175047785437755898e+00
1.036661157162301061e-01
-3.602049220409833663e-01
-1.268999644156573181e+00
-1.091155508591106660e+00
7.133912550059680058e-01
-5.534207995479630826e-01
9.466852643226505437e-01
-6.332923684834916855e-01
-1.945191844472383136e-01
-5.693385413744030954e-01
6.519030673733119396e-01
8.067036876459203476e-02
-1.922670936917531215e+00
9.682741522349015417e-01
7.941900731689874871e-01
4.539345363382010223e-01
-5.060923696666618232e-01
-6.524662669770420198e-02
1.299441745435888418e+00
-4.827842309675961507e-01
-3.971400763517464183e-01
-1.713468835157937020e+00
-1.415957249660344752e+00
6.155146441151079229e-01
1.253768879069457665e+00
2.025782336449550858e+00
4.388767674697025556e-01
2.632712376009352373e-01
3.005624857383526471e-01
1.881877875896168506e-01
2.031147189806727926e-01
1.629729110676707338e+00
2.196043038881268783e-01
-9.611808090831425178e-01
1.807962071574065448e-03
-8.338355066281973038e-02
1.139923700119934269e+00
1.032413439974679825e+00
5.662350041041054327e-01
2.647864363498116380e-01
-8.195616560630389902e-01
-7.552569044936668918e-01
-2.473579323315747147e-01
9.689747674961650681e-01
1.678630777475887959e+00
-2.178187900240879105e-01
1.366178684415529476e+00
6.645784716011872151e-01
-2.321507625554469767e-01
-1.266226636445821230e+00
-8.322740427831779586e-01
1.900592518631299299e+00
4.345288864309737598e-01
6.187226896065202153e-01
-1.010804704040886293e-01
1.356712834429415038e+00
-6.757159424430908556e-02
8.591252379315034160e-01
3.021870195244066304e-01
3.016713690615206445e-01
2.478340584517774725e-01
5.922581726505551369e-01
-1.113461022638987608e+00
-1.320647632942983041e+00
-1.501401358375083595e+00
9.478364984878658861e-01
2.783137191387043963e-01
1.494080236881966339e+00
1.295390730965595649e+00
-1.384520837432321461e+00
-1.189610289885403960e+00
-3.383598592049085196e-01
8.622349746300080886e-01
9.397546136940864159e-01
1.732240616794153309e+00
2.741119402438531583e-01
9.401606151347002838e-01
-2.307197077782163763e-01
1.286597714221932032e+00
2.282077448370120887e-01
8.699542566627909146e-01
-1.671857299987523637e+00
1.009677731007153634e+00
-2.623846201004775280e-01
9.140938851644513086e-02
1.645682225035846713e+00
-5.510957770062737682e-01
3.952029502224396751e-01
1.651193385280959602e-01
-2.815262793916395445e-01
-7.279652398620370946e-01
1.309786100755977234e+00
-3.571992295933050232e-01
-2.809371839741276466e-01
1.876351316861434304e+00
-2.482305989040802796e+00
1.340893238006915233e-01
-9.280877642660093629e-01
1.465242112028201760e+00
1.597356747275040512e+00
1.482170647757863557e+00
-5.005917297153388290e-01
-2.013543460774656069e-01
1.403424452695298530e-01
-6.631185284977293426e-01
-1.106004742503782667e+00
-3.253028984198738094e-01
-9.294374466358101827e-01
-1.104696957255199896e+00
-6.388309566371597192e-01
-2.013558815007682468e-01
3.043631288248066502e-01
6.956357946768425560e-01
1.633228306451103146e-02
6.408641305656044389e-03
7.543730120090650360e-01
-1.665871360042432414e-01
-3.203923888394474284e-01
2.870025869524585049e-01
-1.006750793099135288e+00
-8.068151134323144902e-01
3.657095954387497572e-01
1.578193624674419926e+00
9.143508328180599554e-02
6.841046139742819054e-01
-1.262501789718165068e-01
-1.294170749900539485e+00
-3.606612044066754841e-01
-9.276031744084870523e-01
9.288177832838819814e-01
6.707288448878664378e-01
1.007345434282061136e+00
-7.990220055197065629e-02
-2.768277107656196279e-01
-7.594484011215583141e-01
-1.207120478297132093e+00
3.851222610086250109e-01
2.556521338362240048e+00
-2.743312771552551266e-01
1.475569597694264434e+00
-1.025061558839704068e+00
5.276390239660471160e-01
9.187467355567308092e-02
-5.038262446184157417e-01
5.169861560768699293e-01
-6.247323575349073010e-01
-1.992336527318795403e+00
5.296100169377618849e-01
1.187931692399897710e+00
7.066347493918100353e-01
8.210756667163234823e-01
-2.925179060488579674e-01
-2.367244317624308536e+00
-7.135583884946882227e-01
-1.162085279498860230e-01
4.039509496679959955e-01
-1.313233735167061766e+00
3.622280356548309155e-01
-1.360054745348483030e+00
4.932422611562575776e-01
-5.098502277576030250e-01
1.475262185130415515e+00
-7.191133102446516379e-01
2.214864781715480735e+00
2.550580422239390188e-01
6.648725162223635687e-02
-7.392018450132098462e-01
3.173143371764511333e-01
2.120256695272206393e+00
-1.087897176394873267e+00
7.246109133169243988e-01
-6.976737924723593887e-01
-1.900701474932011692e-01
-7.056133529612969024e-01
1.037855558416013402e+00
9.111786842154747657e-01
3.144231299051679085e-01
1.407870971124743908e+00
-9.463877578435528903e-01
-9.163751704506746532e-02
1.217308554209197924e+00
3.078664102274362296e-02
1.657071998576458149e-01
-9.881454993377040141e-01
1.909824303221706598e+00
-1.315055082425358401e+00
-6.702181559316844339e-01
-5.788889153024128209e-01
-1.781320442911535629e-01
3.051150018083942927e-01
1.328598057744032612e+00
-2.017076923087596008e+00
1.461574727501410598e+00
-1.065057974779364702e+00
6.029393184769638037e-03
-6.921204359899383318e-01
-4.864971897601069739e-01
-1.018846509032796721e+00
4.862211631563235770e-01
-4.159170328390457416e-01
6.646943833736624896e-01
-1.164649355926175578e-02
-2.939602478107998795e-01
-1.211157420415300390e+00
-6.875194953594248037e-01
1.246474565431579418e+00
-9.816277431034295953e-01
6.166566768571883905e-01
4.868201739778117432e-01
4.206862970176550309e-01
-2.036927727723181203e-01
6.722642310438394775e-01
-1.021963615895977062e+00
1.748203276813062590e-01
1.603961003825841614e+00
2.098705883770474456e-01
-1.129177804019228848e+00
-2.031380575837045122e+00
3.505302612017937580e-01
-6.795536101032644272e-01
-1.014577049055936708e+00
3.232303820381124959e-01
1.254329628072278879e+00
4.636691369210800273e-01
1.955318689819790068e+00
2.159872195652976640e-02
-9.924936805117966498e-01
5.826692247537514913e-01
-8.836680419344784543e-01
3.791483035122860112e-01
-1.033816836901412684e+00
-7.953984082782890319e-02
9.407204040565362302e-01
-7.568048403792175804e-01
-6.174933205629467015e-01
2.530542100772740888e+00
4.702220267166248857e-01
-1.483385459301094444e+00
-1.715329668825277265e+00
6.415992994699154517e-01
-2.530649246777987305e-01
2.651970752448847279e-01
-1.555804273377283886e+00
-5.769976287446890173e-02
6.762050271453823314e-01
-2.114594868532381433e+00
6.133552745833155129e-01
7.418915216886092789e-01
1.224076580463319575e+00
8.601640487722921335e-01
-5.391492786127251025e-01
1.723324901634862183e+00
-6.095060550525026599e-01
4.106939664794928557e-01
1.577935058465949503e+00
3.461802361433233832e-01
-8.067605605208175157e-02
1.051093818591482265e-01
4.497394810977713986e-01
-5.044533099278620814e-01
4.778563692583632783e-01
2.110888987383033669e-02
-4.361239247993525803e-01
1.606269173644343740e+00
1.200073468809174315e+00
2.092499810874534738e+00
1.392370646247919730e+00
-1.109920682694516270e+00
-1.118418100619885010e-02
3.766743832618665855e-01
-2.844921760759859253e-01
8.272196613167568380e-01
-3.009656706582713448e-01
-6.446515146193674273e-01
-5.503740502181864863e-02
3.536479128328175459e-01
6.274455050589432537e-01
-1.339279895201525905e+00
7.947029719466204289e-01
-3.079318895496235831e-01
-4.071792688719643727e-01
3.438254577291378622e-01
-1.143255767111051036e+00
-2.183234965785264325e+00
3.552998684614530056e-01
2.478890310819960655e-02
-1.699321284421310418e-01
-1.836401345322111467e-01
5.671097700442336853e-01
1.120902921853760725e+00
-8.008987958492317372e-01
1.264249590499778142e+00
6.928411306878707876e-01
3.708104919045858150e-01
-5.750523732063999027e-01
2.249736616745048767e+00
-6.654935243070891904e-01
-1.895916579731287965e-01
-2.337437325311300662e-01
-2.739564148356903872e-01
-7.818292719944467395e-01
1.406806853696065174e+00
-8.248529427568183081e-01
-4.004358071785322770e-01
-7.458772263587893914e-01
1.147525680746897425e+00
1.993610947803157174e+00
1.994124791869007929e+00
-2.190404846486015689e-01
7.679579153112413292e-02
2.113945777271430404e-01
2.431868920738585960e+00
-6.236738907182526326e-01
3.643664096937586638e-01
-1.247116699671855899e+00
-1.219046134365084529e-02
-1.072019936346396557e-01
8.366320943409085720e-01
-6.866088602330705504e-01
2.185684017247846445e-01
1.360039707752804361e+00
-1.361663121757990647e+00
9.825979317672767221e-01
4.127626731535052329e-01
-1.971919125020353158e+00
7.666807016151765408e-01
1.187379756884979543e+00
2.048166159457167068e-01
2.381415996275013214e+00
1.243228827091268140e+00
7.075982253676333933e-01
-1.188542849448636085e+00
-1.805161946600237766e+00
1.025432380839669477e+00
4.050427540943168925e-01
1.332547736309197886e-02
1.118880318082693615e+00
1.459918813382010905e+00
-6.973002237809127202e-01
-1.613598824255760178e+00
9.656365707022227518e-01
4.264404029885133368e-02
-2.342228834272644944e-01
-2.296876106756455260e-01
1.035684896616639206e+00
1.808618514526422194e-01
-1.921966842519335694e+00
8.503046611185850479e-01
1.901453986590731504e-01
1.224953487661191831e+00
1.240129866956948490e+00
-1.746658038369418353e+00
-4.874274258690904915e-01
4.125762635220774355e-01
-1.830185497162405195e+00
1.090006767897377493e+00
2.170121140340539156e+00
5.141860753844126330e-01
4.901858383874931335e-01
4.212895746239535000e-01
-1.881324203513937920e+00
6.289791234289361377e-01
1.220455892575833534e-01
6.315481155172220085e-02
4.383300708680623603e-01
6.194388151260289410e-01
5.594335015091365104e-01
4.917350310204985364e-01
2.721541874063728716e-01
-3.298553166097742406e-02
-1.156597934518084125e+00
1.511287437906155828e-01
-1.791196294201419903e+00
-3.483612419762547319e-01
9.787712556337657688e-02
-1.203189257682137470e+00
7.181720280914399845e-01
3.986642603444395805e-01
-6.672962109122526631e-01
-4.498030941587717879e-01
-6.122531790203471491e-01
8.521158182131889636e-02
1.202515033708370235e-01
1.246691204358542970e+00
-5.015032363380740321e-01
4.953586404764721007e-01
-7.560651715646452553e-01
4.876240887538678404e-02
2.983507452287954553e-01
1.806271813695608408e+00
7.073203700845065445e-01
-1.357724018812433708e-01
-1.512141984690351437e+00
-1.225235856336224005e+00
-3.359027888702972309e-01
3.734129631047258813e-01
-1.188732230061807282e+00
-1.673516374249729211e+00
2.849903499418578456e-01
-3.786852492859876240e-01
9.971134913021713064e-01
3.588515594637231021e-01
-5.570942786447478090e-01
6.964613889813228154e-01
5.282706878650090809e-01
-8.701374983994903944e-01
