8.496306290845319353e-02
6.755311238119965367e-01
1.666580905275675040e+00
-6.178829238750233044e-01
-1.112701753550713768e+00
-4.363351955163201623e-01
1.158359797344211461e+00
-7.979425392188543853e-01
-4.599697081322154935e-01
-6.549672350947415289e-01
-4.183735791232856549e-01
-2.256005598439583260e+00
2.150535773938586193e+00
-8.193874729472169216e-01
1.194841997064423733e+00
-3.394344426657469604e-02
1.287340681487987526e+00
2.993191897244964483e+00
-6.780844647641609546e-01
2.377915591546680973e-02
2.854962506314291382e-01
4.391125863634267601e-01
-1.873635795496874756e+00
3.044084036801349424e-01
8.770172716006480185e-01
-7.010912485827462959e-01
1.599209999396357329e+00
-5.320896076254472140e-01
-9.748900199646557407e-01
-1.158020481806790181e-01
1.503517406666758260e+00
8.717164142444571162e-01
1.846534610558090872e+00
-9.702455092480766208e-01
2.772467929113064250e-02
4.359824521144027853e-01
-5.990132576533597764e-01
-5.217559872531662979e-01
-2.061139030355944868e-01
6.659895105631761236e-01
-2.033872264278065334e+00
1.314758870857043460e-01
3.762270977484830081e-01
-1.765704988599762659e+00
-1.093561061808590251e+00
-1.609137171313545389e+00
1.998906494492258101e+00
-4.557948565029721344e-01
7.833415536255297074e-01
-1.234423047044368893e+00
-1.154964007304972728e+00
-3.252607444919273227e+00
8.104216719019177173e-01
-2.711967373535720149e+00
-3.561508863394179381e-01
-2.172263470544070429e+00
4.238037676200787196e+00
-1.977394877743931634e+00
2.914274995239240496e-01
-3.109957324058960637e+00
-1.200088620496427172e+00
8.522284502153338881e-01
-4.784956482791234422e-01
3.066682818058211968e+00
1.427062007268995458e+00
-8.913129942682512796e-01
1.073016519639882871e+00
1.184104691093714301e+00
-5.325352539049099665e-01
5.928962339816519211e-01
6.755124186873942005e-01
1.171479452027866186e+00
-1.688668372007464225e+00
8.407698850946371261e-02
8.224588048669765339e-01
6.595795738336890368e-01
-8.204221504563092848e-01
2.237050363323982882e+00
1.879852317042078447e+00
-1.088697030109653241e+00
-6.159805653519836444e-01
-1.188934344858010750e+00
3.176424449425463425e-02
-7.191805793398092783e-02
-7.792377010077178312e-03
-1.768745611956711539e+00
-8.223064548054845879e-01
8.499404024019050485e-01
-9.742287990889579863e-01
-1.273031232236490506e+00
1.839916949578590089e+00
5.445203381132577292e-01
8.018867912912259754e-01
6.534320939738478273e-01
-1.592731265992079370e+00
5.884823533682793650e-01
-1.687105188025171953e+00
1.162270638216419405e+00
2.078976815078602769e+00
4.310495739553352190e-02
1.313204172187835361e+00
-3.193979674208227149e+00
-1.121460804737874906e+00
-3.021336133624265230e+00
-1.229320839508309948e+00
2.168805722497111788e+00
-2.198126940050394662e+00
-8.742080137371563975e-01
-2.088645500235871977e-01
-2.334063972120329344e-01
-2.420335655461325897e-01
-2.268805685255786742e+00
-1.237089495982557796e+00
-6.771614686514213499e-01
4.995990423816418780e-01
-1.295524640817340201e+00
1.665925001103119030e-02
9.489610443984251020e-01
6.736917022633984731e-01
-2.887521145855802551e-01
-1.336892272879889543e+00
-1.764674403234634537e-01
-1.237681637386992772e+00
2.556836140086260478e-01
8.298789553801326768e-01
-1.223179696219141022e+00
-2.313417934608728022e+00
2.513589679592317161e+00
6.799015428575232445e-01
1.268645632880537999e+00
7.910913335142395475e-01
8.174624476505567561e-01
-1.461332670324891003e+00
1.267950848979463307e+00
-3.760406736038869990e+00
-1.441833433569662537e+00
1.295589774379669823e+00
9.173058887893986713e-01
8.611731806820638324e-01
-3.932382006590836032e-01
-1.232257270382028091e-01
-1.821870874275997698e+00
-1.550871193403565496e+00
1.363738668130685783e+00
-8.411951204107412927e-01
6.817112470804553848e-01
1.227458000858672849e+00
2.618086136767155292e+00
-9.162818894417606996e-01
1.484030613990016123e+00
6.921145568409889925e-01
-1.220818317267392095e+00
-2.661914973211617852e+00
1.813979151549110824e+00
1.831800137096561976e-02
2.690425087947977412e-01
1.621333846938677770e+00
1.977206608283692990e+00
2.194417184396161957e+00
1.644383961391788107e+00
-1.126811825084620411e+00
3.785690192127763032e-01
-4.752920674459492067e-01
-2.062692146634250268e+00
-1.501629023118645989e+00
-1.283189788145667531e+00
-1.174771382818331489e+00
-1.143532792470226822e-01
4.617115349888095133e-01
-7.523197057480837113e-01
-1.023147038878385429e+00
1.061559298612635871e+00
-6.612305372257156755e-01
-2.236621027458740141e+00
-1.771225368676618395e+00
7.887032732098768484e-02
2.569276098150557797e+00
1.503577963738308432e+00
-1.734856323194913230e+00
8.093470689381297989e-01
2.881225453003778192e+00
-3.137773872464033609e+00
1.044608538376195384e+00
7.436857078949172806e-01
-1.516566253068584835e+00
-9.544359021957626865e-01
-7.772490984522372193e-01
-2.112966061647107097e+00
4.456702186551806527e-02
-2.353092395451753749e+00
6.033549846665916538e-01
2.548445718343502087e+00
-8.108983588210665339e-01
-4.754330644577237086e-01
-1.550827252892621466e+00
-1.958210100883317484e+00
3.992251101215865461e+00
1.422234420314313796e+00
-1.544080752648759214e+00
-1.845675109981376627e+00
1.190034592776627376e+00
-1.833543141667170362e+00
-1.942209527100378086e+00
-9.396145289762847241e-01
-1.463887779823837665e+00
1.440548754959305011e+00
5.925835422614968984e-01
-1.572292664022905795e+00
-1.458749102743057469e+00
-9.162266682045170363e-01
2.109980578440665555e-01
1.280879885237290683e+00
-4.659748567543811060e-01
-1.242701880305914663e+00
2.686536741701761599e-01
-2.487232503368408398e+00
-1.580340673244553032e-02
2.580491418117896174e-01
-8.990565481698320482e-01
1.340072103308550755e+00
8.489215346509102478e-01
8.397797586710997741e-01
-2.221620876465197625e-01
-1.017739359939735522e+00
-2.701396304199392140e-01
1.492497570483025893e+00
2.240734878621576609e+00
8.741556418411949858e-02
-4.715171511530149573e-01
-6.268313053394314327e-01
-5.646804305907153765e-01
1.253046658270706160e-01
1.607688353730434727e+00
4.011847181685903152e+00
2.943534300844106166e-01
-1.226519112572796999e+00
-9.874410225973198063e-01
-8.132726095258768773e-01
1.135683658950140451e+00
-2.671137434759994989e+00
1.236863113274149661e+00
4.272591834474557815e-01
2.907752212656527391e+00
1.850270242362713979e+00
-1.709516331256901722e+00
-2.647020591664874245e-01
-3.877734392470684188e+00
1.317188677955152931e+00
-1.583960387100145639e-01
-5.880851036914469532e-01
-8.694299476696916162e-01
-1.143810472288575353e+00
-1.223680024240432429e+00
-6.701497747861566712e-01
-4.237617934809952414e-01
2.519849392025677925e+00
1.399030307230260339e+00
4.543153899895198689e-01
1.216561542301195731e+00
7.584488940400798684e-01
1.156254225128469759e+00
6.694509585346339886e-01
-1.678590502584088817e+00
2.445269858400625829e+00
8.758115483231664333e-01
-1.269659944734059742e+00
-8.310686309259862625e-02
4.598400275206917520e-01
-1.113742365771936749e+00
-2.236458552341468398e+00
1.575981280065031909e+00
7.781380925920869940e-01
-1.793561092648260358e+00
-1.050728530818996864e+00
1.385171993351181241e+00
4.508575052781228498e-01
1.237722964138423531e-01
-4.341427571827294329e-01
7.529655178604096610e-01
-4.438424320999986294e-01
-2.239365767905594939e+00
-1.415922400208238452e+00
-1.385530419912449629e-01
-7.994311232133655132e-02
-6.172898843788310330e-02
5.223984390018926449e-02
2.116543774710933690e+00
6.631163921966855002e-01
-1.433972030611026849e+00
-1.832031652137734667e+00
-2.608341661111375220e-01
7.667431556958832495e-01
4.872649991031664518e-01
8.638537592709143453e-01
-1.762010808665317452e-01
1.033519851100016318e+00
2.640687141143931438e+00
1.484115345416333165e+00
-1.120344624537167544e+00
-5.836795130047335300e-01
-2.966788760028787331e-01
1.039266103082444381e+00
-2.771263601388339048e-01
3.303856926508527692e-01
2.807292683946811529e+00
2.378370630085557380e+00
5.749176828791132676e-01
-7.143325756422207462e-01
-1.153054776688809957e+00
-1.491003725094387777e-01
1.287706276398260075e+00
-8.442978510479000054e-01
5.655183542492863147e-01
-8.344091252310804618e-01
-7.176638187676369629e-01
2.713794391071564949e+00
1.128038534110303720e-01
-1.416287317623644348e+00
-2.071697636385303021e+00
-2.936487378623158229e+00
2.116657038284124326e+00
-1.337447549387750900e+00
5.753534997033450393e-01
5.043160641066222194e-01
2.908233936595455038e+00
-1.424323477362025914e+00
1.483413649167109050e+00
-1.783460579849520222e+00
7.391725063270085938e-01
-9.629799587325190702e-01
-5.726680386787630361e-02
5.061396295456271899e-01
-1.000700772106902336e+00
-2.677722445157201481e+00
-6.976702816420309317e-01
-5.369714109702336535e-02
2.812902179992172069e+00
-1.025901143975070928e+00
5.639204194488242061e-01
-5.127263070645041720e-01
-1.058568650517115906e+00
7.974117091777502830e-01
-1.189407038289014285e-02
-1.765322632257789293e+00
-1.835785944732329700e+00
-1.904633937939611776e+00
9.373759159812500297e-02
-2.331491441041247115e-01
-6.724267714940607155e-01
-3.297789137313502206e+00
4.826042401786572178e-01
1.719911534409731768e+00
4.363667650285720234e-01
-8.040932242566354304e-01
-1.004421137845103340e+00
-1.923259512778753566e-01
-1.013838076577957548e+00
4.821823318398588132e-02
2.855308223752064389e+00
2.663293788110504545e-01
-2.924490190519869692e+00
-1.726283726440070110e+00
-3.419793115045482779e+00
2.334523613492933247e+00
-9.341287970161515908e-01
-1.194594460261115820e+00
-7.112791199894876737e-01
-4.946584422283981097e-01
7.607986259512402594e-01
-2.845023322698936319e+00
-1.276364525646826564e+00
9.399601994682208472e-01
-8.608866647068369460e-01
-1.057378312664003062e+00
1.140409423445432058e+00
-2.288816151285726797e+00
-2.691109333006121429e-01
2.186922332672618374e+00
-1.383580835941468301e+00
1.611998010963177630e-01
9.521076387694970000e-01
9.652353298350441202e-01
3.491211037702823261e-01
-2.580633558139986961e-01
-2.156332381917770435e-01
-8.975546578120292551e-01
1.463019308122936568e+00
-1.793226802628994587e+00
-1.412910669353995452e+00
-1.615140933873512541e+00
7.451422915559818838e-01
-7.951447859353910630e-02
1.205082688567694849e+00
-2.031564446871423790e+00
-8.711430336838017485e-01
-1.810044257772501552e+00
-9.981369297055109335e-01
-1.105120140927379063e-01
-5.637217799483873470e-01
3.766525092279245923e-01
2.017538190548540111e+00
-1.436320571079576780e+00
-2.895708249685918112e+00
-7.835512803104770496e-01
9.276656590093986798e-01
9.634332161253587046e-01
-3.023723497836876550e+00
-8.999746000946369229e-01
3.208296123465482097e+00
4.289797206700803889e-01
-8.660586704587924789e-01
-6.184010103846254713e-01
-8.673080361911014724e-03
2.461293260006393702e+00
3.678056105146678689e-01
7.033541316661883203e-01
-4.615444349523628587e-01
-1.263622027910858536e+00
4.386467513409308960e-02
-2.503989927753694111e+00
1.293755980457733656e-01
5.258241331328822321e-01
9.330722362803648418e-01
-3.112102298813014034e+00
2.624075070244782815e+00
-2.344944867229506347e+00
2.968483132832953064e-01
4.439612052383206664e-01
-9.576094006344052501e-01
3.030151813945447525e+00
6.046168669076597002e-01
-5.499573114877087665e-01
-2.622647693794538881e+00
-6.062553740511646833e-02
2.929416379665976677e+00
-2.348861917867549609e-01
2.528113224340728493e+00
-4.966235059921692008e-01
3.641546079448654716e+00
-6.092468748805156542e-01
-3.724002796913339353e-01
-2.945352325868127341e+00
-1.540520789389967948e+00
2.017408004038814706e+00
1.362224470266485632e+00
-8.194162342379992525e-01
4.178119628549915587e-01
-1.737381160828285864e+00
-9.222081304377944821e-01
-7.331492871752410823e-01
3.426041824221570109e-01
1.362006193622334216e+00
-1.772409526131208946e-01
-8.629968426178123986e-01
4.743823368930753515e-01
-1.882180054666353186e+00
-1.640985987588184480e+00
1.041942281007458782e+00
-4.757799911100433210e-01
-9.710029497227525841e-01
1.193795255151793633e+00
9.730341840367877637e-01
7.820792466224306683e-01
-3.486303611232850486e-01
2.995928710663700478e+00
-5.072133231564627254e-01
-4.237498602299389905e-01
1.188984159528993167e+00
1.543081117601780239e+00
2.897187211518196470e+00
-8.002185697696215239e-02
2.210950445740207826e+00
-1.186539873869645878e-01
-1.374226002331814467e+00
-1.737045600902422438e+00
-1.093029486774443226e+00
8.205993173063839130e-01
3.160268820534228862e+00
9.538474679219597352e-01
4.643334823030784708e-01
-1.307504423838425911e-01
1.035059255434132020e+00
1.048911863264736732e+00
6.172557072376013698e-01
-9.566431184557976364e-01
-2.577440006566402708e-01
-2.783067648523946391e-01
-2.954408550831649549e+00
-1.130024332435031198e-03
-4.220881060962897724e-01
-1.006534219504195304e+00
4.871234444215593040e-01
3.414702942652601547e-01
-2.691262834379254398e-01
-6.907603369568869889e-01
-6.585394597560814134e-01
-1.122597998896291971e+00
3.472577162904871839e-01
8.955353356834621081e-01
-3.867051994039406360e+00
1.166653173673595445e+00
-1.178727282113811170e-01
-2.574930236745140100e+00
1.472317292448576342e+00
-4.559890952853732360e-01
-1.852005460883620280e+00
-2.668001219598754581e-01
-2.022889016903108406e+00
1.390360274996887135e-01
1.639152464503758955e+00
3.038154076508236656e+00
7.489905946589654473e-01
-5.250669219864688708e-01
-1.001701458401809131e+00
-1.200730298113472205e+00
6.661051037031557875e-01
1.507286362745312580e+00
-2.254712884933969541e-01
1.348758612588998762e+00
-1.692830909961994701e+00
9.352067241135231246e-01
1.786068134658327811e+00
-3.140558433764848001e+00
-3.173769807993581105e-01
2.245526861915255745e-01
-2.185546702544762243e-01
-7.677312357020046329e-01
-1.498007584100567113e+00
9.380831431795242370e-01
2.746217929837990734e+00
-3.047943346147436450e-01
-2.847552733971846717e+00
2.864626097141602656e-01
1.916413681068178665e+00
-9.786887913609521039e-01
-4.920868153742694595e-01
-7.183243896420763441e-01
1.187566931022102201e+00
-1.816053047545744592e+00
4.002857302725610911e-01
7.676505467360991153e-01
-1.351672507412733371e+00
2.480852467343891699e-01
6.461324699904046343e-01
-7.889882429489158966e-01
-1.315133567850034213e-01
-5.686857610204667512e-01
2.891839896309792657e+00
1.301075325623387291e-01
3.772359570384542504e-01
2.038385559443733452e+00
-9.986624031805558799e-01
8.288668824932923229e-01
1.102921071782123619e+00
2.961447722688461237e+00
-8.040262307863438318e-01
-1.729567987711502663e+00
-6.855191764176293834e-01
-6.070171492804370406e-01
2.791506499550571618e+00
-4.141889921138375286e-01
-9.698872439149901492e-01
-1.441385236610973619e+00
-1.434828231589005965e+00
5.628058951836298895e-01
-1.267468055045867015e+00
1.667684962816326166e+00
-1.064035481884039624e+00
2.845321937348767039e-01
8.492305111419121699e-01
8.875185676390727751e-01
2.906399823429303697e-02
-4.498233327099430134e-01
-4.881643834630383649e-02
-2.283581037702898942e-01
6.284400439489756796e-02
-1.495596842514799407e+00
3.038323882318567648e+00
-1.745697123000621076e+00
-3.854516165729781285e+00
8.847058602177990672e-01
4.897155143350335749e-01
-1.621598710952602218e+00
-1.202731127871188743e+00
-1.670855912202796612e+00
4.576275538347196470e-01
4.555954309230531574e-01
-5.762668272238625766e-01
2.840154835239206754e+00
-1.886323984031639034e+00
7.331781635104328565e-02
-7.881867011245656807e-01
7.846537412512244458e-01
-3.300527948139912127e+00
-1.048353187353415095e+00
9.305511050979429211e-01
7.517054301951673345e-01
-1.981832206229757531e+00
2.872916285672264980e+00
7.746269943326898888e-01
3.507208821152515976e-01
-2.981991086123423340e-01
-3.536244054399309000e-01
-3.567850536129319128e+00
2.121349161961465946e+00
-8.635422986288980862e-01
1.054676355366844120e+00
-3.816844211292862443e-01
9.393361036153360932e-02
6.362880350481531222e-02
3.659182092309766876e+00
-1.183998814562420510e+00
-2.455617740206533117e+00
-8.641600671519228394e-02
1.649201714217781278e+00
1.819002617334451566e+00
-5.451453300487247855e-01
1.030687629749876821e+00
-6.328663578145443669e-01
-1.000265737546824685e+00
-7.956337891181546329e-01
2.523437149322933060e+00
-6.056767124477036024e-01
-2.928319760328359500e+00
1.090128769382542551e+00
5.053758967770738408e-01
-8.031637800388896631e-01
-4.908331943843257106e-01
2.149451814355560320e+00
-1.671475284744679213e+00
5.154637482674355731e-01
-1.051033563408896532e+00
-2.065356724201762306e-01
1.963028767167729061e-01
1.160239380210499327e+00
9.925910656660155151e-01
-2.713742292918421284e-01
-1.265927549058993407e+00
1.077190593267447927e+00
1.607131104122494270e+00
-3.197432921869576283e-01
-2.151726072861292138e+00
1.763557051340389314e+00
-1.765466991110378192e+00
1.752359223769451635e+00
-2.527288801153504405e-02
1.453082468367142832e+00
5.590035469064218443e-01
-6.019881994167819439e-01
