4.238822370511293514e+00
4.863300494549984698e-01
-1.501490051137733372e+00
5.854869724387995467e-02
-1.474356594243021013e+00
-1.651013116408619752e-01
5.068778145141710212e-01
9.021038964769553248e-01
3.504572008547717665e+00
1.114493954878084114e-01
2.360919957098267741e+00
1.108026393752405303e+00
-2.537930457960164254e+00
-9.997756381497779898e-02
-1.259943444386800504e+00
-7.874473539373686437e-01
1.229650557900062058e+00
6.530205560727704306e-01
2.340132289530145293e+00
3.161522070438913978e+00
6.619787859594055135e-01
-1.338209051238174130e+00
-1.577266825742338341e+00
-9.962683747752794083e-01
-1.592492809860114544e+00
-7.765941241037526144e-01
9.236813752228253960e-02
2.586660336634197255e-01
-1.749987738525251135e+00
-6.327653069179777212e-01
-9.573770012712419231e-01
-1.498686362368724989e+00
-1.116076646802563355e+00
1.360389838590797096e+00
1.213329250400208004e+00
-3.424265970210521592e-01
2.558344603893918379e+00
-3.148399929967008681e+00
-1.680790625059392251e+00
-8.181933394568254858e-01
-2.069990194163058295e-01
-6.593778871065300029e-01
-5.213257663539123676e-01
1.562861815574392077e+00
-2.244411395157508426e+00
1.244110738391416060e+00
5.396824076867484665e-02
8.395488866362812441e-01
7.686929515191730511e-01
2.132156626716847914e-01
-3.545572137569266147e-01
-9.491002605218263888e-01
-1.921179362516175493e-01
-2.019368616699203312e+00
1.870029152529481653e+00
2.244540919278377733e-01
8.612488064135536137e-01
-1.784199382626339592e+00
2.621364009977681375e-01
1.964597645750033816e+00
2.048563573138928007e+00
7.399160722125505130e-01
-1.542000221983589325e-01
-4.174208857053235411e-01
9.329524715351827924e-01
4.888997301246290061e-01
-2.824349692090454056e+00
-1.845614758169524583e+00
-2.522334793815553589e+00
1.508609994410434751e+00
-2.260626579465302211e+00
-1.975271869504866995e+00
-7.088680592000743408e-01
-2.526425071483289209e+00
-2.752379998162298946e+00
-1.591962389779699727e+00
-3.738101781460737016e-02
-2.260061848629042469e+00
1.663087078363663318e+00
-4.890903941644335062e-01
-9.340909185216847987e-01
-1.011833709546705595e+00
2.967086518084812718e-01
-1.118551187468407981e+00
1.649571919305868439e+00
1.446801873213714895e+00
-4.706096648921919146e-01
3.516163108147435379e-01
-1.479735800429923920e+00
-1.237850560935775057e+00
-2.052818705942626165e-01
4.438735939506485706e-01
-7.968418273675788033e-01
-2.227088957044381701e+00
9.642319890178661090e-01
1.646639609691801898e+00
3.763735813597468560e-01
-3.654801335298768716e+00
2.788189101214025634e+00
8.749465918588412994e-02
-1.158628294140347584e-02
1.431461460944214004e+00
-4.760984381146963207e-01
1.943559453553367899e-01
-1.236181296158168852e+00
1.140900277581939681e+00
8.047599590266051317e-01
-1.093880289476618417e+00
