3.049479677880765349e-01
-4.395290182672288992e-01
-2.164134578731511382e-01
-1.743436067897268238e-01
1.874471850379315851e+00
-1.439644952745875450e+00
3.092021221884236892e-01
-4.262046003941555306e-01
-8.410661342504350824e-01
3.116622220014555467e-01
-3.853272023922035272e-01
-5.218576817398499212e-01
-9.327502023624778538e-01
-7.062036046221267238e-01
5.143416990687895707e-01
-7.506880597290588319e-02
8.080308980028430010e-01
7.397933190596479580e-01
-8.133603295149285373e-01
1.017489963996831559e-01
9.986021301412366658e-01
8.784578846171908761e-01
7.475549639743221952e-01
7.712481227382472770e-01
1.590510301658230041e-01
-6.170288520109785679e-01
8.396765952573517211e-01
-8.474957355839671802e-01
8.097857183134047343e-01
8.847171415888002155e-01
-6.910744418142311662e-01
-6.915838249703958329e-01
7.123744555635604936e-01
4.427450664127485780e-02
9.492057659754202792e-01
1.221773209346577183e-02
9.512680844710821315e-01
3.011483405813331071e-01
-3.819547902955826579e-01
-9.001218046252179583e-01
3.165468022303783435e-01
-7.158984163393584677e-01
1.777561543275598677e+00
6.259397748237431891e-01
3.677069624647832935e-01
2.088014271448512815e-02
-7.077250897817832787e-01
2.632869037099496712e-01
-1.706443368658183690e-01
2.179036297603520467e-01
3.905964747617887145e-01
2.522383158317289542e-01
4.232113416138671980e-02
2.266108699020479289e-01
7.719946259964416413e-02
5.538271714246900679e-01
9.558920310146958865e-01
1.093792988432797930e-01
3.632016245170344160e-02
-1.734661079419679286e-01
-9.074981494985165931e-01
-9.508134703322819181e-01
7.969255787720219697e-01
7.281602846216881364e-01
6.446743876659866146e-02
-1.600521584078041792e+00
-5.134008789701282049e-01
-1.079290399951413626e-01
2.024754478610892861e-01
-4.133334472786656111e-01
-2.758514238541949215e-01
3.694181201828294903e-01
8.686180605174234071e-01
-8.748754895220058891e-01
8.803609977319200031e-01
4.709421961564741466e-02
-5.785513010858789329e-01
-9.614148731803697778e-01
-1.724210488664204899e+00
-6.254615869692654595e-01
-1.519080883719563513e+00
-9.079218064027320123e-01
-6.462334015036683699e-01
6.446600728580351714e-01
-7.619141320182809540e-01
-6.673432065231255095e-01
7.587336657842813636e-01
3.986711778719342902e-01
-1.229958811062441981e+00
3.638612294159135896e-01
-6.427345360457281664e-01
-8.104355316184495006e-01
-1.796791321871040736e-01
2.409310887663414780e-01
-2.737263518360841807e-01
-9.381451901402322324e-01
-7.694981179533570970e-01
8.272193527511157995e-01
-1.134785281143861901e-01
6.709852892793310986e-01
-4.872721155918662284e-01
1.693316427075746144e-01
-6.696667138407507158e-01
-5.445951687671775066e-01
2.964266848291639000e-01
-4.102862066473238478e-01
1.208022006351084920e+00
1.083256731785699145e+00
-6.895220885506777586e-01
1.532312493770038309e-01
7.670025125768047403e-01
-8.296497305244889819e-01
-9.347586775310718910e-01
-8.928327654185674866e-01
6.528350783007408342e-01
8.853508720245586439e-01
8.686010788752440703e-01
-9.890213695476639533e-01
-7.950406528002331719e-01
-9.084670365823053206e-01
-4.402104930427175322e-01
-6.797134777997089206e-01
-3.948821443846157742e-01
-1.339978551619543712e+00
2.528911600831514339e-01
-1.579984903106663063e+00
8.545369470328554318e-01
-2.779085257409681375e+00
-1.105307093443371080e+00
7.098719136540667662e-01
-6.924173463821192698e-02
1.307891017148770985e+00
-3.363913160417495440e-01
2.776944142366659651e-01
-1.066687549905869892e+00
1.927226545623563769e-01
9.790641771330468313e-01
-1.087913738550669307e-02
-5.275597613310150091e-01
3.705797108966524256e-02
3.369145596361533546e-01
4.512023597572543121e-01
-1.723160983908890387e+00
9.318544764026741589e-01
3.852179352345481700e-01
-3.299143232134760240e-02
7.368322555845339128e-01
6.284527458290283253e-01
8.733368397053773435e-01
-1.123916724803045275e+00
2.615931955903089356e+00
5.961433431940601491e-01
7.147053477111198205e-03
5.093726887306075923e-01
-1.577419876754688977e+00
8.658597103908824977e-01
2.762058534194844484e-01
1.582449275082091766e-01
3.417377423259644331e-01
5.215335827919249656e-01
-3.661316499823017434e-01
3.161830578931505986e-01
-1.785181538854689887e-01
2.172885288361094958e-01
-2.831909859869846890e+00
-2.692382012723681939e-01
5.362432969222232781e-01
-9.191389855423739430e-01
-2.309894600274677856e-01
1.370021156123483408e+00
6.244641266103256871e-01
2.007217264122845846e-01
8.355906968630664178e-01
3.591621017364204693e+00
4.558738408959122079e-01
2.264989684803527581e+00
7.995269963093567522e-01
5.509706501392248601e-01
-7.308775958212483381e-01
6.474326391924263291e-01
1.636646724070598413e-01
-7.017753722085486867e-01
3.395172375925801234e-01
3.110726890458095362e-01
6.900547311269040751e-01
8.413812937718067042e-01
-2.653731113651716100e-01
-8.109760374004635342e-01
-7.077108871653530198e-01
-3.600574400603484548e-02
-7.682059227637092480e-01
5.451003710937483149e-01
8.207466526263145212e-01
-3.636657861322869500e-01
6.908300557712641066e-01
-5.292391317341673673e-01
-4.354864867677654683e-01
-2.831133506448311188e-01
6.278073256425944493e-01
-2.842481324201759918e-01
8.620310852988706252e-01
8.956904612017986267e-01
-9.699622675707355590e-01
7.219895148084465308e-01
-4.302940026536616891e-01
-1.563670041805575339e+00
-2.813541604336573521e-01
-5.188758934996315908e-01
-6.500305430016191099e-01
-4.302090397719944281e-01
-8.440931180758981522e-01
6.826878814025370001e-01
-3.448628911208397874e-01
3.242658841079315568e-01
7.944241981460404833e-01
-1.587631663301631635e+00
-3.506637121664839540e-01
8.395955522741704868e-02
3.870033418347884613e-02
5.197755134217962869e-02
-7.378625894835062482e-01
2.360963674697549308e-01
3.016216927361991540e-01
-8.245771864800395257e-01
-5.438508240544481787e-01
8.688845882773033047e-02
-3.812570532663035472e-01
5.335626788084535388e-01
6.170569031542370020e-01
1.532387931796604708e+00
-6.273561801309746055e-01
-6.670919545249331950e-01
2.067107318295768437e+00
9.709458719905106339e-01
-4.763296903011620120e-01
7.844288806671397829e-01
-6.636643331435916338e-01
3.750647385516745480e-01
3.641666680782054133e-01
-9.633183425503550890e-01
5.177388467363153168e-01
6.332973124573031409e-01
8.658208265674829374e-01
5.695480854976486818e-02
-3.995842455090052869e-01
-5.641769396342901643e-01
-5.691544647494084508e-01
8.157644786747528798e-01
1.880451105952649637e-01
2.378557705359407581e-01
2.104681369153771353e-02
7.263988958117719719e-01
4.951844992663476663e-01
-5.101178337347185288e-01
-1.878206934464025313e+00
-7.318204609760181611e-03
7.268257440373409040e-01
9.080885059730742226e-02
6.398281916791634938e-01
-3.221055641267511760e-03
-4.593812878455432180e-01
3.855103487246103189e-01
-2.672412451396732891e-01
-8.403985801186393267e-01
-9.963817628427464879e-01
