1.824021433796817915e+00
5.549573990170926230e-01
-1.476824572320245776e+00
1.317431616449337373e+00
-2.175700942867938359e+00
-2.505174247617160344e+00
-1.922745244697223965e+00
-7.386123956804560020e-01
1.013682243866762533e+00
-1.563615160787490632e+00
-2.729073126014203710e-01
3.280019490274015403e-01
3.545942469631506277e+00
2.867587243050198964e+00
-5.288671283220132135e-01
-9.643268403917072407e-01
-1.802457693312151665e+00
1.829758776608056969e+00
-1.020927229083592458e+00
4.657436610394516396e-01
2.423136409009264192e+00
-2.673566999858691950e+00
1.106713643989798879e+00
7.774990826527453103e-03
-1.013427153303475770e+00
-4.447162792174750301e-01
2.323382879741667129e+00
8.047849726864717557e-01
8.133006293395914632e-01
1.083430469509135463e+00
-1.745318230646420998e-01
-5.244968877683442443e-01
-3.443414243125892948e+00
-1.255366864818370232e-01
-7.248002035158561673e-01
2.110569322966948658e+00
-2.905245615590408281e-01
-8.294776945864424933e-01
-6.727642619218050513e-01
9.758741099574907985e-01
-5.683635041822029388e-01
-2.157210462240409576e+00
2.750165993387478913e+00
-5.529694264578918217e-01
-1.063211971771348185e+00
1.570219572777865835e+00
-6.131919337568797479e-01
-1.870036785756342246e+00
1.390488812813039710e+00
-9.620081505462838578e-01
1.356502628322785675e+00
-1.490260478018786472e+00
1.178766855882103393e+00
-2.381220177397378901e+00
2.991949263641269230e+00
1.440655798271749610e+00
-5.966109900561199497e-01
1.648174531908318752e+00
2.722491736435450171e+00
8.453739465094456396e-01
3.448215614786058758e-01
-1.548213395789410640e+00
-6.987774476771472232e-01
1.015602346710101855e+00
-1.786004856868497193e+00
-2.150381031917922847e+00
8.584463845097078938e-01
3.263336101457408489e+00
-3.547042666269439315e-01
1.931509815080255654e-01
6.982378478464810190e-01
-4.034121284646911221e+00
-1.483179655803860353e+00
-2.017547807676064453e-01
-3.930965194738220148e-01
8.746523308057224666e-01
9.962159691195052735e-01
-1.170898223700096441e+00
-8.507436091428924874e-01
-9.604356529518954799e-01
-1.814221293260483758e+00
-9.142274632855658112e-01
4.281484453442130356e-01
-1.006689098534552462e+00
2.641068830253193944e+00
1.753442443379496396e+00
-4.799876785321192108e-01
-5.806321132085490166e-01
-1.695513051621863276e+00
1.799144270835688397e+00
-2.182658984717714912e+00
-2.118452236267534872e+00
1.837352541330139699e+00
1.092328840842659243e+00
-5.231460714540606682e-01
-2.169974746862711523e+00
-6.881207645289080244e-01
-1.285192797992993574e+00
5.363929768392803332e-01
-3.818010293942881717e+00
3.528810410274224818e+00
1.750183843386710514e+00
-3.053138205007640327e+00
-5.543872231111515170e-01
-9.928062802722872338e-01
9.020503065103422369e-01
-1.037908126119297059e+00
-4.677239160472669299e-01
4.664048573874377546e-01
1.068583690440116918e+00
-1.026899622042942717e-03
-2.830636082175055357e-01
1.389410041262869822e+00
-2.231356540380637909e+00
9.491510617972549468e-01
-1.177403710225887856e+00
3.893630900953087837e-01
-8.555519983210628787e-01
-6.647332827817914458e-02
-1.835994142465649792e-01
2.889958676957834705e+00
-2.465048777609845088e-01
-3.018369638229899454e+00
-2.265557092471481404e+00
-3.686212739407754846e-01
-5.992011441615057166e-01
1.584544580346113563e+00
1.476123612419076636e+00
-2.165711080714664283e-01
3.138539449890629829e+00
1.303845982743556009e+00
-2.791588923063093475e+00
1.858085778463419713e-01
5.027358914373876164e-01
-7.703440882150471847e-01
-2.549785578864439017e+00
-1.933716900616595513e+00
-4.730077789199343741e+00
-6.922285724144729979e-01
8.665822398585329989e-01
1.505861397543830860e+00
-3.078655308776228061e-01
-9.269872984162459417e-01
-2.318167140860499575e+00
6.488780306974455403e-01
1.181198500875004775e+00
2.302254116890711799e+00
-7.210873992359548845e-01
-9.088787328061359583e-01
-6.439048147590009652e-02
8.730637214864711559e-02
-7.165957329482668392e-01
9.808560539670495571e-01
-1.859608285363757663e+00
4.012545626570056534e-01
2.158817241679424459e+00
1.465436860618220538e-01
5.025616017614394915e-01
-1.014366302731040115e-02
3.524896654118825357e-02
-1.173477686675658216e+00
-6.695071542139927612e-01
1.636325286846488591e+00
-5.714608442757773688e-02
-2.760081938092636689e-01
7.790782631226600419e-01
-3.251090171019301867e+00
-3.387576805747078978e-01
1.699357042347144464e+00
3.067973273427629266e+00
-2.582696662321535719e+00
2.507256199296539756e-02
2.542753233237197152e-01
1.429442560602992573e+00
-1.934278698475902836e+00
-2.424754439128563810e+00
-2.216293820753595600e+00
1.422923893247550753e-01
3.246226410593766043e-01
-2.719676016364186655e+00
-3.194113963811078261e+00
-2.081461430112214184e-01
4.705221686086302757e-01
-2.682923367701729234e+00
-3.418455441235570991e+00
-3.501323763371937403e-01
2.895559188813769391e-01
-2.535941830500005434e+00
7.333372119064976991e-01
2.425592330211867598e-02
4.513202982537789509e-01
1.232476271315962935e+00
-4.204680864513532512e+00
2.829889057061395263e+00
4.899996651867737363e-01
-5.720023079022873436e-01
-5.852128865890303677e-01
1.326626236286245764e+00
-3.320196745648352987e+00
-1.498608726060018492e+00
1.805609027407360401e+00
1.032264664674714005e+00
-2.393642546482041000e-01
2.287893872089704406e+00
5.710260637420416785e-05
3.078389252678590093e+00
-1.424572585510756273e+00
-8.543882210798441346e-01
-3.528682271855085872e+00
-1.260413210402957507e+00
-1.443858741836362647e+00
-2.308582761857244314e+00
1.108995284640892809e+00
4.248744168249136699e+00
-1.160500302167868369e-01
-1.447465221874764341e+00
2.635047823647024501e+00
1.486797818357234124e+00
2.269339477412742667e+00
2.420228090963755463e+00
4.567030171090993851e-01
2.131370762843310729e+00
1.420440068228016939e+00
-7.763843877902026902e-01
7.170767826125895583e-01
-3.271838728671109031e+00
-1.921130262425425173e+00
3.689089534655840552e+00
4.334636372657554304e+00
3.516858024777258507e+00
-4.250291394789207367e+00
2.246325814742732851e-01
1.448889186457045897e+00
1.721379766099121467e+00
1.338988392565386709e+00
-2.072755102988631304e+00
3.989156479150227641e-01
-2.036199328786133744e+00
-2.008915413962041541e+00
-1.522121082805598657e-01
-5.090962627337400015e+00
-3.491161395938827461e+00
1.131737614134870062e+00
1.301353117474380650e+00
1.923224061638626470e+00
1.762579344879981580e+00
-5.020316848578765256e-01
1.419979086208901675e+00
1.527855796424657520e+00
1.436206953778228490e+00
-1.317497960240332722e+00
-4.213794082939800179e-01
-5.075705978735643997e-01
5.076411741404287525e-01
4.873282425158881992e+00
-4.215021131691542022e-01
-3.360886474303967475e+00
1.313662636557069163e+00
8.826336270919199478e-01
-5.451674066572806954e-01
-2.539266932328114734e+00
3.283563285227211637e+00
3.634762679669421459e+00
1.362563329646075960e+00
3.031625985033257642e+00
