3.888708088737624635e-01
7.733988853352939674e-02
2.511880860192158282e-01
-1.184660201994930384e+00
-1.009793110558978357e+00
-3.537118848449399833e-01
-4.720758085524152659e-01
7.045888960814569550e-03
-1.338647273422714834e+00
8.402206365587226999e-01
9.157605338415631957e-01
-5.172825039636126387e-01
1.576629366468916160e+00
8.406631630202964223e-01
3.593846881909461000e-01
6.388818042283442855e-01
-1.136103235623792118e+00
7.506227391653143011e-01
8.256492848380753147e-01
-6.269202340545702024e-01
9.016818263572353720e-01
5.471799044473786289e-01
-7.752391659728248285e-01
1.167472697497530243e-01
-9.866528675516389457e-01
-2.078147568383741817e+00
1.356838590738332906e-01
4.319167785069807225e-02
-3.352058733047896810e-01
-9.431524471596675063e-01
1.256407564460775950e+00
1.518120508059364271e+00
6.922359308969726621e-01
-2.794098057639564647e-01
-3.629453835991431343e-01
1.514026920969676615e+00
-3.975050429100514537e-01
-7.618035486379561849e-01
6.040207055502544442e-01
-1.827952522364189925e+00
3.949152465280545421e-01
6.468260558412352035e-01
-1.596303061841432447e+00
-9.671900676515017281e-01
-1.835140029981817911e+00
6.106888724893317910e-01
-1.215895781465354819e+00
-2.395860334560352634e+00
1.347141021787614079e+00
-5.487864219268718813e-01
1.394931426690537712e-01
-1.120188150603077082e+00
-9.009957537214166035e-01
3.652564508926878784e-01
-1.305948721383411337e+00
-1.621433606597074972e-01
-1.072334451331206084e+00
1.281746942469217387e-01
8.217665035318912903e-01
6.413493893204076368e-01
7.447314297643701231e-01
6.987647786479203038e-01
-1.686807524462317964e+00
-6.367857207753560012e-01
1.827208458262391533e-01
-3.049422439039087829e-01
7.058140289571125381e-01
5.682409379074098155e-01
-1.095843518298023511e+00
-6.668444949286871370e-01
-8.534212155270465283e-01
-8.475686190112378948e-02
9.888472992021384300e-01
7.974075229390352737e-01
3.872082939991944306e-01
9.811130291064141806e-01
1.014115193418869243e+00
-9.060456751377453655e-01
-7.335326181947128266e-01
4.346157692842541609e-01
6.245812093212876892e-01
5.923420477464966805e-01
1.103468029829520747e+00
7.659754271713797857e-01
-2.960041931954989214e-01
-6.789636520883610693e-01
6.461325241955963028e-01
9.894373936285841831e-01
1.622359230180635992e+00
2.174534385920930957e-01
1.071705971997615414e+00
3.288701721484593721e-01
6.290478531133687490e-01
7.639027471411414805e-01
-9.106915131707691777e-03
-8.079010266837486354e-01
-3.116224737726364102e-01
-1.449366077580730439e+00
-6.613066767036260840e-01
9.484330301384049644e-01
4.135744022029564926e-01
-1.446102734902204034e-01
-1.484904784766731822e+00
-9.222879438765673177e-01
1.131473361637711644e-01
2.215917653724490399e-01
-1.959418233236729368e+00
-1.387637386297765119e+00
-2.146845405724453482e+00
-8.282387608336207185e-02
-8.889179849667596667e-01
-1.674380909438248910e+00
8.442264251608060377e-01
-8.304165385772683816e-01
-8.945598492561982473e-01
3.923980912237333141e-01
-1.019437886577361452e+00
-7.011130351980565667e-01
-3.547957349228501589e-01
4.211716910024060900e-01
-1.277412640842031211e+00
-7.515605611400148767e-02
8.749089195428254306e-02
6.685135881560093640e-01
-9.793924541846822374e-01
-3.464041961747545972e-01
8.877714478173335255e-01
-6.039091495851515168e-01
9.558826924958724325e-01
5.758967912283714519e-01
-1.012649563143064757e+00
1.505827424068660436e+00
1.822506847239976802e+00
7.044016868889229066e-01
-4.964353044980776564e-02
1.912141085779470062e+00
-4.913401794613996287e-01
2.164492768827216640e+00
-3.173077729987837103e-01
1.423331208431171113e+00
5.303386069887595644e-01
-6.149782747986641818e-01
5.294063238377109959e-02
2.701575191442270096e+00
4.342325108220191354e-01
8.783102064585526780e-02
-3.688955574349545019e-01
-7.850229316430796800e-01
-2.757910118778165998e-02
2.156710336287189778e-01
1.450559112971032238e+00
-1.480578442530434136e-01
5.610010268867093863e-01
1.354061343437200637e+00
5.068643893255934119e-01
-5.876956064443106947e-02
1.399626422204783005e-01
5.293537236279539648e-01
1.714778948205894160e+00
-1.163500402599610517e+00
-1.450883034682402428e+00
-9.963304180970268265e-01
-3.545963193546409764e-01
7.696721020112915574e-04
2.528594474097596925e-02
7.177381043474346800e-01
6.767459129691268949e-01
9.877800859375503173e-02
-1.922074922423559151e+00
1.877323475354016002e+00
-2.009614572127101650e-01
-3.730835373351589213e-01
1.700836579599134479e+00
7.737218235804940170e-01
-4.861242881311004793e-01
-1.987753113281947703e+00
1.214828529002111024e+00
7.744245796313879993e-01
-1.105014189033381999e+00
2.036130147210016172e+00
6.258183830141543780e-01
3.561466360294999745e-01
-1.052600036106009634e-01
-1.018151738388166638e+00
1.335601051300743913e+00
1.132887550736892068e+00
-7.339288598994598845e-01
-1.936800858608317133e-01
5.831151699940141375e-01
-3.681846246189351413e-01
6.410736198790931151e-02
-3.087327010922334414e-01
1.678259425767827384e+00
1.125509000330067177e+00
1.067948414869971802e-01
8.228717006416399471e-01
-7.192029068959124305e-02
7.336667071069886692e-01
-1.114263872332160288e+00
5.594125023149286724e-01
-9.894358507847981210e-01
3.969136346850226094e-01
-5.439792654436964581e-01
-8.634320773585217879e-01
1.822023691668976098e-01
-5.733585670190780581e-01
-1.921308543572588068e+00
-1.989204609750727937e-01
1.096563646400207981e+00
-1.229309699208302131e+00
7.854442526861328544e-02
5.864232460916235512e-01
-4.977375234433889517e-01
-4.712721906900413371e-01
1.217644328166821860e-01
1.407077917423296798e+00
8.700003401741009113e-02
1.229809438619886564e+00
2.668390490974302531e-02
-3.473232676675165886e-01
-6.989288158463683454e-01
-4.565728361025935822e-01
-6.383927421072388420e-01
2.418823251589731882e+00
1.107799786780015783e+00
5.108820714290450704e-01
1.342070571110761890e+00
-1.089914910956730543e+00
1.675442278173591981e-01
-8.839356438562504525e-01
-1.735823299960048915e+00
-9.920535797410665602e-01
1.202126911051266678e+00
4.451185612921425561e-01
9.358830134498223874e-01
1.013520751938877806e+00
1.385546007155393500e-01
1.263584545239257118e+00
8.384918841569085624e-01
-1.225789821801481549e+00
-5.521432014178482284e-01
-4.258346677416018911e-01
-9.156816657436190887e-01
-4.339683946404240822e-01
1.276604862422538567e+00
1.133230518501788353e+00
1.332926748495617986e+00
-4.145951480936846401e-01
6.128267227506202230e-01
8.161348413568257909e-01
-8.303839294875864363e-01
5.403891841320436207e-01
1.239851085971941158e+00
1.348364501334197607e+00
-1.827893512293383704e+00
-1.833606001334299462e-01
3.961817479072952120e-01
9.217031395902586244e-01
1.030568569860072614e+00
-5.576765469720403878e-01
-3.232087473604999817e-01
-5.037378544504231836e-01
-7.079348132567904461e-02
8.719223886612293972e-01
4.696736501376262973e-01
1.790567621294038569e-01
7.920320114396858235e-01
8.724617695795304773e-01
-1.199540416794160125e+00
-2.129376388744171678e+00
4.157682079759617705e-02
-6.369873486731980616e-01
-2.668976010301598589e-01
5.518540544918372204e-01
-4.351207351225858666e-01
1.841006540218990128e+00
-9.369067079334235659e-01
-1.062470638112994914e+00
2.507197788742170808e+00
1.191201264353872968e+00
8.865189424862665590e-02
2.138615166497691289e-01
2.456282123962835739e-01
-7.518877019136613882e-01
8.483156615208887752e-01
1.264742973563916628e+00
3.023321606817815366e-01
-2.423464243736695167e-01
2.367419346592017915e-01
-2.315446531652781414e-01
-9.663149324156996567e-01
4.804368320132934578e-01
8.259630057557105776e-01
-1.236387471713338987e-01
1.210593941692734710e+00
1.384177478432271347e-01
-2.322402936929339468e-01
6.953454776873292387e-01
-7.286311473583086951e-01
1.094582392006199667e+00
-1.990788989119581354e+00
4.273144221550502775e-01
6.960953521341912975e-02
-5.204815920703150661e-02
1.184417524028852142e+00
-1.113500066335550024e-03
-1.244221867199327147e-01
1.278997527632583564e+00
6.275766730196158383e-01
-1.179329820951299679e+00
-6.732239621903781668e-01
1.924028274343926592e-02
1.868564010262221686e-01
-1.735976674262406094e+00
-2.294717751785854798e+00
9.669448317776543345e-01
-1.566967155780218279e+00
-6.478462391812114252e-01
-8.176164036310491490e-01
-1.347542666257516508e+00
-7.505032435807581503e-01
8.833071244224192098e-01
-1.397428582068132030e+00
-1.346924387065585593e+00
-5.322155954956455659e-01
1.806096195991155617e-01
-2.646401136716846625e-01
-2.831798517697896034e-01
1.300741643778056789e+00
1.185879957151467767e+00
1.880477496115951164e+00
6.820251781686331727e-01
-1.386177974731002349e+00
1.151596536214600119e+00
-3.161167634574832963e-01
-8.115344921374577636e-01
-2.603552703940900104e-01
1.758311787542679694e+00
-6.123327924967647551e-01
2.598202253286241881e+00
1.586814152939593603e+00
-8.430193792402560504e-01
1.206764132980890913e+00
1.684204513200380005e+00
1.456200116266307965e-01
1.656656182177628223e-01
-6.175352464848870016e-01
1.372346100720875040e+00
-6.331857580328450474e-01
-1.203803254061708961e+00
5.160063765228979360e-01
1.338741466851053885e-02
4.304265240229346867e-01
5.168530363000340966e-01
-1.091141463403768386e+00
2.720775000595363480e-01
-1.052465199484321268e+00
-2.044492753213797143e-01
1.645092794314374718e+00
5.410421196525879717e-01
-1.574038963717666384e+00
-1.015524175644928695e+00
-2.973709351874037066e-01
-4.878285366504926945e-01
2.334408647440628926e+00
-5.874181267221347813e-01
1.367551060510792782e+00
1.344312733995789877e+00
-1.766343374556808898e+00
-5.759555825994768785e-01
2.071055591602322665e-01
-2.405464680119997922e+00
-1.081543768550777690e-01
5.887876959386860731e-01
-1.310941108348762096e+00
1.488494692732431623e+00
