-1.434212170370872785e+00
-1.232076340650189117e+00
7.351892098370393924e-02
-3.411159622174696260e+00
9.796537469447109681e-01
1.232922734882464066e+00
-1.473047331883939326e-01
-3.250355340091404699e+00
9.392563452720300576e-01
3.531130179454895046e+00
-5.534366561882377855e-01
5.983312878042607030e-01
-1.230094198827269003e-01
-6.342256102246177640e-01
-2.124050368065619310e+00
-2.264043282683511293e+00
-1.679973816853899127e-01
2.309444002512496485e+00
1.642058213083601004e+00
-3.683074074649345331e+00
2.852390149773100347e+00
-1.659925099284437211e-01
-1.300230597719060244e+00
1.764370022524660020e-01
7.750167343756252381e-01
1.689983010010282616e+00
-1.427846147723465631e+00
-2.157212657803250444e+00
9.388074121414907713e-02
9.807917748191079532e-01
-6.121512275183842167e-02
2.708485385072940232e+00
-4.696589876654421181e-01
9.019094902193733887e-01
-2.161680056856085219e+00
-2.405431923452889809e+00
1.743338809774972908e+00
3.193496972808745671e+00
-4.122199649074591021e-01
-2.016968594082053645e+00
6.407225609003510680e-01
-6.667236829851265201e-01
-4.414087739338756755e-02
-1.163981138137546445e+00
1.607948380669066424e-01
-1.400939204876289423e+00
8.648880487667116590e-01
-6.197701583924564162e-01
2.681532097704193873e+00
1.148622395597577839e+00
1.516028494753591804e-01
2.830285326617653752e+00
1.268584292458821761e+00
1.408780886208625294e+00
-2.235095290604327545e-01
-3.096921952703092229e-01
-8.164266995029352270e-01
-1.055165346346799815e+00
-1.078043719633836606e+00
3.605718657992950105e-01
-3.993879513522732294e-01
-1.353397286687355816e+00
-2.749797743509074799e-01
1.652079108288631248e+00
2.434321540409941642e-01
-2.954199169597750085e+00
1.521295350461389528e+00
-1.413598216776006833e+00
2.980336304875553122e+00
2.407416295962480746e+00
1.467297197822740040e+00
-6.020257929302192945e-01
-1.919212519046264553e+00
-3.232728378406961589e-01
-1.600006348819859481e+00
1.859743283459782903e+00
-1.155033551889886878e+00
-1.978036219270093099e+00
-2.961892639777657710e+00
-9.090220474350028113e-01
7.809273302328876287e-01
-1.117464577924862645e-01
1.217172753353897630e+00
-1.851150421186660289e+00
9.013753582002796971e-01
-1.006005901957958359e+00
-2.509698739529937050e+00
-4.831220986100663861e-01
3.855101542724199137e-01
2.731696518617537262e+00
-1.706760682356220693e+00
-1.236883439572881827e+00
-2.492792001066244989e+00
-3.633106658501936703e-01
4.355761536098237685e-01
3.964657391234942541e-01
1.726179369038845390e+00
-1.042557213244688530e+00
-1.590507323699319464e-02
3.535188582448355987e+00
-1.720533505143163167e+00
6.862863578507325535e-01
1.004822927960502099e+00
-1.922236806537843457e+00
2.641574127588580456e+00
-7.451913942924033307e-01
5.192492195046192194e-01
-1.187877988262210777e-01
-1.188584904282145027e+00
-1.609114929136752137e+00
1.068913869043265130e+00
-1.231561044760445922e+00
-1.790694871707491753e+00
1.490554373791564746e+00
-4.722285990376082765e-01
7.411625637528340693e-01
-6.433642530703816975e-01
-2.228807630738462109e+00
-1.815983835790588419e+00
2.391923677037695484e+00
3.471482240485923576e-02
-2.533220900349157034e+00
-1.324700188100353948e+00
-2.590708709508100505e+00
2.335482325888297517e+00
1.550037168871298165e+00
1.467267693430855946e+00
-1.450981259546142876e+00
-1.008313830264272459e+00
-2.140661048487884077e-01
6.105379337064791301e-01
7.075455053410530937e-01
8.444549817257316349e-01
9.571995227395425632e-01
-1.919949409389352546e+00
-1.559844548330329816e+00
-1.413855685139439267e+00
3.066257058254739043e+00
1.784260003139449990e+00
2.800951393191576377e-01
1.078115180951068286e+00
-7.452191695783687564e-01
1.569408937113049074e+00
-4.136460053982068175e+00
-4.221574237089775750e-02
1.456969774024621689e+00
-2.925640019155209437e+00
4.365516782926358585e-01
8.134471203901716407e-01
-2.215611609563963746e+00
-2.885690573708472151e+00
-2.109945569400172971e+00
2.795332415556014638e+00
8.554214971187592553e-01
-1.564042862124730426e+00
-4.621085619409091017e-01
-1.044828965532278220e+00
2.171731777780139705e+00
2.942851565816690385e-01
-2.050786210106002816e+00
-7.086444117401151654e-01
-6.188540755632188084e-02
-2.236220195095078633e+00
-2.284201906278020111e+00
1.253699125145785409e+00
8.256951905021270299e-02
-9.808266412312799387e-02
2.183701042213158416e+00
-1.478513830732390844e-01
4.195604601798306188e-01
-1.554505927940317278e+00
2.353411642128813597e+00
-1.216955279648417765e+00
-4.073384730823307320e-01
5.004942405903635150e-01
2.284434878939962110e-01
-1.092061646691977028e+00
-1.292664440100067758e+00
-1.085919912704151447e+00
6.157631522353741449e-01
4.232593571166423096e-01
5.865228459822167117e-01
-1.325690749154277981e+00
-6.220835203720291862e-01
-1.550557342356622126e+00
1.408452455498992784e+00
2.287195939791072608e+00
-8.274574395699476614e-01
-2.805224250919390316e-01
-2.903218548036348157e+00
-3.362678255407248740e-01
-1.399297543574059832e-01
2.513923752688413948e+00
-1.256897249415739548e+00
1.920690342857330313e+00
-2.999387456514290839e-01
-3.372629080524383482e+00
1.705571421372032326e+00
2.001103037694011710e-01
1.387914873754061418e-01
-2.090670969880458863e+00
-1.571943460895095734e+00
-1.366965845457641660e+00
-1.622394416370118941e+00
4.978057883440241138e-01
-2.898542916908337208e+00
1.749092980394993724e+00
2.558359708678877631e+00
2.005251985895094569e-01
5.641091553901471656e-01
-2.236095953305928141e+00
-2.691932467741152468e+00
2.619236052114475743e+00
6.137944395029054645e-01
9.991405178798387077e-01
-2.550024091637970614e+00
-3.516259491668301429e+00
2.639967078785476762e-01
6.007389575195735132e-01
-2.627333899424727282e+00
-7.104613145684856024e-01
1.087296450136414849e+00
1.967816674277898636e+00
1.884924935084011155e+00
1.921049902509906815e+00
-1.797139503464035393e+00
1.591971952119252798e+00
1.366619594000988647e+00
7.376412246905971193e-01
1.418622271270629787e+00
1.922405453911842921e-01
-1.914995757966372558e+00
-5.242913385473957355e-01
1.077343657647295672e+00
6.319713762343159846e-01
-2.380461642805613565e+00
1.465229653471539661e+00
-1.609832057329809163e-01
-7.988953764905091237e-01
3.917184035011447740e+00
1.090389181339582958e+00
-1.264680504250560666e+00
6.835929998927745554e-01
9.183259878134633070e-01
-6.658028782387018785e-01
-1.172228153981194287e+00
-8.458713523560925651e-01
2.194962671699933310e+00
-7.518039812957575396e-01
1.484319981758768225e+00
1.158606531953326302e+00
3.296554879585730014e+00
-2.599167680913396339e+00
5.201678615200042710e-01
7.586398823363618149e-01
-4.958919462376323306e-01
9.420695957295724954e-01
1.190782040190334623e+00
1.689318718937951491e+00
1.780515491579365561e-01
-2.470846900784811950e+00
-4.666202758125241878e+00
6.776868709994512407e-01
4.314756440961299511e+00
1.853339491496768909e+00
