9.035317125619557466e-01
-2.138037829281625446e-01
-6.352785227241897203e-01
3.975171283850156279e-01
8.717235045345218536e-01
-5.116866676784334045e-01
6.924047834179992977e-02
8.810670640949198607e-01
1.059758299084406330e+00
-4.446572158448038881e-01
2.870055861383125073e-01
-9.857803243985156783e-03
1.230676094565457124e+00
-1.182701233556585629e+00
-2.434587453313764804e+00
3.821764149369192842e-01
-2.133727595706937097e-01
4.109117445648940437e-01
-1.474013661547837195e+00
2.652788573881449397e-01
-6.179287896081709919e-01
-1.217195588874008388e-01
-2.217272084203764648e-01
-1.115211416671178624e+00
-9.457726566281702274e-01
2.401073827123466602e-03
1.227841039608405627e+00
1.997007107508236290e+00
6.451319683663941928e-01
-7.196410856654962274e-01
8.731559956532519706e-01
-1.370199131721724084e-01
4.732970590309333869e-01
1.951734920323470401e+00
-7.519121411674288824e-01
-1.503524655878564653e+00
-5.278387433770437287e-01
-3.039935779296910057e-01
-3.767119525187906381e-01
-7.103743399565205507e-01
8.113888901367029005e-01
-1.437081716239732909e+00
5.033833670452118048e-01
-9.250689132175304863e-02
-6.195617171507922238e-01
1.601757629695279350e+00
1.075345661725125163e-01
-6.319693807156079313e-01
7.972993094316280782e-01
-1.016725618713589574e+00
-1.345008852643646113e+00
1.858327493195771174e+00
6.974833012435329715e-01
5.668151594370783863e-01
5.865996481528386319e-02
1.458228489094031133e-01
-9.435186324409171599e-01
-4.472749077819068164e-01
1.287659659206195073e+00
-1.726557320315676325e+00
2.752599496804746249e+00
-1.824904373112413714e+00
6.001413256387533313e-01
6.078312493964129759e-01
-7.301944412426258912e-01
-2.590609976623715616e-01
1.477844230644910883e+00
2.403592915572061173e-01
6.279315689503156550e-01
7.562574500333971717e-01
-9.669136294182574254e-01
-1.391916486074668891e+00
-5.433061760223809600e-01
6.899376894857708331e-01
8.840870790420510827e-01
2.466053427835744882e-01
-1.238081519737468522e-01
8.833644006450327435e-01
-7.599034146293567882e-02
-1.061193958391731806e+00
-1.782802406172690479e-01
1.444696282890671313e+00
1.620622002182990018e+00
-1.106489117317623228e+00
3.145414584050710283e-01
-6.645762481686817713e-01
-1.173287367934738867e+00
-5.612533088519515712e-01
1.730153444241266714e+00
-1.806491921656201427e+00
-1.921992485862190625e-01
8.351310233883447731e-01
-9.510678855495516837e-01
9.669044815702537710e-01
2.269473739874877313e-02
1.346396667024324589e+00
1.359046070935689077e+00
-1.759512095553401823e+00
-8.892076877992357575e-01
2.347940513183496947e+00
-4.672230826713950624e-01
2.610428055738768238e-01
9.326491854245282376e-01
-7.544666556349374220e-01
1.322793308428150016e+00
8.946579549870801173e-01
9.543307791457372735e-01
-1.711028292465902045e-01
-6.380582415098916271e-02
1.595017875669618279e+00
5.121725233456284609e-01
-8.889552840619592278e-01
1.065566761744423996e+00
4.824501351563472706e-01
-2.781253852547294625e-01
1.559954434800675527e+00
-3.739708847383601542e-01
1.128745527299041207e+00
-1.461465971377387651e+00
4.093303900940553075e-01
-2.826892656871490273e-01
-1.635936661364708833e+00
1.883666047340550043e-01
2.189256565667163645e+00
2.461207141022117295e-01
6.401867393115147076e-01
5.313350345240808181e-01
8.362261546257976352e-01
-7.392026233694177773e-01
2.949378923762437377e-01
-1.583568207565737129e+00
-1.508003844346368361e+00
1.429613363147671068e+00
9.506624193353602204e-01
-9.627894469292365143e-01
-6.210867002607798337e-01
8.763972370493449127e-01
7.268519703608220528e-01
-5.917832830949101147e-02
-3.254462674887733664e-01
-2.204617606793402296e-01
2.093472234994279702e-01
2.164939512382487719e-01
1.027938245638387205e+00
-2.191721225987362853e+00
-9.035694551417461362e-01
-4.877354299601166510e-01
-6.825367267938641236e-01
-1.364977147486480691e+00
-1.047444359248681511e+00
2.617320774046777432e-01
-6.223795797660423013e-01
1.098598739083075593e+00
-1.475516140726625514e+00
1.652391075962863221e-01
6.774635688335651773e-01
8.514216956506792666e-01
-4.621377354690582862e-01
-2.722318686532265719e+00
-1.052465321678373034e+00
-1.043539260503098198e+00
1.088644971462647382e+00
4.381815099031290961e-01
1.628233990444289403e-01
-2.266295732324415113e-01
2.484130251739748996e-01
7.813298319647057344e-01
1.173396960348873197e+00
-8.133929816135095914e-01
-8.722172830027495605e-02
-2.184295962919119427e-01
8.578344996124100952e-01
-1.303010226609088718e-01
-1.899803322419632901e+00
1.309114019380703264e-01
3.030380342444208286e-01
-2.063893654213260653e+00
9.122057670374430494e-01
6.468640581110138843e-01
-3.508287885395924843e-01
-9.558427187801029623e-01
-8.986599093394836979e-01
-3.577486811406090372e-01
1.010852189392808409e+00
-2.606375078562592762e+00
4.767206487472129273e-01
-1.434342077232974244e+00
1.386273593652213920e+00
-6.968483157241496251e-01
-1.843120243762194299e+00
1.501490287613522767e-01
-6.861754808472833034e-01
-1.294902617287513324e-01
1.154807549721757587e+00
1.237109781990159529e+00
4.360969957637475525e-02
-1.124756299186229880e+00
4.640751791683089267e-01
-2.303175739157890534e-01
7.786795772366290613e-01
-1.828832337712224254e-01
-1.064633882343637872e+00
-3.082641528165515066e-01
1.177679492877472089e+00
-1.733218038602490463e+00
-6.081826224612304488e-01
-1.416959299370237124e+00
8.374607023389507576e-01
1.170737999545907515e+00
8.172027085401252222e-01
-9.034656278294160570e-02
1.423593269550928353e+00
-6.406344085117111620e-01
2.335255105056832203e+00
-9.391772824155769639e-02
2.080373541738452126e+00
1.831931829457566829e+00
-4.927030949893295153e-01
5.664563870678529511e-01
-9.166983481018636803e-01
-4.372267573512502170e-01
1.497068549906157786e+00
8.260350521586359851e-02
8.017217598142513113e-01
1.125835546599741166e+00
-1.017459374332351896e+00
-1.942037376358308684e-02
1.473506916790721544e+00
-7.016466980795773578e-01
1.107859625886351562e+00
9.250024148062300222e-01
1.489701770776458822e+00
9.368543502075286078e-01
-5.953873730758008076e-01
-4.214091860238580733e-01
1.482777008553630260e+00
-8.183166128624675961e-01
-9.642207858104956397e-01
2.884751379581171449e+00
7.244411766792635543e-01
1.039583292785492441e+00
-1.987232283015502865e-01
5.259684832208993965e-01
5.056265494444580622e-01
1.591653621753066350e+00
-1.661990049260059221e+00
-2.625980446185037787e-01
-4.615305785255232052e-01
-2.392084790348631973e-01
-4.820641637634659471e-01
-1.103971430396038400e+00
-3.054723292046135352e-01
-1.602795033623165333e+00
8.784678401087443467e-01
-2.379821026263355954e-01
7.685259175835758017e-01
-3.149883098629270295e-01
3.003820135046632700e+00
-7.492203248658283465e-01
-1.796228799453778224e+00
4.997063217301547233e-01
1.023168591669357252e-01
-7.548638064618687915e-01
1.733090056683153080e+00
1.172479763987686469e-01
-1.525385961710053584e+00
1.407992223105172025e+00
2.304668740511208735e-01
4.236879776332450748e-02
-8.987819743789303706e-01
1.771839286573023420e-01
1.761253613067007340e+00
-2.003232646511050596e-01
1.661437597785277998e+00
3.966902913579686274e-01
1.752116969665600266e-01
-1.146283388891834232e+00
1.353563593667739262e+00
-2.356029735382282053e-01
2.895250866357978459e-01
-1.184866973963444536e+00
1.589511579549672149e+00
-2.085756433648007668e+00
-2.590932469887005318e+00
-2.087954876724974707e+00
-2.156710365446936173e+00
-9.624501434280603451e-01
9.272482713969866230e-01
3.627400650342716970e-01
5.650780691038689296e-01
4.257890687335578322e-02
8.340445677890854226e-01
-1.198470803187121181e+00
3.606444458608621534e-02
9.131575094208130849e-01
-7.712341609422123101e-01
5.560982455570375738e-01
-6.838235105146018844e-01
8.719830531091159465e-01
-2.708343027586636587e-01
