6.292715959566173023e-01
9.601958407086281788e-01
-1.115228740778066774e+00
8.493291617211262690e-02
6.698332744228436830e-01
9.224016100594543133e-01
9.252743821257654044e-01
-6.557632203566310380e-02
3.321252952429416538e-01
1.635136477482284079e-01
3.626649470095364425e-01
-4.519826171891863087e-01
5.149192763875465317e-01
1.980932954397101042e-01
4.041104432895112897e-01
-2.034737440666418262e+00
5.223028556173454628e-01
-1.117712403695751977e-01
-1.560941244784317394e-01
3.972695624686148896e-01
-6.013675306585446467e-01
7.132301509797156491e-01
-4.181949627474730313e-01
1.220462764746341744e-01
-3.216371411731592911e+00
-3.977255725490025373e-01
-4.525831233087767025e-01
9.548815658170626275e-01
-6.501455842014931541e-01
5.301912045082350922e-01
-5.204772354387923183e-01
-7.196322960279166736e-03
1.338497683379487047e-01
5.258197558025301532e-02
6.939184963215501156e-01
-1.690264082806445245e-01
-3.892064142007802818e-01
7.580664569463271274e-01
-4.457392016519581279e-01
9.133019943242661753e-01
3.949212956540293362e-01
-1.055378306255110310e-01
-7.732799530502125762e-01
9.332190606422889889e-01
-4.206876890326485263e-01
8.287806718579366905e-01
8.236018963211959587e-01
7.107118065705517740e-01
-7.012932291156508402e-01
6.770286547747523809e-01
7.900337194114186445e-01
-1.860973931742864185e-01
-4.189228346385491797e-01
-9.972599156759343053e-01
-1.732415763344954396e-01
-8.606327359050816028e-01
-3.276888272117757239e-01
-8.000040603367062353e-01
-6.151537971167753138e-01
-5.196591721958097043e-01
-1.438373805938470973e-01
3.094845101700738343e-01
8.324277302954634639e-01
4.032474217848551756e-01
1.189424559238586365e+00
4.453978458183427414e-02
-8.409958710727136744e-01
-9.506579744066612214e-01
4.827126098477085847e-02
9.400950124601421543e-01
-7.704029492091728493e-01
-2.644348122215756103e-01
8.972128343788896565e-01
-8.969090144834090950e-02
-5.781516344275567931e-01
-3.807829602333205887e-01
-1.646574739521166064e-01
-1.855006449526381385e+00
-4.976181557846315329e-01
5.839478947565717171e-01
1.500689163075974442e-01
8.090214601404659422e-01
-9.895609729342620398e-01
-7.112095008246654970e-02
-6.432057375842250568e-01
5.758378108346624558e-01
1.900982923220182474e-01
6.523468538311936182e-01
-3.680081107060153567e-01
-6.349690295789243155e-01
-2.770156465391020451e-01
-1.806123271686417286e-01
1.697157943954656911e-01
-2.168308065616851188e+00
1.655173247174774875e-01
9.217924588450738810e-01
4.352244223831231995e-01
8.456828579727004858e-02
6.318201079941496712e-01
7.907786983657281166e-01
-5.412650821537150214e-02
2.047443365110652724e-01
-7.564250646306365233e-01
5.390475847501672302e-01
-1.898227425733401530e+00
2.686463457662535692e-01
-3.706614597594006799e-01
8.178643192062131639e-01
1.659693577373111406e-01
-4.419004948815387079e-01
2.266220237793374892e-01
-2.720789391361235765e-01
-8.045588210645826521e-01
1.086508183395327176e-01
-9.231181827014822705e-01
2.023119004477813565e-01
5.456282163689258891e-01
-1.225517149153143581e-01
7.184025245703122842e-01
1.602304100701634759e-02
-1.430490482258070239e-01
-2.197226359041699606e+00
5.246179347777935043e-02
8.270472309162499869e-01
4.141277416858093474e-01
-8.563775194721721107e-01
-7.988660738718731391e-01
4.489406560794313439e-01
-6.534767922253450489e-01
-2.061744190455090386e-01
-5.672920574043376352e-01
-1.337357859890355716e-01
-4.847607567346159385e-01
-9.418704255371688205e-01
-3.119249741455101255e-01
1.057960134243802752e-01
6.772784393348880716e-01
-3.688051218243220131e-01
8.833940040106238456e-01
3.943187521167212939e-01
-1.438720256228965155e+00
-6.662912888557304125e-01
-9.386370742218452801e-01
1.908491670482539426e-01
9.534566406449513920e-01
-1.595643368806747286e-01
6.116158034787433362e-01
2.153197666162609547e-01
9.262250635087658779e-01
-5.661605973689777249e-01
5.834123365934527072e-01
4.719670642173861563e-01
4.391990701362512572e-01
-6.728782446103995785e-01
5.140285528511933100e-01
7.851773093709737417e-01
1.172280783264131321e+00
8.448773958616864199e-01
2.485578134690524799e-02
7.255774316118905887e-01
1.322223235986421663e+00
-6.936978322823921239e-01
-9.014560395450813557e-01
2.167210579540246318e+00
3.354719080564079192e-01
1.505192681286567691e+00
7.501859003532473924e-01
-5.582926961249460307e-01
-6.503910919343840469e-01
1.690568421651670539e+00
-6.002724327233177615e-01
-6.841597441204181340e-01
8.061797874306912970e-01
6.275168981091530096e-01
1.015564710293533901e+00
4.370745174947721079e-01
5.412438394263094921e-01
-1.145188382185189369e-01
-6.289527247431605517e-01
-1.231991483122465425e-01
7.597541751118350728e-01
9.985931221025134974e-01
7.921846686883298183e-01
1.259538774539898931e-01
1.366786394976035934e+00
-5.291151717833186829e-02
3.594409604867701002e-01
1.168874268099967306e+00
-5.320716322025131895e-01
1.072897094429550169e-01
-9.730459258935088007e-01
5.875712756260356162e-01
1.284810826695653718e+00
-1.905200742260203528e-01
-3.306933267688043632e-01
-1.718841822398524677e-01
2.660033060355924128e-01
1.046360449862726583e-02
2.674037363590511251e-01
-4.996279407667802985e-02
-2.034702130265659825e+00
3.822536158813301110e-01
-1.816648412826629144e-01
4.095252485453310110e-01
-4.512740438199429605e-01
1.872710407605366889e-01
9.897010977236836426e-01
-2.143470885619910060e+00
-1.414270232146676465e+00
1.141292450531171454e+00
-6.749665242498261719e-01
-1.853044936095722406e-01
-1.815902673043416904e-01
9.635474655433891034e-01
-3.363834740679745305e-01
5.615467043764588162e-02
7.913766103018144982e-01
-2.941926538658081736e-01
3.295053551697836314e-01
3.965840286983852159e-01
-1.319221597375680011e+00
-2.191379998955211850e-01
2.455544652374108683e-01
1.745276981030273511e+00
-3.458150557429700012e-01
-2.240105117205638818e-01
5.522846092058819600e-01
1.241913238923892937e-01
6.763942949705883390e-01
4.763357258485680923e-01
-8.893431268843143833e-02
-3.242901485565092834e-01
-2.102606574467569267e-01
-6.164409329072215726e-01
-1.334429914028214537e-01
-3.574436932013145274e-01
8.519671851102084137e-02
-3.039404371142372385e-01
-8.172811667051351758e-01
6.367340527718072796e-01
2.308271610086367609e-01
-8.982838048339287784e-01
2.273693722363637981e+00
9.233246519872337910e-01
1.308313539732672615e+00
2.475173108222311624e-01
-1.408376929891620222e+00
6.521990727135273946e-02
-2.278000263317481178e-01
-8.114103602127167303e-01
-3.583799666588035060e-01
-4.428652649322024626e-01
-5.044032522355315074e-01
-9.303483009369684087e-02
-9.759035099095845212e-01
-3.511286967731535036e-01
3.569064677226398974e-01
-8.969201563728852467e-01
-4.291654097631258935e-01
8.989713430527213056e-01
-9.036710757488197743e-01
7.433812685877576598e-01
2.097165690911746427e-01
1.705552166197732644e+00
3.734090377948882100e-01
