-1.499995704676730490e+00
-1.146448597208968634e+00
-8.583575080797420931e-01
-1.104926129911886434e+00
9.491109014825975798e-01
-2.965003822701159919e-01
6.777077400369060367e-01
2.465321546719082324e+00
-7.137591228444933877e-02
1.075712591144972086e+00
-3.545357534132311805e-01
3.608816156505570749e+00
-5.217007657527418241e-01
4.237197019381411245e-01
1.193941867038628590e+00
1.043713890493641161e+00
5.271559640902508947e-01
-1.981556999725288648e+00
-2.333709565144995057e+00
-1.016339589299668722e+00
2.525314647410124902e+00
7.496001788901252016e-01
-6.830794671749074176e-01
4.596181811573585296e-01
-1.445551253640117384e+00
1.456318426108605735e+00
5.164257273512490309e-01
1.333481371720906639e+00
-1.005255068636073057e+00
-1.603823689395855734e-01
-1.574067792841351565e+00
5.703369538198683752e-01
3.566251222873675353e-01
3.239214591126853282e+00
7.090586469251988766e-02
-2.809964204236459762e-01
1.755003388154989796e-01
1.464046612604127384e+00
2.679514312219352767e+00
4.269690487297034265e-01
1.656782644471504806e+00
3.721914537182033911e-01
1.392783291335527585e-01
5.718711460236848287e-01
-2.098446070754865556e+00
-2.267678644738210458e+00
-9.364777705323914514e-01
1.096015209234170618e+00
-1.529740774393390401e+00
-5.203905446655127109e-01
-8.303749356249613411e-01
-2.204250662801122418e-01
2.066578977114933213e+00
1.219480034373059851e+00
-2.330433340452454094e-01
-9.896561903286604789e-01
-1.709668840283069091e+00
-2.889550851991774527e-01
1.127750581812107189e+00
2.946343115871770113e-01
-7.846388649107868263e-01
2.415646105346402006e+00
-9.652137825223829903e-01
7.707740795910505982e-01
2.950782156032744741e+00
-3.341240017230247883e+00
1.968932169576684821e-01
-2.186217521999043623e+00
1.454825074466736812e+00
-1.033673117295723642e-01
5.274712583863186977e-01
7.030892572949584141e-01
-6.675754433721754477e-01
-1.936947727765427230e+00
2.054639929827356826e-01
5.560429209848691823e-01
1.306072451353832209e+00
-1.164304008977097071e+00
1.021543872073245929e+00
2.396665867788881688e+00
2.384025653232635378e+00
1.573191914331867114e+00
-6.725989061728719909e-01
1.611996005646615382e+00
-1.463790722478597761e+00
1.078856811706863095e-02
1.161197833785619027e+00
1.678533447783955745e+00
9.813617358542756630e-01
-1.919282080970402093e+00
9.911343293109287078e-01
-1.545338202200241318e+00
-2.223512152701160316e-01
-5.201732813954503820e-01
1.206973596375120916e+00
-9.785561268950255798e-01
9.350066696980341430e-01
-1.133933862107153523e+00
1.015434843088901529e+00
-2.328288267711922988e+00
-6.558771835304404441e-01
-8.621644257933057665e-01
-2.400491988685300893e+00
-1.336461827359392673e+00
2.244514510647991568e+00
2.061190542906466305e+00
-3.866139498550304143e+00
4.400786223391224272e-01
2.586220060157006229e-01
4.868013637769146307e-01
-2.250719466328061191e+00
1.088988943749233940e+00
4.854630754673974202e-01
5.813727894330864565e-01
-7.972181968238645222e-01
-1.674028091566467924e-02
1.659801589746812800e+00
2.416077802901006322e-01
7.858591771851164420e-01
6.059659220176386030e-02
-5.569304115359964280e-01
6.962827054572028329e-01
-1.097465198128233288e+00
-2.841377185619328838e+00
9.308040894060021220e-01
-1.734809978000516395e+00
-7.700763998219402051e-01
-1.899481819877179678e+00
-1.144685433461545276e-01
1.102799007716033231e+00
1.885466356232882612e+00
-7.800841464065274566e-01
1.003521590365415772e+00
4.108402239527415567e-01
6.515630864182959670e-01
-3.176525986935104795e-01
-3.366065848485050527e+00
-6.525943097474216081e-01
-2.702914800578251953e+00
3.321939932673321216e-01
1.229871576298741331e+00
1.550628188833864662e-01
-1.027152680404065599e+00
1.751373928526018808e+00
2.972925589323560658e+00
-1.808085921441797250e+00
1.253061448819461909e-01
-2.370979543744480278e-01
-4.589859278707540957e-01
-4.051013634349137083e-01
