2.299540087865125759e+00
3.015687983005058692e-01
-8.180781504229682477e-02
-6.492096730056229337e-01
4.581340170597661965e-01
7.891690858001840780e-01
-1.915105169202455215e+00
-1.467326939726472379e-01
-1.195666261154187393e-01
-1.010077348201557257e+00
-1.184591851575125698e+00
2.466227139421285353e-01
3.607554168935122041e-01
-6.899663402893468911e-01
1.948847839544421756e+00
-1.988658435080588927e+00
-6.719087501199841883e-01
-5.154575978930201474e-01
2.173236443272153817e+00
-1.597293266502554931e-01
1.380665376798604127e+00
7.780658419886573585e-01
5.878078069623853263e-01
-7.967852730199563860e-01
1.585377084880209786e+00
-9.694750333952176780e-01
1.272444554685149276e+00
1.662562157376446637e+00
-9.981881735345281559e-01
-2.619324028731636389e+00
9.270711199960529614e-01
3.371295434361991084e-01
-1.491185684096713593e-01
-2.231471019153557389e+00
-4.027699731029362740e-01
5.821690800100353114e-01
6.302494130032197939e-01
1.395978316277145304e+00
1.041237537011447056e+00
-6.744550226664657311e-01
-8.430596823433611497e-01
3.015937697077402113e-01
3.977675027246831974e-01
-7.804414881763092060e-01
1.799295191671371752e+00
-7.844082450964270370e-01
-3.336544723556437719e-01
9.114648326212348994e-01
1.069785004159631292e+00
3.450770253063600301e-01
1.320368914380115166e+00
-3.533899669000704624e-01
5.781934998222539868e-01
1.420630770030462120e+00
-1.795192787797514899e-01
3.686589831872639778e-01
7.384952720395904224e-02
7.145537664151410118e-01
-1.615734069316155708e+00
-1.106856718408811613e+00
-1.414354486950573642e-01
-1.143452791770066757e+00
2.308622646821039959e-01
-1.597680912194648695e+00
-2.207954042583366583e+00
3.111199141253852551e-01
6.838465118598033854e-01
8.180077348577073915e-01
6.932042456493919813e-01
1.144449226561125910e+00
-7.463908145414304141e-01
-1.857063875064265401e+00
7.034976911042255532e-01
1.496897102882829067e+00
-2.071421076142747175e+00
1.791385912696904781e-01
6.971963925250539429e-01
6.295070616622365778e-01
-1.611069083449191197e+00
-1.378059094525338479e-01
-8.401570520271612885e-01
5.663925941354860383e-01
7.603736890770875778e-01
-3.579183826429042925e-02
7.934902637596097374e-01
-9.069253250356174023e-01
-9.183553269419114651e-02
-1.759641059337487545e-01
-1.747753104636848631e+00
-5.635241778103797783e-01
6.632636677994816488e-01
1.871593153181138280e+00
6.530829043286120461e-01
5.014973741396226981e-01
-1.569320620294486046e+00
-1.957822106807838303e+00
1.410010483284066807e-01
9.346822843853808127e-01
8.998078045825925741e-01
-4.391409663945266550e-01
2.408037195620178206e-01
7.284132735698461980e-01
-2.074706707982209297e-01
4.314174270228414154e-01
-4.483135493758971246e-01
-1.462070010031872425e+00
6.566531228468683867e-01
-7.064149720036434488e-01
-8.858836818437378913e-01
-5.242455958532762361e-01
-1.041623124400728795e+00
8.159352565237114607e-01
9.215994533395442945e-01
3.411099093679928473e-02
-9.896961037192236743e-01
3.403235729038595059e-01
-1.285379138718135694e+00
-1.458383822363181981e+00
4.472989527184850767e-01
7.213763958323271552e-02
8.064761514722588176e-01
-1.576480275059799041e+00
2.108076791597752186e-01
-8.872568866265441168e-01
1.386251862367828602e+00
1.175417864902860821e+00
-7.652994441551965732e-01
4.523942560848949190e-01
-7.579830208675468750e-01
-7.731969550660959811e-01
-2.108425318213791311e-02
2.961285405217715661e-01
-1.598999229087901597e+00
9.140238889112564102e-01
4.583231505963646368e-01
4.989752740399531761e-01
-1.749540748901249998e+00
3.130910353576539240e-01
8.363104453146735784e-02
-1.535067219841036168e-01
-1.883136135855897064e-01
-1.108721992447674554e+00
1.049908479777729831e+00
-1.402354125702720333e+00
-3.291484279685168435e-01
-1.035885569615780044e+00
9.892215669223078933e-01
1.932447849419737906e+00
-7.621670728571590392e-02
-4.900777782195837595e-01
-9.309315429315448420e-02
-2.612242496939669034e-01
1.619537981653418779e+00
-1.493825666301985988e+00
-5.532831888462431680e-01
6.575522527296688846e-01
1.156127484634967617e+00
-7.950417080440352890e-01
8.569078305178613464e-01
-2.137546288144957174e+00
8.348943430436392976e-01
-1.537596123324503239e+00
-1.022561363249909094e+00
-8.050621036761980154e-01
-8.292974274159545800e-01
-4.815447779256721295e-01
1.475207971898507164e+00
-1.356056050510247690e+00
-1.137914008206245109e+00
1.927743815713359454e-01
-5.683961536497775802e-01
-8.781111820600708828e-01
-9.899269190360854287e-03
7.916819744470237064e-01
-2.057541814719233420e-01
-8.812042540589591910e-01
6.620159100372184913e-01
-3.961080126794364054e-01
2.866624818164613675e+00
1.406327075159151396e-01
-1.292228686077300015e+00
1.890715638156733325e-01
-1.959128460613006883e-01
5.743119210149639775e-01
5.988562420410795673e-01
5.526272266537090444e-02
-1.597251661446615623e-01
1.532755529686782747e+00
1.358181154427204218e+00
1.463796581825939080e+00
-1.556325427766353409e+00
3.078207173687569354e-01
-1.818087712906091280e-01
3.581008292398270010e-01
4.869567673618355741e-01
4.413141111048256016e-01
-1.533509186309073957e+00
4.979535893547760300e-03
7.446212540647850764e-01
1.617753332652573039e+00
-8.865065297261086608e-01
1.264272920127577970e+00
-1.000003582184475270e+00
-4.180885400202051690e-03
3.801246075456145013e-01
-5.007174210245507462e-01
2.857001627036066971e+00
1.010241304951796204e+00
1.342290587126592438e+00
-1.458026931283023409e+00
5.047279199805030370e-01
-1.112229622221556774e-01
5.260423474735205218e-01
6.599623293324736739e-01
-9.773271698090033599e-01
1.702687157333322709e-01
8.550646427252164283e-01
-1.215416437825906248e+00
4.327168789642568125e-01
-1.238973917156347859e+00
-2.217016987546863716e-01
-1.033698559394009564e+00
1.522762077804958425e+00
5.420100664093332465e-01
-2.795753261311594073e+00
-1.304711069458768691e+00
1.244731910180051582e+00
1.156870171422430538e-01
6.363224752346412494e-01
-2.445058423128322611e-01
-3.299599117610769183e-01
3.401699698420482809e-01
1.130944482171268861e+00
-5.070937390360389374e-01
3.288793032819961049e-01
-1.379007733458962104e+00
-8.359795207837500408e-01
-7.546805341800777445e-01
1.479742587947058929e+00
-1.018809807601417372e+00
1.114000207147669341e+00
-1.105656891991301016e+00
-1.089443907762410957e+00
1.592710615714496292e-01
5.067623630743980367e-01
-9.914522967565234657e-01
2.177135702038140441e-01
-9.484614641461419290e-04
-1.489584035279087892e+00
-1.080768214360130486e+00
2.200574370252874612e+00
2.163695485182902944e-01
-7.871075470973900590e-01
3.516820503459043845e-01
5.624921741817919818e-01
-3.215687435554623330e-01
6.051628235756313645e-02
1.009559985072149946e+00
-1.086295056135079540e-01
-1.517277915829031987e-01
-1.080790643750449531e+00
9.855732194846669181e-01
4.111914359330094415e-01
9.730311517933663834e-02
3.837499751718392860e-01
-3.601623059943011573e-01
1.485956552264383390e+00
4.476093689013802557e-01
2.993993506159068896e-01
9.748209235519254001e-01
1.296265424904342378e+00
-2.885112603235449602e-01
-1.314579213639224031e+00
1.941514245770135538e+00
-9.124450094062274141e-01
7.751842936639938841e-01
2.580579621062882856e-01
3.884276895584119482e-01
9.331064582179696698e-01
5.609547151852954938e-01
-1.236307308433068020e+00
-7.939535458634419118e-01
-6.831953755217483326e-02
-1.317176045943899032e+00
1.944852366610603511e-01
-6.322312783470938058e-01
3.886526762593788265e-01
-1.498822177032691716e+00
-1.069677192233000201e-01
1.642389410150213447e-01
-8.747859434541709334e-01
-2.013137843600915744e+00
-1.191939651183000271e+00
1.019227997023477661e+00
8.581702082031958390e-02
5.028310136046573176e-01
-3.623954092451033837e-01
1.007588154196472630e-01
1.178743957364311035e+00
-1.624741730831892883e-01
-4.825019029985476160e-01
1.256787992812603560e+00
5.541850722455271550e-01
1.311428539833544848e-01
-1.441656627538297153e+00
1.159680875702065350e+00
-1.571079511223143488e+00
1.994749899621708344e+00
-1.531216892898668025e+00
1.028768135874640111e+00
7.416143329293249931e-01
-5.404204922359067131e-01
-2.397844337602187403e-01
9.636007797329935176e-01
-8.886068705303938886e-01
-9.351197592982074536e-01
-4.056784186995530672e-01
-6.405400141505762646e-02
2.417550446019666843e+00
1.978433877765453097e+00
1.702490588565314766e+00
-5.655646238065449305e-01
5.182594034277837602e-01
-4.799165259209736689e-01
8.284100650474686134e-01
9.515641090152343606e-01
-4.428959992737864781e-01
1.590991749286241763e+00
8.329448766237693702e-01
-7.884481510460294995e-02
-6.247729085978567243e-01
3.235918157245898374e-01
-2.150606705747277747e+00
-6.013415023363659628e-01
-5.183752243046120256e-01
-1.147328358139418691e+00
-7.642596898879435718e-01
2.604795924320833511e-01
1.008487695375931970e-01
1.496011849403503291e+00
1.514643519019694295e+00
-6.753882384226091995e-01
1.328583457860153416e+00
9.955643548750101046e-02
8.708985724993366651e-01
-1.533186500553784803e-01
3.901235744353312440e-01
7.571420920050088155e-01
-8.522123208053263010e-02
2.703512831283229612e-01
-5.283602204832134053e-01
-2.501449918001165743e-02
-1.478289480525569077e+00
-1.226482222762664165e+00
-1.087985158164528343e-01
-1.242446425474686283e-01
1.035581521218287060e+00
5.261998048611714607e-01
1.073056179242070085e-01
-1.678981756806440906e+00
4.341167999026956936e-01
1.405216979685774525e+00
-6.352207841557140355e-01
1.595208616170083471e-01
8.152004716658272088e-01
4.532816391616232843e-01
-7.385528058589018174e-01
-3.186523077658045544e-01
-1.648636657063215216e-01
1.428402532500863575e+00
-8.673339738827173795e-01
-2.222952789330981671e-01
2.649579211697169479e-01
5.036426705252171621e-01
3.229226598884532562e-01
5.057964257179891066e-01
4.790818169626867018e-01
1.320451464808559405e-01
-4.020045732557830931e-01
7.440227307062957651e-01
-5.101964647126250307e-01
-5.999408662329993591e-01
-6.374268515520238598e-02
2.083754854996809625e-03
1.480050285734909821e+00
-3.593828182791808934e-01
-1.550372247481437871e+00
-2.366906127060695517e-02
1.277863463798087018e+00
3.064352109984737060e-01
-1.165523413734132596e+00
-4.677527587022484723e-01
1.047787341236657399e+00
6.750909858658544760e-01
-6.121159607937312064e-01
-6.624071901845665633e-02
-1.666787130065786826e+00
-8.573325488331180744e-02
-8.776542463072726230e-01
-1.081313823185466205e+00
-1.409871357134852454e+00
-5.832616137814629065e-01
2.573715711905657511e-01
-1.918550059668802321e+00
-7.816633119937974050e-02
3.507175695665921689e-01
1.208222866232842030e-01
1.997517014286016579e+00
2.510503834178741567e+00
-4.651392358531795113e-01
-6.188014323358758118e-01
-1.083207470589461208e+00
1.392038594711011879e+00
-3.183779192200207886e-01
-4.173858451143518389e-01
9.019691450078334283e-01
-1.295925100151779752e+00
-3.107537625968501693e-01
-1.201314935972892239e-01
-5.321475423384940395e-01
-9.840460179642602778e-01
-2.636542106795883300e-01
2.537025028779490432e-01
-1.301422441180196454e+00
4.667321099641780213e-02
8.287653490006866575e-01
4.446973481829121222e-01
1.167970590511393958e+00
-2.711624376021283256e-01
6.502165231775804966e-01
6.321987903213439619e-01
-4.796390494585610065e-01
6.689936800546091300e-01
1.027528746585378627e+00
5.194396825166449627e-01
3.022475306807704265e-01
-1.647572264182661561e+00
8.919656080180935476e-01
-2.088972124509094475e-01
-8.128121715847341777e-01
-1.657807082149849842e+00
1.372959235257197097e+00
8.247833668286491671e-01
1.323157132379632339e-01
1.263410723454795104e+00
-1.144522831868964169e-01
-8.612071677867062514e-01
-1.068032654919565783e+00
-7.769158027627494079e-01
3.357209383430924676e-01
5.564410232160624803e-01
-3.042128608604953710e-01
1.470853922490006127e+00
-2.758129807907739872e-01
8.418485727414930508e-01
2.571553051279247271e+00
-5.848307666101146829e-01
7.636359014004379109e-01
7.063132977274462210e-01
2.178870244834327341e+00
-3.556595262581308536e-01
-6.961786818395547805e-01
-1.792581259265064286e+00
-1.083350401973296684e+00
-2.237759288852107620e+00
-1.406999605237887474e-01
-8.195026140462969844e-01
-1.761298831930336317e-01
2.221917036383575184e+00
1.610276344157788753e+00
-1.705714942199226536e-01
8.579999240953227746e-01
7.847847518376950271e-01
-1.807260109608313625e+00
-3.088983688006362360e+00
-8.806729907008280511e-01
4.570877861593840991e-02
1.204166955264888594e+00
-9.576078915167768324e-01
-1.049770381798411423e+00
2.125874271523748582e-01
1.261149278562955223e+00
-4.779138796428480940e-01
-9.188863956715997983e-01
4.765102344849955762e-01
-1.118782846206329840e+00
2.712194304916332843e+00
-5.289401754242296638e-01
-8.208988665109128169e-01
-1.641915564374267777e+00
-1.040204146165952387e-01
-1.649982646901636096e+00
-1.052914689677174387e+00
1.786124808144427811e-01
-8.898354174593846588e-01
1.599729089025679896e+00
-1.441466663775977208e+00
-7.391846982841793201e-02
-9.225736225976015614e-01
1.483615162621447103e+00
-3.637152437792665616e-01
-1.933722885577358330e-01
2.127624494443198344e+00
3.242366927702612367e-01
1.609665349499644904e+00
5.819841506543602661e-01
-5.946165465471936473e-02
-8.804132066403091983e-01
1.089683492579146540e+00
-1.183899559942414026e+00
8.784656995336613816e-01
1.170289190626738890e-01
4.926547004209110847e-01
-1.177243624198796579e-01
-1.344714764708671462e+00
2.402833182333390105e-01
6.491447983200191452e-01
-1.244542573061664659e-01
3.842976713791131371e-01
-6.696735954965470361e-01
3.857383303484402948e-01
-6.964640237570565162e-01
-9.371773961186969926e-01
1.561081973027000247e+00
-3.321139358373934036e-01
-1.495418678124632306e-01
-6.645252628531662653e-01
-8.655438894764548863e-01
5.456485089267033572e-01
5.047855206629560110e-01
4.528647187183966194e-01
5.555163115364233350e-01
-3.813446006096807839e-01
-1.593586930632124421e+00
-1.338520880432208515e-01
-7.232324553953176083e-02
4.467605874904844593e-02
3.453351943760134962e-02
1.023113878047401670e-01
4.580809082048293290e-01
-1.559533806755668772e+00
2.004295013875302622e+00
5.202726200418493763e-01
-2.711888154216928193e-01
-2.186261443208965261e-01
-1.754853836298676750e+00
6.882446911985995452e-01
-1.278300964517352201e+00
-8.054902687464825517e-01
-1.457200086803906558e+00
-5.323079185885201126e-01
8.023990214694340928e-01
1.880426540164100491e+00
1.466874866088086815e+00
-8.644437581375279400e-01
-2.573950344791204881e+00
-1.114092008416169843e+00
-2.571973869149024421e-03
-1.421608105432605074e+00
-1.610992642023291843e+00
-8.970582644806932571e-01
2.170240155438535545e+00
2.139643182293771428e-01
-3.967809046159306852e-01
2.726605284039818056e-01
2.252352883782922019e-02
-5.663724861566699076e-01
6.130946061485457177e-01
-9.989071430610206859e-01
-1.777258221702128216e+00
1.462705300852380041e+00
7.446158212021115608e-01
2.885437904266222597e-01
6.105943039564404318e-01
7.337150419642193278e-01
-9.527034454238499928e-01
-2.863758340857767704e-01
7.466236107687168611e-01
-7.632264006488099772e-01
-6.931670620728389576e-01
1.410243159052076145e-01
1.328962535308098936e+00
-1.043367537620886187e+00
-9.462904864403680616e-01
7.170186655195230629e-02
-1.428541626022633126e+00
-2.024864918561837257e+00
1.373751552498288619e+00
-6.244289593939856414e-02
-1.296438956528573661e+00
-1.250508434852230844e+00
8.171909539108883624e-01
4.698743158112066443e-01
-9.588215057184164003e-01
8.225792722439930760e-01
-2.813704397650366174e-01
2.563550860825696831e-01
-3.947875974599991955e-01
2.427873628139564366e-01
-4.940691154266682594e-02
-1.767902575391162356e+00
-4.261180058504702717e-01
1.385720557498906436e+00
-2.315645510167175375e-02
-6.771861023991398998e-01
-2.035164826532251947e-01
1.158907748277291372e+00
-3.555843903450880972e-01
-9.239103605872290848e-01
-2.688484457086260715e+00
-4.662201039395950652e-01
5.233199637703193075e-01
2.383325739029793056e+00
-1.634213989326862571e+00
-6.639841042905634261e-01
5.112672284246169152e-01
1.194051804452699983e+00
-8.615171060300613748e-01
1.168741148517108641e+00
1.232566562337031879e+00
-2.039918199375397728e-02
-2.651342388412937234e-01
1.383618784474868746e-01
-5.103447090061552505e-01
-1.017384228730323859e+00
-1.834833007934463522e-01
6.410669316884863855e-01
-4.634867401583609436e-01
-1.706049009986861265e+00
-1.348112447690702931e+00
3.954383174027047837e-02
1.708455073649077227e-01
1.325814323136213779e-01
2.977860120464838056e-01
1.239463957440756881e+00
4.932927149519278354e-01
-1.152234582193073953e+00
9.894935511496109060e-01
6.437930393838673382e-01
-3.870309970585967818e-01
-2.380745022931881394e+00
1.495375280568277176e+00
-1.524710619178928916e-01
-1.580149726533069510e+00
9.875276779219620271e-02
-3.352861816689803320e-01
-6.850214604674550456e-01
-2.739826082738443080e+00
1.021222320208293732e+00
