5.408137085397535238e-02
-3.357949497153573937e-01
-4.021866003814061896e-01
-3.006008462856475383e-01
-1.029956829735271251e+00
-3.494559950913895818e-01
1.475580213809428276e+00
-3.912281624534508229e-02
5.543630347948280690e-01
4.295226227460440249e-01
-1.902418657402403568e+00
3.364230690303531279e-01
8.375356378366691779e-01
5.214261783859024391e-01
1.137868082963713334e-01
-1.998101499102551415e-01
-6.130379251134261409e-01
-7.701332579979183190e-01
-1.711640883671883273e-02
-1.712343639344281687e+00
-2.507396744388601384e-02
-3.817423951860094977e-01
-7.235898596309082720e-01
5.228882268868046967e-01
3.164548135705529397e-01
9.488731026515857536e-01
-9.013316314392978423e-01
1.547302110104681550e+00
8.369978742129733362e-01
-3.191523910538383024e-01
2.179617564671794128e-01
-7.809544062658928532e-01
-6.634102869878222286e-02
6.278186557450982086e-01
-1.240756640602391769e-02
7.931773945772317980e-01
9.008844107621056807e-01
-6.791783722275699375e-01
7.520343651233780680e-01
-7.912779572674777384e-01
-1.157383995741601002e-01
-2.560639915237029829e+00
-9.534245066882691688e-01
-5.807202215084494856e-01
3.593740348357694625e-01
-6.393095716272421125e-01
1.846516544595120379e-01
-5.590890651917861387e-01
-3.958374613550941223e-01
2.654681262543729936e-01
-2.204813714142248582e-01
1.545254872807280133e-01
-4.631442091147064399e-01
-8.082900532386085857e-01
1.539694452934670110e-02
2.701048761856277292e-01
-7.813489319777557895e-01
-7.654183260788163246e-01
-9.803045045445446526e-02
6.928310572293843173e-01
2.330162397580248790e-01
4.032147581311134044e-01
-2.009340531203418490e-01
9.460158399738438639e-02
-1.802213761843662887e-01
9.939546204568605603e-01
4.639736326357815077e-01
2.782814629091716618e-01
6.234881365462123792e-01
5.698240576807582780e-01
-1.615820528393214772e-01
-1.141405935772255020e-01
6.248078370823029193e-01
-2.597904477794497069e-01
2.146132084437555321e-01
9.929531174925581016e-01
-7.634663313094636194e-02
-2.437370617026284325e-01
7.879122498156903021e-01
1.398327255742810582e-01
5.377889613368129762e-01
-2.792985206405860232e-01
-3.739605176530154118e-01
-1.462075100621516022e-01
8.873858564790411130e-01
-9.237887419803254563e-01
-6.753408358232924069e-01
-7.083062582269226137e-01
4.310372211446141799e-01
-3.936931415737021656e-01
3.491887600235876743e-01
9.136788305833589696e-01
7.185378945414495622e-01
3.609397129726501507e-01
2.648271271227693457e-01
7.947198590161401732e-01
1.111779878284928635e-01
-8.805059511264159422e-01
-5.602134079054161830e-01
-7.770636647293118759e-01
6.912142005166013181e-01
9.303496602597218779e-01
-7.230012008935682299e-01
-1.768138817422351128e-01
-7.114996230357484297e-01
9.567498120921658078e-01
1.195389010617573522e-01
4.683927252656352458e-01
3.811606853218494351e-01
-1.450135997192090187e-01
3.957749954748734922e-01
9.884306546164975948e-01
4.048143722811421430e-01
-6.928308493425425763e-01
6.599657259792091057e-01
6.123916697660152231e-01
-4.073446371882305517e-01
-1.618011023094765299e-01
7.319355769907598397e-01
-9.194559711432404026e-01
-5.238683261337317987e-01
2.610631005797181547e-01
-5.033521572165839952e-01
2.022481486875138401e-01
-3.396137283405368912e+00
-4.981276728234398377e-01
-9.422027520564166814e-01
-2.858922315387424362e-01
5.636762571510567366e-01
1.293108337303516819e-01
-5.838319805400782325e-01
-5.759560872098590245e-02
7.385010308590205241e-01
-3.231315945616022312e-01
2.567926585992963417e-01
-3.621118833394947334e-01
6.441598401532928619e-01
-6.791718074542596462e-02
-7.819283430868310125e-01
5.780534105340351392e-01
-6.879412585302231431e-01
-7.383811260167305601e-01
-7.270684057475054196e-01
1.547106336408541338e-01
5.385694129893170423e-01
3.039492744552121373e-01
9.040568450912058740e-01
-7.752944398321990338e-01
1.653760797139840477e-01
-1.414793875825801850e+00
-4.312151767470944197e-01
-8.141590889285350574e-01
1.689967499012385854e-01
-6.302898187701782007e-01
8.880156854805223432e-01
3.531466012200117355e-01
-7.646077179652466249e-01
6.915359698036014358e-01
5.613836112388554955e-01
-7.324303141861689959e-01
1.648783092371570724e-01
-5.355866447803170338e-01
4.647016878364049752e-01
-7.973896985034214513e-01
-8.267816454449792296e-01
-7.609924251924766736e-01
-2.504029822210307454e-01
2.312416335714284621e-01
3.458268924926981569e-01
1.861682215450768396e-01
-4.183275612238979146e-01
-7.874040253138507861e-01
-5.670867364291625190e-01
1.063799640861458062e-01
3.091673512345722852e-01
5.395285440268358101e-01
-4.649817209437008270e-01
6.066889461795172966e-01
-5.800622159356967344e-01
7.153087144627917615e-01
-2.330085146583003031e-01
-1.020463376775861963e-01
8.107404890896161564e-01
-5.802643377680583026e-01
-4.755586537216696108e-01
-7.814053067026183186e-02
8.135499414935938312e-01
-9.515553495128907802e-01
-1.606174267426743185e-01
5.695514456383785618e-01
2.862095658931267383e-01
-2.292649818212038060e-01
-1.883586097837109286e+00
-7.802333348313450490e-01
-5.599399894436808689e-02
1.320185237189774874e-01
4.180975637727104566e-01
-5.269952701244196014e-02
8.500785575964006080e-01
9.088145299789240905e-01
-3.849326029888850975e-01
-1.813270988629992697e+00
-3.830104006290713237e-01
-3.297721047758328528e-01
-6.936176744705824238e-01
6.256352834407312713e-01
9.579011928840048817e-01
6.085498224938186151e-01
6.697936870306162582e-01
6.922177640990856418e-01
-2.288009705192319831e-01
-1.181180793458520117e+00
7.523211073233864177e-01
4.223786179214618075e-01
-1.828914883456351781e-01
-1.750576743839538096e-02
8.972205829236018504e-01
-2.693647057599934946e-02
-3.886790104835435855e-01
-9.948053054920302785e-03
8.296723321530352635e-02
2.535211139680588754e-01
-1.213831599234121317e+00
7.199829718536772116e-01
7.974678004027695444e-01
1.525018997586389258e-01
3.712767777345546971e-01
-6.961741381643788973e-01
4.927502757514290455e-02
1.236325036384478437e+00
-1.526182537602874145e+00
6.959994966857773191e-01
7.490035321791821410e-01
-1.375684991932853540e+00
-8.905236990616132164e-01
-3.786039050817082696e-01
-7.607126144762517139e-01
-9.193968550404396645e-02
-3.354121271534131754e-01
-5.077397261303628895e-01
-5.076323884642921502e-01
-7.171688372786093613e-01
1.267664984436803977e+00
-6.884186700577497042e-01
7.707624175651550669e-01
-2.554870508837826515e-01
5.823496302500297261e-01
6.178531805666964694e-02
-3.424027807320688677e-01
-2.591619053879059553e-01
-8.775135623462400059e-01
6.415573052126171127e-01
-3.826834650715325026e-01
-8.929674069321794638e-01
-4.471502682762440450e-01
-3.287962285508403970e-01
-3.062658752172473520e-01
-1.177039697847863664e-01
6.933042212421143269e-01
3.248767269912098410e-01
2.812459734019998603e-01
9.623055408482392714e-01
5.663852727993525793e-01
8.009409035504928553e-01
-5.840688997971026364e-01
