1.591634118697617506e+00
1.783089745836382578e+00
-1.080869765111478475e+00
4.554508677047570675e-01
-6.032527269990830554e-01
7.382337495669024641e-01
-7.112456633026533748e-01
9.126409149576272251e-01
8.851628933735979921e-01
-6.408919885538977290e-01
-6.834989971748937077e-01
5.280220742837382630e-02
3.994157802388840217e-01
3.184426628089442879e-01
-7.355265307004714703e-01
-8.422476006189800746e-01
-5.549989384717706198e-01
-3.435422110083357072e-01
5.178249374422689844e-01
9.217284899449873503e-01
-4.781464387298264285e-01
-8.849613408519481084e-01
9.809901601502239998e-01
2.678723112322778377e-02
-5.737510636957521282e-01
5.551612395449707638e-01
-5.978579428825075981e-01
4.631443458336069741e-01
5.128264549572059128e-02
-7.560896776281640363e-01
-3.381566428711572314e+00
7.539613950004027121e-01
1.594414946366906394e+00
-6.457404193809130888e-01
-7.338030283173502255e-01
-2.524376916140027571e-01
-5.952406636274087948e-01
7.489265124346822233e-02
-1.225392059932994826e-03
-1.066445334164153547e+00
1.797128421645572516e+00
-7.196470463849352628e-01
5.584903374982486124e-01
-3.588699592715691278e+00
5.333869559944452998e-01
-1.784829045919638091e-01
-2.070499836130829108e-01
-1.776512544186558129e-01
3.075783530710061164e-01
-1.640061264551762044e-02
1.277140216475196599e-01
-3.893862653067100554e-01
-8.658140268373883952e-01
8.731344073282347740e-01
4.236942633475458964e-01
8.316545177189116345e-01
-2.157851593132346757e+00
-9.563158551374066896e-01
-4.811490424311126723e-01
8.585246283768515063e-01
4.636804959890152844e-01
-2.419817490469829746e+00
-6.911222713195976919e-01
-1.440212716729405873e+00
-2.745793002258667403e-02
-4.138670864527251858e-01
8.588407508772053500e-01
-9.855988881207926600e-01
1.219405823796586574e-01
3.054193612010334125e-01
4.037562016852210833e-01
1.132195937571373046e+00
-6.145033536487396475e-01
6.807585624171972327e-01
-6.449959519098729110e-01
5.111235403414942091e-01
6.701445640789009950e-01
1.162544815451931113e+00
6.320226313856440736e-01
2.128481786962628242e+00
-1.582619681400754263e-01
7.145124040054648962e-01
5.826487621290554753e-01
1.340953639894128635e+00
1.020246950170658362e+00
-7.389397772636032702e-01
2.356314531348792762e+00
-8.787520176972893893e-01
7.390148371732787602e-01
2.128954268206237899e-01
-1.509648815080721906e-01
2.971496545140048795e-01
4.900678133598856956e-02
-1.460363651305832899e+00
2.796394267315851501e-01
8.119537469733363322e-01
-4.508732874082763131e-01
1.125807500973578623e+00
-3.613938764728434894e-01
1.564641596029037407e+00
-7.924323026273085713e-01
-1.127335508629285554e+00
-8.925718367365752526e-01
7.570280319499156363e-01
3.809864403191842719e-01
3.288228663823329345e-01
-9.961881471985090108e-01
1.062382784564115612e+00
-4.653953298448387788e-01
6.337721668975824230e-01
1.186113507587257088e+00
-4.342198096378382388e-01
-9.901311980112570410e-01
-1.037838933859565937e+00
5.400124586390180337e-01
7.913239316350586527e-01
1.014744598010485666e+00
6.532220361414222687e-01
-1.779791530090801377e+00
4.721138014105268343e-01
-1.433385298736912672e+00
7.969196469760118084e-01
-2.853129368998552184e+00
-2.271475309384953789e+00
-1.609053772831608997e+00
-9.366812602077434491e-02
1.686665178916141095e+00
-4.373402171508487868e+00
3.927005362331003280e+00
3.254962996799304342e-01
1.513648563657010504e+00
1.581234625184383402e+00
-3.930900072131535694e-01
-6.235122313546270778e-01
4.070032602621119544e+00
7.216073563667557700e-01
-2.401815506123828881e-01
-8.983507382054591872e-01
1.008816022565190540e+00
-9.859383938031616168e-01
-7.958326305149225899e-01
-1.488726149404951959e-01
1.386244207416373886e-01
-3.695573294625387195e-01
-1.936373958170278797e-01
1.414878797738664762e+00
-7.948406260864855355e-01
7.409745218832115565e-01
-9.600274973403013501e-01
-1.416037212513940657e+00
-7.019100417526720204e-01
5.908667535678205907e-01
-1.813304543021789783e-01
-1.235668236803990183e+00
-5.775719767318503450e-01
4.831927042910961756e-01
-1.832446616275453799e-01
-1.439204838570791178e-01
1.823451496709362907e+00
-1.382238963628315442e+00
-4.627304952819863426e-01
-1.524274388821661663e+00
-2.639108327432910794e+00
-4.964555937079968562e-01
8.908160467469630195e-01
1.190868391575244933e+00
7.743071438404671714e-01
-2.133988896828908466e+00
7.032182763562722094e-01
-8.746508172941220849e-01
-1.454129613850378089e+00
4.123459853540719644e-01
-6.364368723200062306e-01
-8.420416100300305295e-01
-3.042095529209676297e-01
1.360829142641283962e+00
-2.275931528583135854e+00
8.025510863039821974e-01
-1.208937313619935505e-01
-1.939752506770587637e+00
1.879848820164176093e+00
-9.683549171404384204e-01
-7.692968969832573167e-01
-8.745660355599391700e-01
1.883644448556827111e-01
1.135312906924615284e+00
-1.097516233950208697e-01
2.275626458923904583e+00
3.691651427541529529e+00
1.171526273440795407e+00
3.375440171611761464e+00
-6.890316152370954406e-01
-9.374321491100106041e-01
3.121715926374841743e-01
1.455311436890629029e+00
7.979134832986829462e-01
-2.468673314451221845e-01
2.837777656285678241e-02
2.958900391408521013e-01
4.034843296980574756e-01
-1.424661075996134674e+00
-9.482593394010863097e-01
5.925950193617284256e-01
-6.571263083663516635e-01
8.507670384022992804e-01
-1.532431473767661423e-01
9.898229672568230608e-01
4.301206332122791132e-01
2.615015211510218318e+00
1.320414667214788729e-01
8.394904942018968086e-01
-8.122974229362789345e-01
-9.013742029003899425e-01
-3.064905573844591835e-01
-1.582976754580771583e-01
1.383745498445494437e-01
1.284096977167654252e+00
8.980526999717988179e-01
9.516756850643459664e-01
6.633053407369744470e-01
-9.480911679640915413e-01
5.204098601917102052e-01
4.584013904048400700e-01
4.899016820178572207e-01
2.909100788174692198e-01
5.162086278035546982e-01
-3.187825545978667519e-01
-3.702070219979658461e-02
9.254135796026685679e-01
-5.800132619293418834e-02
5.726001722247184844e-01
-2.471343152345841787e-01
-2.781479989931693098e+00
1.964948178516512378e-02
-7.890857608873438345e-01
2.675770198913166587e-01
9.199778157998591555e-01
5.552558116917243325e-01
-3.119262510215103923e-01
1.117762064038889225e+00
-2.043037411526666514e+00
-4.808224268011171976e-01
6.710514938785652195e-01
-6.988720984973384454e-02
-7.553783489421428410e-01
-8.221992615344884126e-01
-3.113710933310611662e-01
-9.123715740677895703e-02
-5.720798769961210617e-02
-1.377405392187038835e-01
2.314793762246469822e-01
1.050691407516742171e+00
1.473142065669463818e-02
-4.072313426940725734e-01
3.184168026625227021e-01
8.187402855930026035e-01
2.451148867661766761e+00
-2.824096686610866325e-02
9.925179144964004774e-01
7.642559087405282892e-01
4.110367866867798980e-01
7.880461857849285767e-01
-7.058574737768252838e-01
6.694853446828896715e-01
-5.057261937102996985e-01
