-1.113280248955010043e-01
8.861204438482787049e-01
-9.478039940025827503e-01
1.497493832555933269e+00
-5.297190852285778018e-01
-9.226155208889500470e-01
8.704427689810499691e-02
1.297699547868510273e+00
5.341709326971461058e-01
9.081931198343675682e-01
-4.380917880251580798e-01
1.482577472018854037e+00
4.011899444921592228e-01
-4.031636287067623114e-01
-1.379655493133210120e+00
6.496308400756919399e-01
-1.281084966687949356e+00
2.218133643067568828e-01
-1.199723136688492175e+00
-1.083297561795557307e-01
1.785118614888843824e+00
1.428825145626140047e+00
-1.749317316357070218e-01
-4.455044298234436817e-01
1.535753689601360605e+00
1.144876107316820102e+00
1.968352511400932869e-01
-1.518612728728798988e-01
-1.352858304361813202e+00
-1.997730956341905006e+00
-1.724743062357910750e-01
1.245943475360398178e+00
-2.593873512529950784e-02
-6.823886488513846160e-01
1.945378381713387950e-01
-1.265091298296550537e+00
-1.723074077584480834e+00
2.995556026837691288e-01
5.602106402282428510e-01
-9.602144045162175345e-01
1.764884311635319114e-01
2.645693379712775462e-02
-3.067833169091062628e-01
-4.147264482329456325e-01
-1.286865782576759876e-01
2.310811279399668447e-02
4.851352558530708237e-01
-5.573016637567569376e-01
5.687994346529504641e-01
-1.499230798116341967e+00
-2.399453711599438266e-01
5.251793604436368057e-02
8.282256201403526141e-01
-1.619410321854610091e+00
1.770410936508402200e+00
-1.291054399761344618e+00
1.834123279874413925e-01
-5.367346823014468304e-01
5.972069682856590012e-01
1.185449964014354096e+00
1.132212347440046729e+00
-2.012948634792970926e-01
-1.212385911155404727e+00
-1.922147652463127132e+00
-4.073059462722563584e-01
-1.123585985656486486e+00
-9.209561869910855014e-01
-1.562714920511389272e+00
-3.604304539807218766e-01
-2.311185389169998050e+00
-5.193731293223037282e-01
8.150699300637211930e-01
-1.416612882897416936e+00
-8.795479068069379514e-01
-1.878147989518429872e+00
-1.643740458752853240e+00
1.782107245836576315e+00
-9.960548820524416092e-02
1.966850640240103421e-01
1.238507323287981743e+00
-5.670342124155397512e-01
-1.273539626583735096e-01
-3.278033052190332808e-01
-1.466733191072344955e-01
-5.717882584999849360e-01
-1.188382044289937101e+00
1.150848748122202503e+00
-1.003026822630256776e+00
6.427560465650612731e-02
-3.940027654172826299e-01
7.868838728988126752e-01
7.765866833573545902e-01
-8.205689957590570627e-01
-1.132699248947552029e+00
-1.014396712002040735e+00
4.027861629678235467e-01
-6.752206700879760659e-02
3.585629145425467401e-01
-4.137894929193531857e-01
1.379649463344184035e+00
-6.477118670085918462e-01
2.560293436735338268e+00
1.362527285795945398e+00
1.703839202341552728e+00
-1.349731168976114448e+00
-3.601073511326540744e-01
4.239747775368324367e-01
4.509450821271421272e-01
-6.310990959731527239e-02
5.045353776261057854e-01
-9.868666727021762064e-01
2.338909622664864796e-01
-4.052055285033947379e-02
-1.755433745636648668e+00
-1.248417405770734456e+00
-2.051401171759941466e-01
-1.158470412437132113e+00
-3.815097505361353392e-01
-1.438660997761287863e+00
-8.426067467588299609e-01
6.474709192046331774e-01
-1.333901460481143886e+00
-3.554590792924990778e-02
3.252612412230611594e-01
-7.839383380945939006e-01
2.235065029802574266e-01
-1.459070827470373199e+00
-3.903119022940537142e-01
1.690792652005921770e+00
2.552857762307641498e-01
8.195038052301426568e-01
2.561593534761020585e+00
1.598499883492807250e+00
1.086094361646275264e+00
-5.816052576741984614e-01
-8.226587383379481422e-02
-7.536584857829280448e-01
2.499935475586012590e+00
1.764716923222945155e+00
-1.090063554155457304e+00
1.797975082468513675e+00
1.503298033430143343e+00
1.745656948945172093e+00
2.904085775315358720e-01
-1.086327435705858463e-01
6.705900551449681668e-01
-2.712911444444935927e-01
4.424058497302538751e-01
5.330733212920535369e-01
-1.080101166478082408e+00
1.050201090119932790e+00
1.022854967322814751e-01
-1.087705870120410923e-01
4.289991417060173284e-01
-3.330947365990825082e-01
-3.824065834052651769e-01
-1.434330772889569561e+00
-9.354384923485696834e-01
6.435210499509889104e-01
8.966920594651992538e-01
-2.107566825473224104e-01
-1.366913924589037155e+00
4.724975085790832086e-02
-5.935311070578139780e-01
2.155383008261623212e-01
-8.453938060120895770e-01
3.638502335693856726e-01
8.108777920033769515e-01
7.790867383694074499e-01
-1.523425070523639402e+00
7.401036925647909437e-02
6.443435849951607564e-01
-1.148101708247688091e+00
4.890707749285809203e-01
8.489597234732862985e-01
3.823556274115924580e-01
-4.028761666543552167e-01
-1.140815637665792553e-01
-1.639802345603602607e+00
1.925954719247487124e-01
2.295003315467801508e-01
9.681833232439429615e-01
-3.413752418180653336e-01
-6.737633565425413806e-01
-5.962833382366511392e-01
-4.050422543994821045e-01
-2.074559811961771860e+00
-4.877908507817829142e-01
-1.038103406718402955e+00
6.777104317646225340e-01
1.891685189768272046e+00
4.603446520919194374e-01
-2.978822876919451357e-01
1.325318719107087873e+00
-9.868778572584728792e-01
7.315927870626015572e-01
-1.171810207374518020e+00
-1.010632525137070914e+00
1.228954687533304613e+00
-1.976646610443172580e+00
-4.309363791374271752e-02
3.329650467059627195e-01
1.526901567068197907e-01
3.128632002156698233e-01
6.264407262117174247e-01
-1.156094735518919392e-01
-1.487793346576904652e+00
2.201443534196729779e+00
5.760009311770954987e-01
1.561900916131793160e+00
-3.797822958095007917e-01
-6.002864771898459573e-01
1.163039264691859698e+00
1.729744072922067555e-01
5.994038901884112258e-01
-1.526667402977391619e-01
1.520640029982251562e+00
6.648156066498113193e-01
9.654365565360261137e-01
-6.343493987110623289e-01
-5.317181946084389432e-01
8.229547793101665842e-01
1.601900368534664887e+00
2.102879363732609974e+00
-5.678461504664350512e-01
1.835785902169997597e+00
7.065606192543519848e-01
2.202526981804678652e+00
-1.205519667307907022e-01
2.592597309098075287e-01
1.028485840169526266e+00
-1.265503730759911238e-01
7.313772432409523239e-01
1.377342786880673575e+00
7.589243343637265271e-01
1.763519612970684547e-01
6.798675398461949682e-01
-4.117973010045204996e-01
1.899013845650004972e-01
-7.496698901659403225e-01
7.884088260258742542e-01
4.080135199724261308e-01
-1.254358049254406193e+00
-3.241899396197442385e-01
-4.083513913300174658e-01
9.361438997650292082e-01
-3.760328552734585328e-01
-9.721638596013175704e-01
6.808608886730296850e-02
-9.164599094457238637e-01
-5.531630962333816681e-01
-8.769669721833261988e-01
-9.135213961638555258e-01
-8.462556317481778612e-01
-7.241783370184036173e-01
-4.308625779939597722e-01
-6.220580325396534160e-01
-3.195287931692490924e-01
-2.025293019521761106e-01
-1.225655748802539691e+00
7.098304425030070586e-02
-1.114008967115641680e-01
1.927236459944691449e-01
2.752226657249826625e-01
1.577998322178516322e+00
4.273989941841120355e-01
1.146937809557790483e-01
-6.796755962259518613e-01
-7.706186855362830990e-01
4.873392598242471535e-02
9.354769564261887771e-01
-1.759054660466895514e-01
2.162833286530140564e-01
1.337116673343114459e-01
1.133693070528825952e+00
3.301801560549388337e-01
1.292451421969182945e+00
-1.549679011830628061e-01
2.429250500839768456e+00
1.547484357265533017e+00
3.404346511540768394e-01
5.860050794273773400e-01
-7.035609380748331088e-01
-3.787382443637090090e-01
-1.568510358399068716e+00
-4.764397668162734245e-01
1.073851194946309651e+00
1.121579007424150065e+00
4.740995907738974058e-01
8.531222038182751932e-01
-5.489430837197513124e-01
2.696638468354491391e-01
-1.105626219673085719e+00
-1.543001298860448289e-01
7.650609618694015346e-01
1.327046566104370218e+00
1.063819320579196370e+00
5.721190290606412709e-01
2.377096781920549518e+00
-5.477623986968336300e-01
2.387413332937646793e-01
-5.285700883251177179e-02
1.516201217508081900e+00
-1.404788294885022548e+00
1.392119615150531509e+00
-3.687122023000197202e-01
1.542016274735696690e+00
1.091151821035547975e+00
1.012534643216884689e+00
-1.808568891146608459e+00
-1.430818381811648887e+00
-1.162426431115626713e+00
6.867233837935668994e-01
1.416111882700650526e-01
9.181421205147040077e-01
8.667798829027233420e-01
-1.448933271364081454e+00
5.040198784270253363e-01
1.305449413280006243e-01
2.067928976122647700e-01
-5.796256417595613275e-01
-1.455474010700670839e-01
1.987847979619936645e-01
1.115637812854381572e+00
1.992728029945259438e+00
1.373733532606972174e+00
1.408946757564043528e-01
-1.016446742101071221e+00
-3.522996418265610385e-01
2.348754428892238177e+00
2.648996024053230647e-01
-2.440335714397929567e-01
-3.381772319348247402e-01
-1.805628407345249764e+00
4.909706681730424682e-01
-2.085090073549104583e-01
-3.670833315851632084e-01
8.396022506012306152e-01
-8.365809125949245084e-01
1.820484088153431879e+00
3.762307861828897981e-01
-2.906676054672671095e-01
4.324446746152709187e-01
1.091124376465810869e-01
-2.860247444925880234e-01
-1.298460349423307569e+00
7.194726297225113587e-01
-1.767326842661520292e+00
1.040586646545624272e-01
-6.146446914166970865e-01
-3.535593836247858390e-01
-1.066133294482990296e-01
-2.437882972983134611e+00
-1.360799913989624854e-01
-1.801334584876574940e+00
-5.001071647843338130e-01
4.410903870060094434e-01
5.015462005314552663e-01
5.688242888608574521e-01
8.027123424860744816e-01
4.182253856481437104e-01
1.968052429358537192e-01
-1.217974161684848511e+00
1.768220444686241732e+00
1.155520486853243156e+00
8.938316808621227239e-01
-7.251555968410936526e-01
-1.259434888531702379e+00
1.043208630547273197e+00
-1.664380083310100122e+00
-3.435288849594665961e-01
-1.487498736794496679e-01
1.589194850204499243e+00
-1.103220101996843505e+00
-9.657904641525364431e-01
-8.169118506046619821e-01
5.503271614847697890e-01
7.875515408452322674e-01
-3.338194748676905771e-02
-8.188406291974495987e-01
-2.245207833719960536e-02
8.163288332591472907e-02
7.160946054522535631e-01
-5.523487117300793225e-02
-3.585377293545013444e-01
-5.617624010707501503e-01
6.934276571684372392e-02
9.240677760911887584e-02
-3.725005046490019178e-01
9.732858257170209360e-01
-8.292583605403670566e-01
1.911014686677307006e+00
-5.435862809028768616e-01
-2.969642064371322276e-02
1.425904583761162803e+00
-1.246349176794223412e+00
1.775655622856826099e+00
-8.053018817994392897e-01
-2.580170796015921614e-02
7.276348324921548816e-01
-4.891080734746802716e-02
2.999618258746331034e-01
5.117273663734357436e-01
1.999802445679440543e-01
-8.152298902129136993e-01
8.390411202830490300e-02
-3.734075588582362326e-01
-8.353858954651001145e-01
-1.406070676836161104e-01
2.985825104063323798e-01
5.134330285490529278e-01
9.096733588584873242e-01
6.976242184459052753e-02
-9.293803628628068136e-02
3.232093729614878286e-01
7.725856870640759322e-01
1.766551484499960800e+00
3.265251598582873394e-01
1.075447514534235260e+00
-1.397225869943642396e-01
-1.975925182728039742e+00
-1.764340659158990965e+00
-6.148030659789289754e-01
-1.754480017915597490e+00
1.020523568796320557e+00
-2.064373207725151704e-01
2.520585636278764863e-01
-2.302362792824613535e+00
2.028715736025368532e-01
-9.201228289552423334e-01
1.965145539720263956e+00
-2.369586132622591435e-01
8.166894176426842122e-01
7.049736391281380410e-01
2.663670169736119808e-01
-2.241950881365887549e-01
-1.066231623173037546e+00
-1.757018861055672065e+00
8.705778829400812047e-02
9.039914220736592343e-01
-1.750813251798292614e+00
2.377210962753241397e+00
-5.300841746106966790e-01
-2.116767752639912903e+00
1.994907180813349223e-01
-3.977774631810755412e-01
1.725980982327911528e-01
1.250658845460462243e-01
-4.072619068782865615e-01
-2.999138477481417819e-01
-2.386508439994001474e-01
-1.493596484060261353e+00
9.396282603827408320e-01
6.855716942091687471e-01
4.064458540713704049e-01
2.111718101247858359e-01
4.897785459986807588e-01
7.753823080874262530e-01
6.093993244238107287e-01
-1.145598326770102204e+00
-2.253479086854482949e-01
-4.485305448919282290e-01
8.664177086282980333e-01
1.192734434642044386e-02
-6.132108096676091025e-01
-1.083958150143983223e+00
1.136157553836256717e+00
-7.573394107804189979e-01
-2.630473556028414817e-01
1.429577019467836330e+00
-5.362600091270880442e-01
2.348441264669939965e+00
-1.603772283695472922e-01
1.046590569193678544e+00
-7.561865931138441743e-01
-1.379779278443929558e+00
4.720404159102744024e-01
-7.989593683636212473e-01
-1.360712295992410725e+00
2.126137169678080863e+00
9.962332266169072748e-01
7.548369618817228899e-01
9.664640057316790100e-01
-4.161381171597325901e-01
3.924929319427281627e-01
-4.903887573964573754e-01
-2.265389420827379485e+00
-1.779984393491389483e+00
8.361826313211623285e-01
-9.788797981204020449e-01
2.761195850289199227e-01
-1.067077023038798700e+00
4.458186826048291529e-01
-6.504733975431531423e-01
1.129599047196041983e+00
2.307462891049316123e-01
-6.047848503438804091e-01
-1.409411463897547234e+00
-8.615498857489682916e-01
-8.661734338005687706e-01
-1.214405986855434660e+00
-6.385611355944851297e-01
8.093159836317169731e-01
1.963933378268438723e-01
-1.531290580129746282e+00
1.403160182448448090e+00
-3.173626235965812392e-01
-5.477053164487963866e-01
1.240208653218671103e-01
1.989462289248024929e+00
-1.080570391142061659e+00
1.578433207674607930e+00
1.288804509491477956e-01
-8.051765484044139942e-01
1.391533489241860710e-01
1.401377743393333875e+00
1.233553635101267698e+00
-5.827447766837353660e-01
5.300567308212121853e-01
-6.024533889525066632e-01
-9.248785199095614917e-01
-3.149230101820028188e-02
1.826047939769413819e+00
1.089859143953889165e+00
4.611595332603372066e-01
1.314440265778430428e+00
8.553190809412736240e-01
-2.230634870628995792e+00
9.896302836870543018e-01
-7.573447001188567951e-01
5.788777682519462564e-01
9.741301918701527063e-01
4.463179735299596107e-01
-4.930563448069996135e-01
-1.121037813377571801e+00
1.087273911002582416e+00
-1.760843759288077015e+00
8.670398309470087606e-01
-6.284086857110525726e-01
1.653778367307775776e-01
1.372306399447901226e+00
1.225408435194965895e+00
6.940846377099222364e-01
-1.092109055990482691e+00
7.377230544507071830e-01
1.124452186961758748e+00
-2.504039342750517538e-01
1.113918472362756873e+00
-1.814834331821173263e+00
5.087197380412171732e-01
4.201104293435902748e-01
1.231133131006803660e+00
-5.630304409489761408e-01
2.928325911960772410e-01
-1.104224604092318263e+00
-5.227174164106921372e-01
9.393642441984009217e-01
-3.812127663067467753e-01
-4.590015958559716114e-01
1.552750286658481249e+00
-1.846475115713633874e+00
-2.048559793147438080e-01
2.206051564830201261e+00
-1.115923652093206986e+00
5.467353441969918793e-01
1.435680661013085890e+00
4.733038614236560471e-01
-5.436294915270672296e-02
5.667766096412434340e-01
1.406024323693246814e+00
-1.418573663923259565e+00
-3.936221676635452971e-01
1.631169391941788227e+00
4.055448797949210982e-01
-9.539028700723267695e-01
1.323985300881382221e+00
-1.353759406271515475e+00
-1.439841508108125945e+00
-8.735588467047559202e-01
1.357428659600074250e-01
-1.040442471036799876e+00
-1.018326663634185225e+00
4.328821224635356901e-01
-1.196784473926785219e+00
5.321771604044671644e-01
1.358900106658461837e+00
1.651530881742861445e-01
-1.480472324905379278e+00
1.070449258885872945e+00
8.363517488232240227e-02
-2.535729620624219693e-01
5.519090158322531581e-01
-2.671800903890901413e+00
-1.613033117788578608e+00
1.469179154923370811e+00
-1.574271671684703000e-01
-1.168803066495721410e+00
-1.170653791125041643e+00
6.604749283868528442e-01
-3.546946652419442070e-01
2.850563519506467136e-01
1.638856926545028403e-01
-4.523702347326221118e-01
1.057715023485623407e+00
-3.139011033966666031e-01
-9.245466979745968761e-01
-3.556840077414020196e-01
7.114566899626246776e-01
8.628449361436199005e-01
-8.077910381605382106e-01
-2.802621610159142795e-01
-2.671412176383765602e-01
7.424655992881106226e-01
4.152102763810733843e-01
9.436131819845756663e-01
4.214938717577758343e-02
-3.119980678088491444e-01
-2.960306698302567208e-01
9.825549037809574449e-01
2.025835640546319372e+00
1.246879742951880754e+00
1.000000000000000000e+00
2.552857762307641498e-01
-3.828205038235040214e-01
1.698576944733082073e+00
-9.882392272703248715e-01
