-3.502275997185982925e-01
2.827289436802330691e+00
-9.325799802797254401e-01
-2.310346437547649678e+00
-1.192458655544798907e+00
2.577909019161819693e+00
1.805978808219238285e+00
-5.868684577524970747e-01
-2.221076994933727011e+00
-4.687570714258271209e-02
-1.356393266439777756e+00
-5.627016151386490250e+00
2.129985944449009239e+00
2.793548140842395666e-01
1.446514361017601225e+00
-2.652769527558123119e-01
-3.152241231700917190e+00
2.901266051931946421e+00
1.243468478728379178e+00
3.167527004680044111e+00
-7.935330006625505028e-01
4.887228891552469534e+00
3.359781900105529573e-01
-1.519713501773048536e+00
9.407439479579424169e-02
-2.797547730828263024e+00
-3.863828407473457460e+00
1.654269389278859581e+00
-2.064826144028236055e+00
2.393421645585658730e+00
-1.909556760173831025e+00
-2.321567489032234199e+00
-1.237828218172548622e-02
-2.878197602508482333e+00
1.809914944087979594e+00
-2.574298218577272923e+00
-1.834318147685550349e+00
-2.089088760510050768e+00
4.104169450943524922e+00
2.028630419588702161e+00
9.943485470517309244e-01
-1.161552230763247762e+00
-1.128635550642166363e+00
8.454076512022079548e-02
-1.203307448802686253e+00
-2.570417281369635987e+00
1.957602538406014503e+00
3.416483668728459655e+00
-6.852719524896571102e-01
3.023477816821862341e+00
4.540179306003109261e-01
4.900743720623489175e+00
-2.565893955468948384e+00
2.578893147135866926e+00
7.585955852700587698e+00
9.845042145117655075e-01
-4.735523568787646242e-01
1.821223871649722659e+00
-2.178043664155058678e+00
1.507651531495780795e+00
-7.713974158565828354e-01
-2.296273808737623767e+00
1.881573926090968296e+00
3.016890117711461095e+00
5.593505920525376762e-01
-1.203646315421114554e+00
5.972423117066274934e+00
-3.833930105943248456e-01
1.134811753276048663e+00
1.902801373868499013e+00
2.207568965738982314e+00
5.357753784685446163e-01
-3.366607222670104926e-01
-2.119703629209980900e+00
2.813319401777555573e+00
-1.965419869599265068e+00
-2.124241370028067788e+00
7.624757140445956871e-01
-2.326998823559096596e+00
-3.168469836856621313e+00
1.187121240220541107e+00
3.614244877288498303e-01
2.340919618775945121e+00
-6.980978094541951950e-01
-5.670288142693986622e-01
2.512424328331367640e+00
1.371265607639626127e+00
-2.569556687062764855e+00
1.606370525458535425e+00
-4.014345212951635489e+00
2.631140690484435662e+00
-1.735185846122212716e+00
-4.359523494221339668e+00
-4.203770541492362067e-01
-1.568655222625559897e+00
-1.014227281292320315e+00
1.163891956796778260e+00
2.868658884154820399e+00
-2.649101347766553260e+00
-2.134561584103246368e+00
-5.804325350102108594e-01
-1.807640722549387124e+00
7.121070105023734609e-01
-2.166770786287023132e+00
-2.506451239252689867e+00
3.791145396034446335e+00
-6.474331396126387084e+00
-1.770917275356708398e+00
-5.561762324759711440e-02
-2.428534067751745962e+00
1.288500667261110455e-01
2.720782839464016334e+00
1.811382964783820437e+00
-4.319467742987652237e+00
-3.054954714371129754e+00
2.712202620861323243e+00
3.696957778890234358e+00
-2.982429490120349413e+00
3.438651184566929864e+00
2.494235629424590872e+00
9.478507334470466228e-01
5.679249703407007743e-01
1.245837179038428388e+00
-2.129544819123117882e+00
7.056411891181340046e-01
4.440780230383023941e+00
-2.089174012924502666e+00
-3.104634385115288442e+00
-8.778458133665689722e-01
-1.148928942493312455e+00
-3.208656973044979210e+00
-1.406522695807938206e+00
-1.339460532149311156e+00
-7.602595589903532458e-01
3.415316889538592804e+00
-9.174840480515601415e-01
-1.058101429247508829e-01
-3.187657714363286932e+00
5.647996099657079938e+00
1.575325583785589068e+00
-4.182708224482866832e+00
1.359497344918831674e+00
-9.807824417527613026e-01
3.509955339448264322e+00
-4.874427756287542657e-01
-1.723238283488428113e+00
8.538794097864557120e-01
-1.354617365800137918e+00
-2.416978238240735877e+00
-1.080893835221622190e+00
4.292456008103751941e+00
-1.694988957260783691e+00
4.618260270100670084e+00
-5.347846050660422179e+00
8.178792237718517377e-01
-4.652926229257982271e+00
4.579532417277736300e-01
-6.221459805709594892e-01
1.553461735432322577e+00
5.222447589275003743e+00
2.036794545810070023e-01
9.140064366825206843e-02
-2.884581146878159030e-01
-4.004354824673843183e+00
-6.250100320120983710e-01
-4.599249322624078928e+00
-1.289418533965980718e+00
3.270540176300142488e+00
6.826372274409722163e-01
-1.686802154615438365e+00
6.997755160143559472e-03
3.195340311563948710e+00
4.200721167834462477e+00
-2.953159104822610015e+00
-2.548177786997552374e+00
-1.622123919071740916e+00
2.362964845398978664e+00
7.406351470478684806e-01
-7.982565575214638498e-01
-5.053907448089275611e+00
-2.455367285815718503e+00
4.233956003056313477e+00
-1.163652890725860978e+00
-1.893120465371262551e+00
-3.251867202023639436e-02
4.367361399922135234e+00
1.565065345419320630e+00
-3.064616732360114781e+00
-9.530104582076709407e-01
-1.443062998912813644e+00
-2.123874274011025243e+00
-9.915310664331956625e-01
4.743562227380291318e-01
2.723227609603731114e+00
5.924399801710318325e-01
1.640384495678318233e+00
1.209591662777046217e+00
2.021878610693778722e+00
-2.453158077052832731e+00
1.609896089763245719e+00
1.654508090843959778e+00
-1.615908072608176038e+00
9.013808317832756600e-01
-1.711386640952702098e+00
-1.422281249858874830e+00
-2.459003504545902441e+00
-1.997446423448157260e+00
3.227725370733169896e+00
-1.426539902073098220e+00
-5.540993275429832998e+00
-5.246285535194882499e+00
-1.949636484188754348e+00
-1.248922876130017734e+00
3.378390532143461300e+00
-2.634437676905565517e+00
-3.658292521294880473e+00
-1.389045812294289695e+00
1.980245099768377148e+00
1.239793320735261162e+00
2.755159549154728715e+00
-2.097182823077461400e+00
-3.077335828257496075e+00
4.837594691374155431e+00
2.487656889421669959e-01
3.472199534305762114e+00
1.815435611497036472e+00
2.265352283083013507e+00
1.919678400013102193e+00
3.683824359290596817e+00
4.685786131632976748e+00
-4.560472907875690041e-01
-3.103474836430401673e+00
1.278994572914145422e+00
1.602504621613163316e-01
-5.747670684107398786e-01
-1.140295618823365498e+00
-2.335780419904839977e+00
9.344539077490009449e-01
3.985982616457186545e+00
2.218081905833224621e+00
-1.721883087991251671e-01
-1.064515999350704734e+00
-1.234689105746261228e+00
5.391811091262005418e-02
3.050380795662593680e+00
-2.280451921455423747e+00
-3.312740030788098089e+00
4.728413130051470681e+00
2.130741764648655057e+00
-1.115460798445142010e-01
1.803620440669422287e-01
-1.540689128104832495e+00
5.876257899996604195e+00
-7.623914207065763948e-01
-5.690358484607944689e-01
-4.160950689587337159e-01
4.163481380115507946e+00
-2.061208788273018566e+00
1.940384861706972552e+00
-2.954016920111372624e+00
1.290080506883563682e+00
1.784588020201888448e+00
2.820870262394655104e+00
9.543706355218033455e-01
1.032451503485209976e+00
