-6.802071626918089475e-02
-7.315078243622721854e-02
5.482575988468931794e-01
2.378793952061997730e-01
4.024304827461526735e-01
-7.476683669662054221e-01
1.030951033215880885e+00
4.369980736954053036e-02
3.833068975601252037e-01
8.398730351243673953e-01
-3.684950010455944613e-01
-9.897146204431055139e-02
-2.852420941261286647e-01
2.849381481395764082e-01
4.878741411220062774e-01
1.266474381008216299e-01
5.368741915495407468e-01
-8.188124797902240903e-01
3.077123670173091963e-01
-1.788377010888252960e-01
5.124618852846797301e-01
-3.472763156791199846e-01
-7.296338297635898140e-01
-1.825332536517532134e-02
-5.657684264812097297e-01
6.504490686290025359e-01
2.817803850478390881e-01
2.669770362500666905e-01
2.712456352657366399e-01
-3.626778965180722514e-01
-2.124247338456035639e-01
9.099461011923390408e-02
2.173158428957474853e-01
1.746051608390929433e-01
1.546774368825793167e-01
4.509575513939914071e-01
1.966486843879317048e-01
-8.509671553089660501e-01
9.638262659232053053e-01
9.260193626923520771e-01
-4.110591240233305022e-01
-9.991275164313629942e-01
-4.421647770326621041e-01
-2.375161200839991382e-01
-7.356826177212557605e-01
1.182903987642472732e+00
9.319596688438217535e-01
-3.786645229327592621e-02
-1.862844647948140864e-01
-4.258660808336472980e-01
6.583837621275172580e-01
1.059969962193924864e-01
1.811324246409767857e-01
3.983552374048350275e-01
-5.972194311507126319e-01
4.601829421440083445e-01
-2.233521615925067039e-01
-1.235274242440214665e-01
-6.394503232884327093e-02
1.927319492531912593e-01
-2.270897193911586565e-01
2.405661027317902156e-01
-8.575460867615167793e-01
-2.979388511348400881e-01
-5.079706234725070990e-01
5.909184913219674984e-01
7.417953855301154809e-01
-1.557045503584529311e-01
-2.512709219501782498e-01
-1.786543685454121955e-01
8.554050253280971461e-01
-4.427893413488037111e-01
8.271450538114134554e-01
-8.841947267837760860e-01
-2.732023930763456399e-01
-7.789225993815909188e-01
3.812725376668357757e-01
-1.966272692598726446e-02
3.339093117483565853e-01
8.213346531765153280e-02
4.055846020036022598e-02
-4.922036742049542002e-01
-1.889873110934389977e-01
1.092077899678214059e-01
-9.435793905287525041e-01
-2.413801150571823761e-01
-1.089897931985646662e-01
-1.628927499858708883e-01
-2.752495953739540757e-02
-6.133944676271878560e-01
-3.912944027233093980e-01
-3.962468837848234782e-01
6.587149339759124089e-01
-4.375120042984187441e-01
9.274617945033813982e-01
-8.499143737116954256e-01
9.514422337524226503e-01
-3.520289029708204565e-01
4.692246218492599485e-01
-2.760296143448286443e-01
-5.906951455237472448e-01
-4.979725066333230976e-01
7.165480335642122611e-01
6.666514946034398648e-01
7.512489872590261131e-02
-4.434283637669580447e-01
5.346183248647006225e-01
-6.722608013715815067e-01
8.755075037171139440e-01
-1.531497014413938929e-01
-7.086514786081814510e-01
3.688150196642305811e-01
-3.823949605226639181e-01
1.840691738724463955e-01
5.964252067623678766e-01
-6.002265861067282993e-01
-1.786416899347577913e-01
1.658416188916406742e-01
-9.188345979570511357e-01
3.119660925945758750e-02
-5.988180336706071527e-01
-2.180286666187092326e-02
3.665383053469875030e-01
-6.207599837984943969e-01
-6.607289951587198562e-01
-2.891240377680197593e-01
-1.060834101165108734e-01
1.980602375158534989e-01
1.768115941156820081e-01
2.429698033695439074e-01
2.075522624945666528e-02
-1.401213896547703674e+00
5.818756137422225194e-01
4.638265236752465298e-02
-5.392398975501861980e-01
-3.207946090360284108e-01
1.553776373693583901e-01
-1.831374910599880279e-01
2.670969785342771630e-01
6.519870798377587207e-01
8.712670497711684503e-02
-2.098269181029190078e-01
6.313193590094847707e-01
4.017118700968704270e-01
4.424144794552989923e-01
-6.878090997631813863e-01
1.490047997867057217e-01
8.209955069474957901e-01
-1.883279744330538519e-01
6.308702116622437739e-01
-3.527068717639791906e-02
-3.144191452526011177e-01
2.609944884639244234e-01
3.515807126319994702e-01
8.260635556218735021e-01
-5.003946630932702977e-01
1.008830547253193183e-01
6.979782698229309856e-01
-4.090809499630703172e-01
2.855735136114688488e-02
1.497088343123198495e-02
7.741118892378645588e-01
-3.234574418965565634e-01
2.493524187594996500e-01
-4.855189370385297742e-01
-5.969311939959660585e-01
1.114075581949171001e-01
-2.724504788096293040e-01
5.296594772072364954e-01
-1.173846207393224733e-01
-6.361667223335476518e-02
6.489646356336831179e-01
-4.839697908828219930e-01
1.402550060973267732e-02
1.469357656116798472e+00
-4.023409784244372928e-02
1.169555390211564350e-02
5.656836312417088397e-01
-2.391760917554275057e-01
4.433353481082044634e-02
-3.707262153787032055e-01
2.932923710989789323e-01
-5.145420773021062155e-01
-4.802670074268938216e-01
-3.448392427082583866e-01
1.789706604417951874e-01
-1.469620084407369798e-01
-1.030704866706435352e+00
1.324321996299221427e-01
-3.010096420637659032e-02
-2.340124920031177447e-01
5.238226314468100719e-01
-7.508557528451348384e-01
2.887088564009466229e-01
5.496299294044687533e-01
1.737398420165486845e-03
1.293473981749287266e-02
3.754697004023275220e-01
2.037193463987502229e-01
5.349421258715840732e-01
-1.233309467835671247e-01
-7.773999258114578925e-01
-2.265910690265845184e-01
3.166375366910311184e-01
-3.412484059088939370e-01
5.234352245257637426e-01
1.799253578667381892e-01
-2.925640000991456824e-01
5.591980231087925191e-01
1.624419587091232575e-01
-4.674601451639853189e-01
6.101119891831462416e-01
4.108493384399029558e-01
1.435743260502415630e-01
1.554446048136866709e+00
-1.009732434825744818e+00
5.607049388647291494e-02
-6.482353948725151360e-01
4.701541872704628200e-01
-2.349518503100594402e-01
-5.534950541971527249e-01
-7.966922503707525305e-01
-3.972832941764346537e-01
3.901544608459726615e-01
-9.712164329684732644e-01
1.476869621414348410e-01
-6.819714863853272302e-01
1.048380322670403736e-01
3.827250212577165689e-02
-1.873301343676439523e-01
9.213571476864507170e-02
1.985245278463597107e-01
7.372739587026799768e-01
2.846695292078555428e-01
9.341221471955041267e-01
-6.851876582087830236e-01
-2.309260250036876683e-01
2.776893540083948397e-01
-1.071508591756447970e+00
-2.532077860398462832e-02
-5.091243610227461081e-02
-5.912272220848419080e-01
2.224615977490920216e-01
1.591692739375726029e-01
6.707246039137337856e-01
-1.036593901989017463e-01
-1.607180707215077886e-02
2.042907226994136460e-01
4.890937010143637798e-01
3.017646979100688798e-01
4.428200359302757461e-01
-5.724406729677622430e-02
1.305454146142712268e+00
-5.465997646604296989e-01
6.843439073964943664e-02
-7.578188616068919359e-01
3.600650541126411142e-01
2.033173337357233601e-01
2.869876980091721208e-01
1.417675983483454305e-01
-8.212472659565023259e-02
-5.919430393364008003e-01
5.388653919262428871e-02
1.170820183146739302e+00
-3.787032482717256343e-02
