-6.823662099432821204e-01
-5.987444228354426023e-01
-1.667537802440226313e+00
-2.051909679580925072e+00
2.086408560882950347e+00
3.658523292032976659e+00
8.328406713115867888e-01
-1.255222050979730941e+00
-1.980941849448245584e+00
-4.647516939374388700e-01
-3.097106913090310609e+00
-3.043676182704055933e-01
1.161843444386710500e+00
5.877337495199419504e-01
-1.832778961935958462e+00
1.011442907279482828e-01
-1.135785740458871818e+00
-3.355108445952893259e+00
-2.741008464452730831e+00
-8.429966856300221689e-01
1.755584891391429592e-01
-1.541195131740313862e+00
5.820195632988274248e-01
6.261110692004328016e-01
-4.728194339437432059e-01
-1.726438225316000441e-01
1.390497414513787167e-01
-4.846520713976406047e-01
2.233954739570123693e-01
-6.542297590093690829e-01
8.462274940395398959e-01
1.867465463440837858e+00
6.885903475091714743e-01
2.202997453540949113e-01
-6.034142534166633265e-01
2.283328992897897258e+00
-6.545571099728683118e-01
8.044044297712906744e-01
-1.552139737188185098e-01
4.039242170263745990e-01
3.640812543068015494e-01
-6.903316965018264639e-01
9.713120722481527469e-01
9.079627291390774957e-01
8.420646102178122039e-01
1.012386498903497412e+00
1.511262372729879289e+00
-4.577944559163426574e-01
-4.477141059266306899e-02
2.896485219491246044e-01
5.149222922646631284e-01
1.995638300063653281e+00
8.593004563035768761e-01
-1.873075897823934355e+00
3.371280730878143395e-01
3.770823880345679224e-02
-1.885157937737758305e+00
2.333590297387768686e+00
4.664077200528657929e-01
7.604648709572514598e-01
1.968976982012162757e-01
-3.427763316446852393e-01
-8.678651133454140520e-01
3.419745057207633776e-01
-7.869407643057737545e-01
-5.928975511258749442e-02
-6.306783130277840987e-01
-1.596881737543265345e-02
1.756078983448067898e+00
-1.243247909755853531e+00
-1.298981003636064724e+00
-8.548796590280367536e-01
-5.648073877331249992e-01
7.305008955973207874e-02
-4.444491225716526994e-01
1.927479921419181341e+00
-2.677775721715899282e-01
-5.502511122574189617e-01
7.670654779065411155e-01
-5.508406383313935173e-01
1.010367227872665863e+00
8.188125456627752818e-01
9.071436950386491116e-01
5.927812545192806537e-02
6.325668270759932099e-01
-7.873810267968679444e-01
1.732471600236906717e+00
8.990026748608348495e-01
1.210924451280586789e+00
2.406961804925342729e-01
2.406223456469289701e-01
-3.514451839298956770e+00
2.352233196525577608e+00
-7.488553584391939300e-01
-6.143989098390243431e-01
-1.459519764824014132e+00
2.529058164750814353e+00
-1.167364696930512924e+00
4.154289137797051445e-02
7.331024818421620903e-01
2.254821282678867167e-01
-2.026736408458984506e+00
6.555987148861308622e-01
6.215929752329840685e-01
-2.170221331151550359e+00
-6.219441479979488374e-01
-1.900211024790923853e+00
-3.651881715029601239e-01
1.111355276924075319e+00
-6.200633538299566982e-01
-2.803309152639203994e-01
7.229099964684233548e-01
-4.804661729579249307e-01
-1.733429596705258202e-01
-2.632325453473247645e-01
-6.538124831671492387e-01
1.068207568050341116e-01
7.356123138093099145e-01
-1.574455524310426124e+00
8.279792123903733092e-01
-1.819109748312046637e-01
1.746677329509922494e-01
-1.106220158155947653e+00
-3.111099561806673908e-02
2.598949024689343190e-01
1.156830493605776722e+00
2.286128800100242220e+00
4.485685514634412119e-01
-7.276659906264488775e-01
-1.184501114908287356e-01
8.947818225656642976e-01
2.028707964231423855e+00
1.497051465589361641e+00
1.269167519455630111e-02
-1.037259978734642596e+00
-3.648163291984787282e-01
-5.866109031934603202e-01
-7.594849197177139244e-01
4.094874709017350956e-01
-4.870027944222310445e-02
-3.603531179166790110e-01
-2.066465150887948354e+00
-1.303949491021257678e+00
3.683296447445721378e-01
3.825786213914705858e-02
-1.228276767361456523e+00
8.801530031352883254e-01
2.858068025393150968e+00
1.580783675380097453e+00
-9.214908069998506424e-01
3.958185704868115717e-01
2.174787867470167058e+00
-4.138650586314651658e-01
2.233163459523853867e+00
-3.875288772211069599e-01
1.634642713172436590e+00
-1.094136274310974599e+00
-1.460421977553497896e+00
1.325817866118416677e-01
-2.806270667238400240e-01
1.062687962158963551e+00
-1.131360454274953797e+00
2.379605994496847565e-01
6.178664941326135196e-01
-1.274954752959261972e-02
-4.425365208896683278e-01
-5.967532802666690728e-01
-1.543753457489662084e+00
-1.746151686303003547e-01
8.824145867862631665e-02
8.967315757358318429e-01
7.276611122630836093e-01
-7.355352713167032652e-01
-5.498849812382335944e-01
1.571199695521602990e+00
-4.144377020150008306e+00
-5.552335990461884085e-01
5.596295017351567980e-01
1.077903524154365300e+00
2.754709445818678937e+00
-7.162261522365009903e-01
2.718774742240757103e-01
-7.315049937720066175e-01
-4.241861118360013005e-01
-2.117959408121845133e+00
4.847912295262335469e-01
-9.913363826653129873e-01
-8.062387473087762046e-01
9.619351091406924681e-02
-2.468420153388849236e+00
-1.288249555421692616e+00
9.623705030965656881e-01
-1.292072768333272670e+00
-1.368946457434757846e+00
4.618517965900948319e+00
-9.130276875325915587e-01
7.735838127814220755e-02
-1.200341103410125676e+00
-1.001812340866605755e+00
-1.737384084412819885e+00
-1.787399725307629250e+00
1.119754666804237964e+00
-9.294737532672650016e-01
2.143787537860831982e+00
4.897262866680187621e-01
-1.241721201783936968e+00
-1.104851526393071381e+00
9.447877860968589836e-01
1.536857927373305177e+00
-5.172190752224659072e-01
-9.543054416528204964e-01
1.573427890087072845e+00
1.672172474455748459e+00
8.828918484682548584e-01
-1.321949797268377358e+00
6.367190887866103211e-01
-9.155047343022826301e-01
-1.159173455234037142e-01
5.089241915086784029e-01
-6.617168339874339722e-01
-2.677352501597784151e+00
3.981907647540661177e-01
-1.571338435695650126e+00
8.677010615204009403e-01
2.716796218857859824e-01
1.203163973047795210e+00
-8.348608518950482171e-01
-1.174985199492821764e+00
-3.757259222380823216e-01
-8.837833771831360430e-01
-9.506984438546439709e-01
-1.813895537714758088e-01
-6.777592800291620811e-02
-4.461363940373725967e-01
-4.564015141483275251e-01
9.315772620976692231e-02
2.825938313414268599e+00
-4.065625343301895178e-01
1.079675433298046827e-01
-2.386857996688651617e-02
8.338327506285807544e-01
-7.097498484940103491e-01
-1.739599194736467069e+00
-6.042487128977349631e-01
-6.032025948092074596e-01
-3.844317169849074123e-01
1.578833544637919806e-01
-5.819358294849663604e-01
-1.166104319252863508e+00
-1.769664223900382582e+00
-1.317403246167385689e-01
9.017383009874926358e-01
-1.014659706826721575e-01
6.226145316066427071e-01
-1.130302716329016466e+00
-7.299197724406736310e-01
5.446404244538181061e-01
-9.292947606029695606e-01
1.371115223501301772e+00
6.675254341877009945e-02
5.735904851278269545e-01
4.982006505259359841e-01
-8.025241632650457202e-01
-2.453959500836908614e-01
6.971904210667330126e-01
