-5.029862707644551234e-01
-4.583398509524722053e-02
7.072890214734161018e-01
-9.002563809807653250e-01
-6.886374293714614403e-01
7.589151534585790726e-01
-1.584829802761541284e+00
-2.162826109651879491e+00
-8.446769124479921453e-01
3.455743285415488586e+00
-1.217508248685746253e+00
-1.021955824357521969e+00
9.989395958786115859e-01
2.201757777728247767e+00
-3.684941453394269262e-02
-1.116226023594655281e+00
-6.507122523509197842e-01
-7.048003911697198198e-01
-1.161048687956795167e+00
9.933744073052891421e-01
1.519997749051888780e+00
-4.870218166667761306e-01
-2.854815404023782754e+00
-7.680518558578395272e-01
-2.322727650502590446e+00
-1.561812516342627521e+00
1.224209645741310970e+00
-2.689247681681378399e+00
1.948163466718459413e-01
2.291772283964705892e+00
-1.523018113181046518e+00
1.616872375376390281e+00
2.486018814980757163e-01
-5.075108231597641462e-01
-1.277441300222785125e+00
-3.290838063915787481e-01
-1.481435677579961752e+00
1.713245857106423742e+00
-4.110036609154876786e-01
8.383284025008024276e-01
-1.381918397353999017e+00
-8.713117329063901906e-01
2.325123693752971510e-01
-2.016090218701551251e+00
-4.253685494473183892e-01
-9.961252019214228426e-02
-3.781668952890962498e-01
-3.251699153778829121e+00
-7.116104626634871533e-01
-1.820908856176753021e+00
-2.258843216599502046e+00
1.993483691977011307e-01
-8.202270107113160957e-01
7.333832251115436351e-01
-6.932631739943230231e-01
-1.433641706554945050e-01
8.725997066948014691e-01
-1.448484485527123278e+00
-2.839451765780932391e+00
7.669606328399382056e-01
-5.460623495320267029e-01
1.092458560973497139e+00
3.355923034173645680e-01
2.554054745532891246e+00
2.995723600394891939e+00
-4.607065403579596596e-01
-1.230089141135996877e+00
-7.866825284404919127e-01
-1.153508121678755938e+00
-1.660617852576047881e-01
7.866769795352591688e-01
5.723569000785891925e-01
-1.840450379114630719e+00
1.675611588566972454e+00
1.648153223979753390e+00
-1.657498903799604406e+00
7.996345280612147111e-01
-1.251056552371066832e+00
1.200124150193255579e+00
-1.659466487726046213e-01
-2.564291187585360898e+00
1.383875216937306973e+00
4.229605894466303972e-02
8.027984560290282179e-01
2.980630045967880282e-01
-3.109520594367316537e+00
-1.697131395611243487e+00
-3.319636675362415801e+00
-2.682635568495285394e+00
9.510648824535870016e-01
1.307576935039071131e+00
-2.265326043571207038e+00
-2.853467311834906317e-01
-4.030685694773352701e-01
-8.705778747997516831e-01
-4.773757943152837080e-01
-1.997549162975916115e+00
1.348417737212475487e+00
-9.270539087289144664e-01
-9.784673996286358255e-01
9.278239408193740267e-01
3.873351818622174925e+00
1.552807273995586712e-01
1.878450174809208062e-01
3.103216235227074460e+00
-9.278729081148432423e-01
4.973063516619198321e-01
1.909007341813672598e+00
-4.248304212675655389e-01
5.364696267818510611e-01
-1.240606893218848095e+00
9.912487960978453305e-01
-2.405107806922301694e-01
-5.100050067864079217e-01
-1.777682428987581886e+00
-4.137997494738651083e-01
-8.502667395652981908e-01
-2.322439668164460347e+00
-2.035367123879861850e+00
-1.503458683349122138e+00
1.555734926807277041e-01
-2.378217630291851736e-01
1.732979666396369467e+00
6.629525066580344017e-02
2.122297675441765508e-01
1.244631073321099679e+00
1.371823217834337250e+00
-1.102110691178914026e+00
-4.894975869408389468e-01
3.955005798053605748e-01
-4.048988276444767109e-01
6.240390415366949828e-01
6.493486150552918446e-02
-7.840966527715282908e-01
-1.000017047150021599e+00
3.230731702012238360e-01
-1.255014339960036640e+00
-8.672925127083214170e-01
1.855224468174181629e+00
1.388382051759220248e+00
-7.697054392899745912e-01
6.824277940564512646e-01
7.241082335277140292e-01
-1.899807838307587537e-01
-3.252896484060670973e-02
1.272303409474206504e+00
1.800134269172739554e+00
-1.138409144599518807e+00
-8.801860589705237103e-01
-9.174540092101450828e-01
-1.218998486571778450e-01
-1.117264951039482201e-01
-6.135368762713648838e-01
-4.253809734278116150e-02
-1.318403500017710783e-01
8.687634930186247662e-01
1.893387518951557880e+00
-2.307901223618729070e-01
1.054439315700196111e+00
-4.757752978514460107e-01
1.768443454489114497e-01
-5.426527536594784040e-01
1.159659996062593290e+00
-3.980834469245528862e+00
1.089214883115100507e+00
-1.703733689273873253e+00
1.411462727733161060e+00
-1.396749246897110108e+00
-1.803324652547169116e+00
-1.622346063397674065e+00
8.538863867521273576e-02
-9.125090682562545519e-01
1.787262479928045211e+00
-1.529409890777002845e+00
-2.485758082134929214e+00
-1.543534315640898935e+00
-1.027003701866979979e+00
3.652618618500125258e-02
5.872169998147326320e-01
-1.966096450958398911e-02
-1.989920574572450196e+00
7.724912696746044638e-01
-1.470461678030719810e+00
3.661675931674925333e-01
-8.515727075654921929e-01
2.858736601179867609e-02
-4.908821977270442782e-01
-3.799308772336286832e+00
4.355280237375767083e-01
-9.087811518512942666e-01
1.319300473892073944e+00
5.228450768677377347e-01
-1.689939393404462198e+00
5.370842416940813102e-02
6.994201443292185072e-01
-7.813852153165734560e-02
-2.206465073572581481e+00
-1.546841492506693783e+00
-2.187730556158923090e+00
-1.574418683677622166e+00
-6.002884688362850052e-02
5.774798355286770990e-01
-4.047902363668204329e-02
1.822098953947861144e+00
-1.329329192376237812e+00
1.976977824860317590e+00
-5.763294227335266084e-01
8.668620521002647905e-01
-9.169979844069635622e-01
9.651818729435530653e-01
-8.224148563053985672e-01
-6.702512880788229488e-01
2.979741089387092146e+00
3.219893198064194717e+00
-6.662806446080071776e-02
2.151219199540599369e-02
6.317641956557947802e-01
2.016175797870596753e+00
2.778355185886455470e+00
-1.804636360358442104e+00
-1.830006591776416558e+00
-1.450812759957964992e+00
-8.413975120484971093e-01
3.548684216258595758e-01
6.843859736325540455e-01
-1.919615888095132394e+00
-1.886193659256635069e+00
4.982030410309192803e-01
-1.477024954597609296e+00
2.673275948611468333e+00
-1.085219680282620835e+00
-1.135339022246671270e+00
-2.020862113512679192e-01
1.980539640497241960e-02
-1.401037166382412824e+00
-1.203982215408878620e-01
-3.492282561100956140e-01
3.905484014104565027e+00
7.670213000276165927e-01
-2.987080298234590536e+00
2.303645877518905039e+00
1.325827018045535377e+00
-7.491505025180775768e-01
-1.051866407984063390e-01
-6.476991992610825477e-02
7.962489837549220351e-01
-2.778740047158853699e+00
5.364078755889584160e-01
-4.925819831347897360e-01
1.630046670889218063e-01
2.911916967952599689e-01
-2.152464132100601724e+00
1.454206619657889554e+00
-4.980478399858971339e-01
-2.067425476850733190e+00
-9.631656133706684164e-01
-8.729899258840463361e-01
8.786348353141935075e-01
4.205454733205189477e+00
5.108935716539242389e-01
-2.275333479892412747e+00
-2.128413949388318294e+00
7.520651630404849852e-01
-1.423145746339807394e+00
-1.761467524651496364e+00
