-4.201148573446781498e+00
-3.905191926720962492e+00
-1.444866330372634455e-01
-4.527317837372285325e+00
7.506497098895396070e-01
9.149709701408041962e-01
-1.015648140721134185e+00
2.866058959544329099e+00
2.784763331442930756e+00
1.764641271995414096e-01
5.642322630686898322e+00
8.617251411557447227e-01
-2.872024366761338765e+00
2.093777886643535258e+00
-4.124818548550521768e+00
-1.632932343073270953e+00
4.412586090412063400e-01
-4.115276008498399030e+00
1.510739949372337687e+00
2.107149588004994634e+00
-1.254421090800678318e+00
1.560585714615572606e+00
8.347082317120197992e-01
6.767794632339409588e+00
-5.096024755774704929e+00
-2.416227523155390688e+00
2.760147661973837874e+00
-1.104194328905948375e+00
-1.955688240438999026e+00
-8.291909881473962241e-01
3.622747145956518366e+00
4.652404656137318462e+00
-1.453647680162560296e-01
1.496345542529737394e+00
5.592814346258511149e-01
1.455993349509784096e+00
2.858574164008252261e+00
-4.430385976721568753e+00
1.645618489778925442e+00
3.282056504435694855e+00
-7.094988331205520637e-02
3.067061266497714378e+00
1.146996165007819979e+00
2.899725647771027148e+00
1.688414870814008095e+00
3.241588079931954081e-01
-5.129312948919284576e-01
2.380143430632728485e+00
-3.032685124987772873e-01
-2.853841886866670841e+00
-2.150298842341913819e+00
1.323516093473081634e+00
-8.301218265645990968e-01
1.703494444430195376e+00
-3.363007311936681454e+00
-1.172669155768176763e+00
-3.236848122696450170e-01
-2.802223277453740558e+00
1.786320148162628962e+00
2.366144319615050673e+00
2.982025676415836823e+00
-1.321722973169511040e+00
5.434662533765722614e+00
9.704320511195807519e-02
3.483011478883865308e+00
1.093973051915891448e+00
-2.556407893286348099e+00
-2.239260526584684108e+00
2.395756166198494408e-01
-3.333742594305770801e+00
4.953231074913395648e-01
-1.846241260424363650e+00
1.020040912817710144e+00
2.068355613855566322e+00
5.826238953735234816e+00
-6.859256726276583560e-01
-5.015929420927434101e-01
6.831379883697255018e-01
-1.575479785807000876e+00
-2.739062220235848777e+00
-6.232901416091609637e-01
1.658481441889275487e+00
-1.275637641649938425e+00
3.134312642817845607e+00
-1.881048847486544995e+00
-3.914668599642362246e+00
1.069904425412251614e+00
2.946152217332952183e+00
8.354446765874590231e-01
-1.031919628449993187e+00
3.295735068871044060e-01
8.561512247835065814e-01
-4.032191604695980480e+00
-6.027253447996552271e-01
3.414272563795066162e+00
2.222575756920512013e+00
5.907857717646339824e-01
-2.924669600096883038e-01
7.429223094192907162e-01
-2.872753466145257839e+00
-2.478901043004540838e+00
3.922334229678447137e+00
-4.333865182410456818e-02
2.205366822311467079e+00
-1.407818546836991036e+00
6.194091921333884088e+00
-1.417760154629349900e+00
-5.010683151726063045e+00
-6.313927516419014507e-01
7.192497316592378898e-01
-2.416500619491252166e+00
-4.184787352677237782e-01
-3.838350632599329515e+00
2.669439099790519299e-01
-2.171864285090714830e+00
1.068216659170841298e+00
-1.940625728003590345e+00
1.328890318444758245e+00
-1.522317765836362469e+00
-5.790032845751363899e-01
2.431002161162421960e+00
1.604404561841629828e+00
3.181651574493205015e+00
-1.563590445664665429e+00
3.426054522637904221e+00
-8.728864389260579948e-01
-8.539148434008211330e-01
2.010163911642651513e+00
8.199286705198538527e-02
9.633341856740680331e-01
2.475840441583073925e+00
1.432893805433433254e+00
-2.294634329817359486e+00
2.791553906843432742e+00
1.231956297089324970e+00
-3.295739054467965445e+00
-5.706540854627095705e-02
-6.599710086206933557e-01
-1.132570086093975137e+00
-1.052491886057506321e+00
1.032141026725465593e+00
1.780086891047145237e+00
-1.845761213287179903e+00
-4.912252560485887543e+00
-1.860887379317382795e+00
4.037292196878690120e-01
4.734160298591033822e+00
-3.023213082897068471e+00
-3.994707461174941687e-01
-1.892035832428334174e+00
3.643908409878357180e+00
3.837459928840813994e+00
-9.383134575981478820e-01
6.478938932882338797e-01
1.080249446963097881e+00
1.142900809066271783e+00
1.122281251426677784e-01
1.462080458359371837e+00
-8.186662947961995673e-01
1.039105013450653425e+00
-1.338734542755511736e+00
3.647515837084458479e+00
2.849782131877470537e+00
-5.452299553138579835e-01
-6.050308313587356324e+00
3.280684812167905529e-01
-3.508972612412930570e-01
9.971151294960841627e-01
-1.418133802998377213e+00
-3.993720848666800993e+00
3.438109735194429195e+00
-1.462833981297399166e+00
2.518050179476079897e+00
2.395176642043188586e-01
1.290370336353139802e+00
-1.988250565986086293e+00
2.563618566843163471e+00
7.020441329470702430e-01
-9.307708883661329757e-01
1.830994777371244275e-01
4.702071939772465292e-01
9.099677421257235110e-02
1.202641438688043296e+00
-8.880556233321299509e-01
-1.984044660959699780e+00
2.347400616111781524e+00
2.548802289533067089e+00
1.005868078833632495e+00
1.180390475123796357e+00
5.184399100428944696e-01
1.191940894100941728e+00
1.701900408412004850e-01
1.681251737643142175e+00
2.356609670948520918e+00
-2.508788838255674225e+00
-2.071613615812687659e+00
1.879016790268750459e-01
3.276023046756318280e+00
-4.071826410885543091e+00
8.575175734245479298e-01
-1.041604240079247456e-01
-2.448381773257539251e+00
-3.587532285754509775e+00
4.730782829374930998e-01
1.180468566630635596e+00
9.786200745166701020e-01
-1.242386006798000375e+00
-9.440254870718747249e-01
-1.490402526142148076e+00
1.187591945593394538e+00
-4.066090109508767370e+00
1.880639864004231221e+00
4.278186407177475559e+00
2.347991008816315173e+00
7.806933446756365580e-01
-2.299254871932241429e+00
2.552878796315939391e-01
-1.566263344600032692e+00
1.135959925003776405e+00
2.193845689897577778e+00
6.166623717011830985e-01
-7.611892710276945806e+00
2.792920869420635555e+00
1.463882351594375741e+00
-1.059260939304280003e+00
-3.503701088849386025e+00
4.862263667902888997e+00
-2.932285179272568598e+00
3.021644803203955149e-02
-3.734898075274259988e-01
-3.546114531932256231e+00
-3.490687126488277503e+00
6.879359968239273648e-01
3.080198225594754646e-02
-3.344497798862700044e-01
-1.731288362284879589e-01
2.095469445284776189e+00
-5.435679484077446055e+00
2.976118991801005031e-01
-4.851587655456094383e-01
9.712335223650159222e-02
1.185738250585538056e+00
4.650625422708463574e+00
9.336308033253390981e-01
-7.513645329194436506e+00
-1.021544263479853054e+00
-3.558074578508727992e+00
4.018927751935905235e+00
1.259906545357796670e+00
1.372887331339422312e+00
6.103222493477535870e-01
2.341737250555291361e+00
3.433241436035834759e+00
-2.318841086486215897e+00
3.663211084978025944e+00
4.656833621541406343e-01
-3.276464585036400479e+00
-5.673730466520225946e-01
1.016527572239573907e+00
-1.310130060153346099e+00
-6.764237571337219368e-01
-3.417940486144152690e+00
1.993769988284344041e-01
1.679032893600624243e+00
-3.790632064482708508e+00
