6.154134630507458459e-01
-9.316888922968564746e-01
6.082641660579040099e-01
-7.673965161727677176e-01
-1.379982586009242507e+00
-1.668053214118817351e+00
7.230676279073999790e-01
3.644744169554777757e-01
-4.940477799124533553e-01
-6.617345081742859181e-01
-8.237355914290906966e-01
-1.130888512600351836e+00
-1.541075121936566372e+00
2.911763112251957164e-01
1.038793210387034760e+00
9.704934591138154598e-01
1.142942315968568989e+00
-5.756491467521825944e-01
-3.235256004960483378e-01
-8.630035412377899950e-01
1.858144176537676273e+00
1.851452606984530513e-01
-7.556583308824349476e-01
2.699753503442427149e+00
5.352039621059595520e-01
-6.848746250464521346e-01
-4.501088325956792424e-01
9.530321869199827045e-01
1.032100749291061437e+00
-7.847409176552425092e-02
-8.778841433274409134e-02
-2.003401862054501770e+00
4.922127924912331198e-01
1.055667548163926606e-01
-6.194625824888960741e-01
-5.602356436629218894e-02
2.042939557613928425e+00
4.451446476020838317e-01
6.270630477011465143e-01
8.445507119113476735e-01
8.893024824281482443e-01
1.705585160020814062e+00
4.234222691653856785e+00
-4.886934127000076566e-01
6.758992463378495907e-01
3.003644280253515708e-01
9.561739218339426749e-02
-1.028738555214376182e+00
2.647993151217303831e-01
3.111224653133463081e-01
-1.828501081513525861e+00
-3.333920905873031248e-01
-9.884192235199014132e-01
-7.725042915242924524e-01
-1.099767425124320575e+00
-1.007351677630575093e+00
1.099742811538372278e+00
-1.304623717021805351e+00
-1.702868639511774695e+00
-1.237687319753307591e+00
-7.240614372020452993e-01
1.026690336651278290e+00
-7.546370333327544477e-01
-4.666333403735462015e-01
-6.815130613860166386e-01
1.511348970740167941e+00
1.553331078592623316e+00
-7.863463639138454919e-01
-1.016299086644092853e+00
-1.386711873089314651e+00
1.179553075692943848e-01
-7.666367219329778271e-02
1.109933758223644151e+00
3.646799717412165243e-01
7.115469208291747005e-01
1.652293170836449887e+00
2.308597150419294142e+00
-1.419895615022078506e+00
4.515149104376920963e-01
-1.421533359254809836e+00
5.204990690371616990e-01
-1.264744653872407643e+00
-1.772981845226197617e+00
1.384294365636179469e-01
-2.990974453001836730e-01
2.670001348355448556e-01
-3.677467968047311020e-01
1.910522335747852352e-02
1.091458435171090091e+00
-4.481026431952904732e-01
-9.184195194318447442e-01
2.369923017668919552e-01
5.605721942700105931e-01
1.442558945390792213e-01
-8.222139072802669979e-03
-2.248350093428508334e-01
6.627766985820306989e-01
-1.680659309774311660e-01
1.506044176542035373e+00
1.385203801971002235e+00
5.024425765320709170e-01
-4.417255640652608673e-01
6.128189116604148001e-01
9.401994438702464540e-01
2.393030116206934288e+00
-7.735186550183302812e-01
1.467459268759612856e+00
2.068723396162816641e+00
-2.404590386524356749e-01
2.876241060688309314e+00
-3.567021480270775036e-01
1.305740526841273841e+00
-2.264317615679616313e+00
6.116640022787760422e-01
-1.222245535393229554e+00
2.589464396246031530e+00
-1.791888882110184822e+00
7.179138310881184593e-01
-5.136225175722397562e-01
5.463320555334154616e-01
-1.546774663162853614e+00
-3.915311905239043933e-01
-2.592985976781662094e-01
-2.186902533608839350e-01
-6.154742969831399346e-01
-1.439858591442489733e+00
2.750923342757125578e+00
-4.631965038341756546e-01
-4.889174815112673489e-01
-3.163103784875427871e-01
8.868667891350607846e-01
1.002002560692397681e+00
-2.273031638567410084e+00
-6.839061471874211540e-01
1.064405175084219279e-01
-5.162206094815182666e-01
7.468971803053959801e-01
7.227054620935751128e-01
1.297226969460818058e+00
8.517784098502689805e-01
-1.200933483874062180e+00
-1.423564591433441329e-01
-1.067879853265466750e+00
-1.075205001110126624e+00
-1.797875935971819494e+00
-5.186511363628957261e-01
6.569303150793404100e-01
1.892585814796152455e-01
7.190283181847303418e-01
5.119532084879960809e-01
1.251762897471177194e+00
1.038154729244392227e+00
2.939748406566373706e-01
3.562476857121348317e-01
-1.637201667316786624e+00
-2.082753352360546817e-01
-1.636440778590444678e+00
-4.385811679360540616e-02
5.920658226829579318e-01
-1.728422598230711094e+00
1.490358416314770951e+00
-2.803272064734936286e-01
1.564126082434392329e+00
-1.187719574069989736e-01
5.400325900475243246e-02
-2.708454219857280965e+00
-3.241196460683379299e-01
1.840287254458776944e+00
-1.869454456733380843e+00
-1.461744319655334523e-01
-5.275949812187769039e-01
1.339999290055101433e+00
-2.896526135102293065e-01
8.064275355734501494e-01
-4.244474726546210719e-01
1.826330998308947073e+00
2.170100281578455359e+00
2.024008280568629470e+00
4.250539096383476045e-01
1.803948369171394894e+00
-1.257955583328575766e-01
-1.044083584239978713e+00
-5.051313066498925863e-01
2.217991499250753229e-01
-2.184378980834041251e+00
1.822563150496996798e+00
-1.927738375663535120e+00
9.835457716502795655e-01
-1.516315199502527022e-02
-1.612613311653482873e+00
1.310295841465933808e-01
1.885340712876927505e+00
6.876357042883456394e-01
4.925470078029807741e-01
2.147866311097745839e+00
1.856746691453608211e-01
-3.940331503514864497e-01
-5.813464893252806576e-01
-1.952854559935738976e+00
1.031666749322157850e+00
-2.241728090006251950e-01
8.426537783066889720e-02
1.257506736762588284e+00
-3.039505607936666687e-01
9.444945316897026544e-01
-2.848358715359112781e-01
1.300469049060240412e+00
-1.994062153255343084e+00
2.631704906285187717e-01
9.469800374291706957e-01
-1.059285323859024519e+00
-2.584991575967280131e+00
1.148377346599754878e+00
3.764787493925095596e+00
-5.821677419749078375e-01
-1.970267397933439968e+00
9.626381972661233188e-01
2.313225029380341358e+00
1.398755192076047260e+00
3.033574495688224903e-01
-1.236452608363082240e+00
-9.490010585591364123e-01
-7.675141497646154054e-01
6.050504718031203266e-01
-3.701334712946110495e-01
-1.164565429417464770e+00
-3.669489857933598831e-01
1.784197587394061202e+00
1.915940688330465491e+00
-1.262578123634123584e+00
6.799029477466307370e-01
-1.086614133621051304e+00
-9.263187313334306783e-01
-1.700300768250482042e+00
4.248366769293473455e-01
-2.710674268893327188e+00
-9.474283014952369353e-01
-2.832006458170864827e-01
4.400983143353676685e-01
-2.389780614484731947e-01
-1.388134159470141071e+00
8.914415987773368633e-01
-1.294585241698671174e+00
-8.402379712154540714e-01
1.685750405701075483e+00
-1.647419977861345197e-01
-1.792376388900196016e+00
1.101575000256408865e+00
6.870078052908434874e-02
-2.574677963288936056e+00
-1.327155742109825121e-01
-1.296763945107861082e-01
1.617597404809902439e+00
1.119308788122863385e+00
1.869317317282574109e+00
-7.449608059041502583e-01
6.829925490445333258e-01
2.026671302403791897e-01
1.200888096161612406e+00
4.947823438958294240e-01
-1.374141456523424676e+00
-1.592786359286731290e+00
4.724170097685890246e-01
-2.376984842803735731e-01
1.057555160902903468e+00
