-7.277808980423403629e-01
-3.078730566227383392e-01
7.009303012905651054e-01
-1.743561476835463475e+00
7.688905497177305204e-01
5.725325369042983947e-01
2.212803316113698404e-01
8.756380167877679810e-01
9.329149892963863877e-01
-3.526205020486536945e-01
8.128713083679950380e-01
6.519973163445751396e-01
-2.224221640475636530e-01
-5.303977843984555296e-01
8.594019623406463637e-01
-6.883052092070207628e-01
-8.907405885931853895e-01
-1.340916912960499197e-02
-9.480329448235154111e-01
-6.601909642060382888e-01
-6.848407798248125067e-01
3.527917940053468815e-01
-9.694394866588911253e-01
-5.557600833992180078e-01
2.858423369255030932e-01
-2.007470814821894933e+00
-8.786349249530429617e-01
-1.311965314611107658e-02
1.813452000331341463e-01
-9.479198832583635159e-01
-9.693363024679770845e-01
1.212746534808175625e-01
1.871513559132016002e+00
-3.054825102681144600e-01
-1.821475005866262764e+00
-6.115328867246272448e-01
9.469487143038746169e-01
-1.521413876775028040e+00
-5.789113708142255010e-01
-7.627382868904835078e-01
3.551085724193732140e-01
6.618706924826025517e-01
7.548749063827286943e-01
-2.864336839435965842e-01
-2.355174417536969322e-01
-1.855178716766752167e-01
7.659878633173655693e-01
3.023706529733698467e-01
5.466422120797291839e-01
-5.636359317002046510e-01
-3.049093052186706565e-01
3.888155108232076440e-01
-7.602063517529118464e-01
4.892203478613297296e-01
5.073908456535674016e-01
-5.169349967925649381e-01
-1.315253863361574016e-01
6.929639386130288514e-01
-1.282692305214527817e-01
-7.878700372692801768e-01
1.348786911624151097e+00
1.202289698805480755e+00
3.173213522529685360e-01
8.646679112142163781e-01
-6.983331991306391817e-01
9.879101208022960101e-01
6.603560028571124896e-01
9.097377536548574284e-01
1.176132111287118143e-01
1.132657420009861582e-01
8.446154871946887077e-01
6.129054709441308368e-01
-5.302118417053809374e-01
1.042286429878459986e+00
4.426473420126852965e-02
-2.199574561806327822e-02
-1.201411027342773608e-01
9.466487714912483198e-02
5.682713589464825077e-01
-8.503544682187273995e-01
-8.193611007677930047e-01
-4.175171781383688607e-01
4.458388613572217274e-02
-4.910903017462988629e-01
9.305782438455327821e-01
5.260650876142072274e-01
6.524112987558172705e-01
-1.247923897772946766e+00
-9.396570879319571246e-01
4.119445939848715987e-01
4.876220406936426777e-01
-2.137424235028808628e-01
-8.265434426982243288e-01
6.267978946172512167e-01
-5.549011714217262359e-01
4.760803389760877025e-01
1.257707801047328822e+00
-6.206356540209052586e-01
-4.915468065866852587e-01
-9.607152904115643377e-01
-9.170366982646538379e-01
3.974253366737148241e-01
8.069716097013699407e-01
-5.490218381593661157e-01
-4.898479255483996209e-01
3.709110778153577037e-01
-7.023801390027200053e-01
-4.075696934877157673e-01
-4.008806757662866094e-01
1.423752626498509866e+00
-5.686636070779098606e-01
4.416293693494888206e-01
-3.292938115276403677e-01
1.739215260124928664e+00
7.156723921401417776e-01
7.292320090183481707e-01
9.568829382880610357e-01
1.423312253252314141e+00
8.275108704818767702e-01
-6.544961341529236254e-01
2.570734857365834514e-01
3.642029667283963601e-01
3.441562888835778988e+00
-6.776621970035516807e-01
8.033908358816117534e-01
8.700262983197020183e-01
-1.826747552739035330e+00
-6.063780162506171578e-02
2.238023376896445260e-01
-9.129802909013655654e-01
-9.167546437163018869e-01
-5.953316126101497741e-01
4.785242588442888412e-01
6.759605709443483601e-01
-7.877108599611633011e-01
-9.216321520172334747e-01
7.500388738314223147e-02
8.438742104286582890e-01
1.240527914911282448e+00
9.497860010647694029e-01
-9.652880970433597163e-01
4.072369902503907291e-01
-6.718667492322505375e-02
-5.487679402131129258e-02
-1.225056407206694287e+00
1.557956856802894974e+00
1.557516635583002795e-01
6.356911481140152809e-01
-7.657920241970215258e-01
-8.187970752073781000e-03
-2.596821295459899037e-01
-8.626397827067766588e-01
9.690701964242121047e-02
-2.402735487459808361e-01
3.065637050771234939e-01
8.111735002392332916e-01
-3.895584853418307958e-01
2.723318740131837057e-01
1.579118332048938811e-01
-4.714363181638967504e-01
-4.375191788000460935e-01
8.427051507534419894e-01
4.668559940200656122e-02
-9.852465199914233196e-01
1.215279606707448057e+00
7.168981127082476590e-01
-1.209913313380026390e+00
6.587380867910217486e-01
2.373004855517713008e-01
-2.621922099796538674e-01
-9.670099578524000705e-01
4.723114935893162336e-01
5.836175455059473549e-01
9.817652661555582583e-01
9.926070560461153214e-02
4.187341606843693054e-01
-4.821106840387721082e-01
6.670741807765414588e-01
-1.642927523619874819e-02
-4.149124717292063114e-01
-1.341807866662060533e+00
9.248541595603516630e-01
-6.752153874144533052e-01
9.639608916323505472e-01
3.694415697771697982e-01
9.559886110003934512e-02
-5.674458170524101508e-01
-3.266109027686712185e-01
9.282396584348666380e-02
-2.529642530643783083e-02
-2.096785193904302513e-01
2.067830926397366653e+00
-3.168655821519752447e-01
-1.780521417086745162e+00
-5.483041894601115018e-02
-1.155815692274842821e+00
-8.963996013908765992e-01
9.553648051128393881e-02
-7.243869839703840352e-01
-6.444689793984894610e-01
2.858141369886932903e-01
-3.589200908292653480e-01
-4.765158414356185368e-02
-3.680085611749859265e-01
-8.283416977891655542e-01
-9.269775457141062880e-01
-9.367450902834419946e-01
5.962128555379193617e-01
-8.739181037536569718e-02
5.348770014136734474e-01
5.553899043136465430e-01
9.441985293986707717e-01
-7.821232564018356648e-01
5.715767203510271344e-01
9.291059604820308682e-01
-8.220121531316095798e-01
1.600258445891816983e+00
-3.556780968599602133e-01
-8.490345008514188496e-01
-1.907731741261686764e-01
-5.280747044537648094e-01
9.909042496738817984e-01
3.131300183290903760e-01
8.664680328182263747e-01
-7.372721190793929402e-02
-1.966347584210884181e+00
3.405685634749240354e-01
-9.026945283443483792e-01
3.269882299482791410e-01
-8.165731711217594224e-02
8.610849099560711206e-01
7.245281629974249515e-01
-7.212821211892768147e-01
-1.186092340982696225e-01
-2.358397250929599842e+00
-7.997244411013806342e-01
-6.209051051491292217e-01
-9.410265572855696092e-01
4.642003864579358208e-01
-5.197691029550479680e-01
8.842913903068707615e-01
-1.645273288370398213e+00
4.025818381417960445e-01
-5.321027646562588309e-01
-1.115724292705906784e+00
-5.291053896581250360e-01
-5.772800420287602652e-01
8.929574927856642752e-02
3.757790015707471731e-01
6.598438373972193016e-01
-3.251587056869320591e-02
-8.379972668783487455e-01
-1.060877844116568491e+00
-1.612405689664098141e-01
-2.386166544151642199e-01
1.752659105210632728e-01
6.943003691537186217e-01
-9.682227196243095024e-01
1.417034483017522106e+00
4.324207280222689409e-01
4.329294740654776597e-02
3.138631707188757058e-01
-4.304524564321536850e-01
8.029388386143347933e-01
4.068641715476979392e-01
