-9.232656196918498370e-01
1.149251641939597890e-01
4.467242038400189297e-01
-1.029869324851616419e+00
-6.521296977104671377e-01
-3.293287399411892191e-01
-1.237966858306810414e+00
2.768026033008874967e-02
3.740849193544244500e-01
1.044511284881080915e+00
2.668369063490858700e-02
5.705538045127120927e-01
6.933835184125373974e-02
-2.577019814431987244e-01
-5.227388870689473332e-01
-8.571199254891498365e-01
-4.202174866934409891e+00
-6.064061584130954197e-01
-1.315642413901379815e+00
-2.080564680214175066e+00
1.314321084839515485e+00
1.735403405756240192e+00
-1.438591125795791736e-01
-8.505286756921703883e-02
-2.863135508071082969e-01
1.848336413992180738e+00
-1.447640432624067941e+00
1.734598586975749424e+00
9.684654250782904761e-01
-4.575702364425420776e-01
1.219857108909686572e+00
-2.330072040583110571e+00
-1.166811134355336677e+00
7.298586321546178812e-01
5.603796780186791615e-01
1.078890713454301098e+00
6.627718447355913645e-01
3.244184842268122426e-01
2.443824428686875549e+00
-3.870730844147099448e-02
-1.527680402626984124e-01
8.541426020845334088e-01
1.561885109752198186e+00
6.843374121613526873e-01
2.222492834495295000e+00
-2.054385582505070751e+00
-3.442244174315066685e-01
-1.176577054152044971e-01
2.037648904324080856e-01
2.228699349644302219e-01
-5.347173559476143812e-01
-2.050921733113761913e+00
1.342699010137451188e+00
5.264422859414866762e-01
2.085103972886250268e-01
2.373638391526366132e+00
7.398032258312938758e-01
-1.196416224819444762e+00
-1.440631411930839156e-01
-6.294755001900211866e-01
-1.971525110860397056e+00
-2.234811022767290378e+00
-1.355919540379698862e+00
2.454516542857735573e+00
5.612191663191007374e-01
2.793399971719283670e+00
-8.199902801880813996e-01
3.341255864810833698e-01
8.989276836743544281e-04
-1.188832455962930412e+00
-3.167939897769088908e+00
5.504571062955971872e-01
5.731435069238177693e-01
1.575179266430906555e+00
6.334773288843570382e-01
-9.275568527167306343e-02
1.903219663441205189e-01
5.119594965830853717e-01
-2.956950024034467717e+00
-2.709029697667058034e-01
1.554073286753513861e+00
4.480989189984468934e-01
-4.711450998434383863e-01
-1.680407763032387147e-01
-2.358000202784706012e+00
1.721431374209722254e+00
-5.134119947393255279e-01
2.843952935709614493e+00
-8.959128603091679466e-01
-3.491460357937059555e-02
-2.790927217793605086e-01
1.881286096275239128e+00
1.382466343509039242e-01
4.130815656657760293e-01
5.626942246414775584e-01
2.779419923033465967e-02
1.024896018299054079e+00
4.613014556612868855e-01
1.006928113979221467e-01
2.599491094481217179e-01
-8.073557099415470395e-01
-4.339359454597412347e-01
-2.465540302192904765e+00
-2.935800945106905147e+00
1.266003913722444807e+00
-1.629958242749799169e+00
-7.515907020200235378e-01
1.225291610729612124e+00
1.797374972093818801e+00
-7.216177384108590775e-01
-3.648649330587145911e-01
1.868722582014538558e+00
2.200679871057350745e+00
-1.854953416080008299e+00
-6.138579083959333493e-01
1.216848262786217383e+00
-1.124263471951414850e+00
-1.434405341032360948e+00
5.918517821076726415e-01
3.007988745517905516e-01
-4.500498367446188475e-01
3.375779523374804914e+00
1.156166562840300394e+00
1.207360587138575636e-02
-2.052031937672032846e+00
-1.234121288622125334e-01
3.245571403816935874e-01
-6.661638438423149455e-02
1.405050918813019578e+00
-3.091787097447983856e-01
1.548182771090615750e+00
8.610841215567158757e-01
-1.475282738798745719e+00
3.977148063172661341e-03
2.698932074902555378e+00
-7.331784616668729493e-01
6.037224039285450372e-01
-3.182809056459645181e+00
7.217517083632742914e-01
-2.172084487942043118e-01
-1.228737441422437682e+00
-1.365520160288246743e+00
3.081752569436604361e-01
1.132462141676304990e+00
-2.123683541488182946e+00
2.059372310442596277e+00
8.494058345372996754e-01
-1.604337281836608176e+00
1.672699162227221592e+00
-5.656018014419265105e-01
1.540206503226653201e+00
5.481995186867039127e-04
1.210445943124084600e+00
-9.813858578079557304e-01
-2.593711996463939240e+00
-9.309749714428874334e-01
2.398926899674464763e-01
7.791684206003932633e-01
1.932903461119187982e+00
-5.072297472579350153e-01
-6.089432704457717893e-01
-8.166097034275047184e-01
4.006795244079493501e-01
8.141484949555619632e-01
1.528707563706140693e+00
-7.376598155793659961e-01
8.108710861693114308e-03
1.033569207190329298e+00
5.038227612142567313e-01
5.927311199455573831e-01
-1.342744359296986767e+00
1.085244671480592782e+00
1.452091205095985993e+00
-2.753964487977675346e-01
-3.318294090618212344e-01
1.915476187690824172e+00
2.460658439851421408e-01
-1.435806893229079617e-01
1.107116064247343212e+00
7.114139225952077483e-01
1.432694922980862984e+00
1.216737066607797235e+00
2.058580937179526060e+00
1.457782010345420654e+00
5.438601242946219383e-01
2.115592086586859377e+00
4.725160140057947378e-01
-2.450351297795871908e-01
-1.870780089488847331e+00
-3.010992296067132035e+00
1.245478027092691953e+00
-6.694646047588119486e-02
5.842581105074765579e-01
2.516758593731468707e+00
1.555671523694512615e-01
-2.008618697802999620e-01
1.292865772812702208e+00
-1.280401326759621483e+00
1.117810742715012573e+00
6.579417875913101676e-01
2.358681624989332204e-01
-7.749213673133418245e-01
-1.553369375408823361e+00
3.875122556968468301e-01
-9.507780033168325984e-01
1.202491441492970381e+00
1.201221690076105020e+00
-6.474766615624974464e-02
5.417138045501290744e-01
-9.425134290481930188e-01
8.526549798905204147e-01
-1.833167853415886006e-01
-1.008968576705863818e+00
-5.354616082565597512e-01
-1.465520051956187730e+00
-1.046343975468257970e+00
3.203774455647279695e-01
-1.808602324809234774e-01
-1.682493733793902102e+00
-1.923690432487477731e+00
-8.655798609266968091e-01
-2.550237737343084454e+00
1.084072386462677118e+00
1.975863218257566944e-01
9.079459255222468439e-01
-6.255113984043008113e-01
3.252512788893718865e-01
-2.651882524651651973e-01
-8.075400070451588252e-01
-2.539225927848066000e+00
-3.025342416852597194e-01
9.845210996900601863e-01
4.378364454418745555e-01
3.448788129156276083e-01
-1.520152420820560346e+00
1.427699471522175800e-01
2.215073682766250385e-01
1.566784423019596417e+00
-5.934709060573046813e-01
-3.957297479046430144e+00
-1.924176539639436800e+00
-8.232601596910318342e-01
1.658994136235607098e+00
5.992561228110533378e-01
7.335699667359498743e-01
2.769293018157605424e+00
2.264744653673161690e+00
-1.689881453744753737e+00
1.048605620096508595e+00
-9.528098273493131876e-01
-1.072910740589426482e+00
6.316977584052418937e-02
3.371401366681330281e-01
1.083926996497379447e+00
-3.630879679113171998e-01
-7.333929789333887284e-01
2.803131943660275294e-01
1.617155695305746210e+00
-1.263425750953973692e+00
2.028208147964067065e-01
5.288593175212642494e-01
5.495872747706019579e-02
2.375668660293200063e-01
7.714129866143043524e-01
-4.097037807631385142e-01
1.079038034695687098e-01
-4.199107800252210865e-02
-8.670790847648437438e-01
2.458447628575906596e-01
-1.380618788686610587e-01
6.829629247803470360e-01
2.000656593891766644e+00
-4.646222352139605105e-01
-6.603912288570729094e-01
-3.469271569277043166e-01
-8.638645345696083222e-01
-9.039672554107337499e-01
-7.862223706054828343e-01
1.213969122010410739e+00
1.119522311722084940e+00
-1.655341395010670347e+00
-9.705081721116695093e-01
-5.000626954330021912e-01
6.492120799216659632e-01
1.421261706261269353e+00
5.205034613673460431e-01
-1.796039965226412516e-01
-2.974587778140118655e-01
-1.331350525593673506e+00
-1.454211288335772734e+00
1.606079471724384256e-01
-1.250967531085424245e+00
-1.632719864503120455e-01
3.184085364854779554e-01
2.072826509985177257e-01
5.806174372859924659e-01
1.051452433728040647e+00
4.053540461853533117e-01
5.984993389692491172e-01
-2.891374194192767311e-01
-9.591294950048616652e-01
-4.110538439607480665e-02
4.666357616406662245e-01
-8.795308683099285485e-01
-6.981453336464986670e-01
-1.558300448781446468e+00
-2.040233592303304089e-01
6.774202998975037415e-01
1.358414094756309032e+00
-1.061592489444905363e+00
-6.350739669064295878e-01
5.536394203320672558e-01
-1.656522277405080013e-02
8.471911602945444431e-01
-1.045037636766397604e+00
-2.320103912474845487e+00
-1.919497106581983026e+00
6.061064680641763402e-01
-1.478537451394286384e+00
1.374150960146331091e+00
7.927745504391089382e-01
1.359010617434071866e-01
3.736385821753569481e+00
-2.626391358651838814e+00
-1.697133517299327377e+00
-8.320489033217497443e-01
-7.535479780132671168e-01
-1.501364278343186420e+00
1.508397133550634539e+00
-1.877836547833731551e+00
-5.649058764281577050e-01
8.072258783963777162e-01
4.126590532021666702e-01
-6.961908943285566309e-02
-1.293483860998978718e+00
-1.098234427740540919e+00
1.385532817597351585e+00
3.465158843512486930e-01
1.295797447145768722e+00
1.341184821716164155e+00
4.295059172996034680e-01
1.439141389420972805e+00
2.323261145528919269e-01
1.501029242473251424e+00
-9.009291007686126562e-01
2.184504238943564491e+00
-5.385785234953592571e-02
5.055648723986144732e-01
4.258780153308523997e-01
2.875752045460519893e-02
-1.820062305607860864e+00
-4.298964717846995853e-01
2.648153875274012470e-01
-4.994173018872273273e-01
2.807163404458608902e+00
-8.868452306932749218e-01
5.333979963880389891e-02
7.305106978778749816e-02
1.315426899924017512e+00
1.607988753444403285e+00
-2.103139068383008237e+00
2.193933208431834370e+00
-1.331892358395734055e+00
4.810128433340408738e-01
7.274387812959034472e-01
-5.522492625938439925e-01
4.865003075777923902e-02
9.095270400711793490e-01
-1.151098773629465111e+00
2.952950943042689236e-01
1.069472292605380348e+00
1.224656016665878200e+00
9.128175349477312128e-01
1.000000000000000000e+00
-1.237966858306810414e+00
2.454577019914364056e-02
