7.615690569406208255e-01
-3.029612548540134842e-01
-2.765854123103601014e-01
-2.031074616845378322e-02
1.110118632699233165e+00
7.944212019719096851e-01
1.951604030114407473e-01
-6.991947531028147589e-01
-1.810302125966972153e-01
-1.863115855406902499e+00
4.878943146170647283e-01
-1.855073245306982643e-01
-3.227327483411154135e-02
4.298519197682937887e-01
-1.329812718441830244e+00
1.142652600962047904e+00
-5.720288279219201133e-01
-1.459425867248208109e+00
4.939544028732663628e-01
1.244663603833021437e+00
-3.653418949800880111e-01
-5.477875325618569713e-01
1.237192804689496217e+00
2.636310991864687647e-01
1.596764722422556737e-01
2.728977579032682566e-01
-1.569330522572604858e+00
5.359082397478412974e-01
4.489984873265867038e-01
-1.709022161750221480e+00
-7.137609230327187637e-01
8.214749475030700410e-01
8.791767842516581277e-01
-2.961275083452263313e-01
8.502954566164717676e-01
1.881432435175572071e-01
-1.081702907677833281e+00
-1.538167087175460912e+00
-3.882680102320709148e-01
4.125937263850774639e-01
-9.397011395945355228e-02
8.450825337017261463e-01
-1.420739414223902153e-01
-2.645095625516907800e-01
-7.909909610790767376e-01
-1.122571406190370213e+00
1.269881655725183522e-01
-2.685870671527222919e-01
-5.206361810357529318e-02
2.217301473315429483e+00
-6.406402557274227805e-01
-1.775238664689686496e+00
2.481592419160969232e-01
6.263622341066276134e-01
-6.586469113874663384e-01
-1.282012069530106546e-01
-5.986763105115929795e-01
-1.357141867952891268e+00
-1.714352564202409335e-02
2.280857209045696332e-01
1.253159994145759848e+00
-9.201054578567261499e-01
6.979626722817536266e-02
2.034743146391070567e+00
1.476072561724043553e+00
-4.697921979610175103e-01
5.869873283997685265e-01
4.150119887457189849e-01
1.659700982018505799e+00
1.514670353901474975e+00
1.013835836858881345e+00
9.145083732645926666e-01
-2.160176108030797515e+00
-1.715249292627996081e+00
4.773209616057007554e-01
-1.032482983608123073e+00
5.889261649969436130e-01
1.038407091548211536e+00
-1.051802721145102870e+00
-2.548894546843532005e-01
3.078130157710975978e-02
-7.282690093352499616e-01
1.068569304228665473e+00
-5.551342350386507807e-01
8.149355579186621235e-01
2.289697077730282193e-01
5.747001291738288442e-01
1.415290773516796330e+00
-1.206106352415978522e+00
-3.622133197909430669e-01
-1.209356952481666359e-01
-1.454718237892569821e+00
-1.777714945105944633e+00
1.271965140297485419e+00
1.826677748921362032e-01
4.094323036859601195e-01
-3.653330425197708342e-01
1.625360443158307300e+00
-1.000267578694816972e+00
2.619798155674000761e-01
-2.597284703046780940e+00
1.518109278935844575e+00
1.513576424546375865e+00
6.064645446991951960e-01
-1.235913522814646281e+00
7.229049517057257734e-01
2.367953419514506219e+00
-8.060750085073330462e-01
-5.553168284957591544e-02
-3.095072041854807776e-01
-6.038537996384676365e-01
1.010498493936454967e+00
1.336799472341358319e+00
3.385050863786673858e-01
8.293559326647125252e-01
2.105470869471531004e-01
-8.529381017122900088e-01
6.450473275600281282e-03
3.246383519587047739e-01
9.037714455347500841e-01
7.656426713142854695e-03
-5.446401617661952299e-01
7.722509952816307699e-01
4.523618713450924811e-01
6.552081276825804431e-04
1.551569793136672981e+00
-7.073716089409105845e-02
2.608932471980014989e-01
5.216637596595764537e-01
-2.627294839229597501e-01
-5.760416607134413169e-01
-6.400976272353618990e-01
-4.043604477053638901e-01
3.186792695414502607e-01
-4.316367255840005690e-01
1.983741775767023707e+00
-7.423258775284764799e-02
-3.951923347666139175e-01
1.856537070929130950e-01
-1.465564277468808907e+00
-9.390640455812938603e-01
-2.330044446757735810e-01
-1.373530351667818117e+00
5.163114480402907214e-01
3.583879543819265545e-01
-5.407563017555461204e-01
1.157261705379344641e-01
6.446892200115396099e-01
3.880322304684295509e-01
1.719009507443793661e+00
8.984734154100189052e-01
3.045384270394767001e-01
2.044611801665874862e-01
-6.424053725579208507e-01
-3.122377251974295942e-01
-1.162742160435370042e+00
8.261604907438714340e-01
7.826977499076595013e-01
-3.014950848538233696e-01
3.541159414745538858e-01
-2.842237612379914680e+00
-2.104839206338152691e-01
5.180119236571985031e-01
-3.489513679003233837e-01
-2.145008584980136135e+00
2.671889293379876573e-01
1.429146302699856097e+00
1.987620400004972698e-01
-2.221018379701572787e+00
1.084785165433333809e+00
1.077480241940554501e-01
-2.620623797964601320e-01
6.113483615609839328e-01
-5.276447680096206794e-01
-3.403253589453618111e-01
2.723008463929200706e-01
-1.447116645520511780e+00
-7.774631844247513746e-01
4.533506152104462283e-01
-9.936635358090933900e-01
-2.739929740795427060e-01
6.643651780428935227e-01
8.764191020927262210e-01
-1.675122219307509486e+00
-2.097401031702451346e-01
-7.276070938427404711e-01
-1.361841018147222693e+00
1.404940370870572108e+00
-1.830351028098123056e-01
1.020636459367922910e+00
-1.053461366682129086e-01
4.457585672925015174e-01
-5.728693565910581986e-01
3.153091432034783037e-01
-3.005608876645405658e+00
1.105743330186917506e+00
5.111640959936076811e-01
6.607629805703227888e-01
-8.241275257417749467e-01
5.342102728540378820e-01
1.054621580174152362e-01
1.139545140372486109e+00
1.196965107835322506e+00
7.202619106080913047e-01
2.871671502020246347e+00
-1.644405876579549508e+00
1.726934350134847612e-02
1.652766117921347089e+00
7.951567324937754977e-01
-7.821149923464785214e-01
-8.493674436058737953e-01
-5.154290626108031237e-01
2.163173496335125123e-01
-3.777157342063112155e-01
-6.353089981585482993e-02
-2.329658240791159796e-01
-6.389842148558404038e-03
2.483812980261034919e+00
2.808934258299554676e-01
-1.306857077941419032e+00
-1.731780383437330206e+00
1.860102746253063100e-01
1.012845801419154368e+00
1.059653868456111425e+00
1.462372495844433684e-01
1.736724359756444569e+00
8.119568371723409062e-01
-2.943901288547373096e-01
1.548245937509981740e+00
1.771711801233798900e+00
-1.068907036916833864e+00
5.426414242056146753e-01
2.325549566374894628e+00
-1.823226703325201703e-01
1.044398324745513529e+00
-2.810976787182718484e-01
-1.284176373969612595e+00
-9.063149595821249349e-01
-7.928721755717409447e-01
-4.037814342500253839e-01
-8.339175875900857182e-01
1.868663757424761096e-01
-3.473763765974409723e-01
-1.181841300813351314e-01
9.324336213283914709e-01
-2.698300410894163837e-01
3.029473318232644985e-02
4.843028602880052325e-01
4.379256351520793844e-02
-1.924231544990624876e+00
-1.357047859328990025e-01
-1.996912904445157899e+00
-1.567685530236241132e+00
2.615124952784787293e+00
-4.892390947640969934e-01
3.139035538231999545e-01
4.170438335072918501e-01
-9.781852110956892332e-01
9.561217746277645979e-01
-9.782150109916455394e-01
4.814927889507440439e-01
-1.911040510807703874e-01
-1.669124243607378322e+00
-1.094811604580955056e+00
1.461757330651406894e+00
5.541624689584941921e-01
6.329890803433433355e-01
4.598732123550314244e-01
6.919644903525051793e-01
-1.172791519009793060e+00
1.143175216051474097e+00
4.975638626752790783e-01
-1.110703960395923451e+00
1.105824028118924524e-01
1.791412362309071860e+00
-3.672621091843619734e-01
4.332379535902152745e-01
-1.796891277000064457e-01
-1.089694236916152859e+00
-1.948298380685099751e+00
-8.282083718640539383e-01
6.394278702815233695e-01
4.276410552023163780e-01
-8.214500154797309550e-01
2.747728346510106556e-01
2.016919987749989929e+00
4.599270090637715414e-01
7.117158857738692390e-01
-5.791519554820337978e-01
-6.808758774574008577e-01
-7.090950940286750992e-01
-8.718824817013608452e-01
-3.899459640410544714e-01
-1.303151556744459816e+00
-3.029681049863510167e-01
7.271449320947651618e-01
3.856008696841393794e-03
-1.895193759106557296e+00
1.227288022730396388e+00
-8.187042366266695792e-01
8.901280822992581054e-01
1.766205718500236665e+00
9.954280795103471746e-01
-1.137059129202847352e+00
5.910706431509094028e-01
-3.226435389078192162e-01
-2.511435662764502919e-01
1.559304009033802396e+00
2.604140443020125928e-01
1.173426793574781968e+00
-7.755437461794646367e-03
-2.276770364927882540e+00
8.527439573466031320e-01
-1.133994200291125409e+00
-4.954750314794177379e-01
-3.758683156615846288e-01
-2.296983023429026438e-01
1.460785907768960556e-01
1.213430840516862425e-01
-1.013880118907143579e+00
-3.983666352513689501e-01
-8.222706480038991517e-01
-1.171518052341118166e+00
-7.696901797731792172e-02
-8.022844023210991271e-02
-1.851199324727474282e+00
-5.082437924454242806e-01
-6.173276004673259321e-01
-1.085812062041855569e-01
-1.607754856675710498e+00
-1.995606237877607381e-01
-5.156083426358131216e-01
1.065272211134491442e+00
3.582363993888911247e-01
-2.136782337591437153e-01
-9.362744478105078372e-01
-8.640714170249617077e-01
2.186923212722596155e+00
1.372043805131785810e+00
1.370420608118541717e+00
9.489063273205508020e-01
7.269834300576237807e-01
-1.956903676077329290e+00
-1.410642692645112772e+00
9.065796180891664280e-01
4.729289749458184811e-01
6.798489271307638360e-01
-1.608202097315655499e-01
5.388242226603406904e-01
-3.791640380798009802e-01
-4.189526432240229248e-01
7.439441286320503943e-01
1.191187273735475172e+00
1.007736350653406054e+00
5.531162321345465260e-01
-1.711638655809847587e-01
1.123028013109063306e+00
-1.896985117321041026e+00
-1.388471411277504064e+00
7.376417392203131751e-01
-4.498720772526270673e-01
3.800744004591255498e-01
-2.440616879187137434e-01
-3.473530280390864644e-01
7.312413449439154611e-01
-2.118013180979302079e-01
-7.971691250143703167e-01
2.509518104695215857e-01
-1.447859782582723742e+00
-3.117550220162706442e-01
-2.191956637380139128e+00
-1.366316217962297852e+00
2.012953876965244415e+00
1.120528478376783710e+00
-3.871420343657707153e-01
5.987426717698909329e-01
-6.637186969002446535e-01
-3.133827815508311687e+00
8.693813933282164008e-01
-1.396505561753650371e-01
-1.111755324885696838e+00
-1.273983812282550199e+00
-7.664582997675727372e-01
8.891814502222687988e-01
2.043490495456721234e+00
4.451324930375658018e-01
7.106349198973412884e-01
9.908632239148817966e-01
1.736440080211674661e-02
-7.182395403475363427e-01
4.276205449261865077e-01
-9.232021123065671242e-01
-1.325582055277434002e+00
5.067243994081618297e-01
-5.775060198464059269e-01
-1.515240332362745024e+00
1.931879345792977709e+00
7.746583285559692778e-01
-1.810498630537550613e-02
-1.058232519901638247e+00
6.574587592104614853e-01
2.305858426800989402e+00
-2.940195146070427312e-01
1.106067230392358436e+00
6.301433260814951476e-01
2.109563170811755928e+00
-3.500136961727783741e-02
-4.950269584049323268e-01
1.564125381759460531e-01
3.467851427005296250e-01
-1.010912624281343541e+00
-1.177420224450593578e+00
-8.925781428206077672e-01
-8.330535138589396649e-01
3.714721019812182723e-01
-1.870615885766729602e-01
1.095896999424270657e+00
1.024697913324474019e+00
-4.553767413909360490e-02
-8.817814925053435449e-01
-8.493193218677497214e-01
6.301010263989335058e-01
9.775816265046296527e-01
-5.809315550696969588e-01
-3.942221334122357757e-01
-1.014069161633826432e+00
-2.813835406899208857e-01
-3.519024152877137657e-01
6.707461103360262689e-01
9.389590090915784781e-01
1.081329203196073951e+00
1.387829729885364793e+00
5.149184157008979135e-01
1.081539182238916208e+00
-1.957714340358148508e+00
-6.199702436938442363e-01
-7.546251041574576490e-01
4.502163414728665436e-01
-1.103975316806887541e+00
-1.785161514150304107e+00
-3.321847548958585250e-01
1.868548021596720954e+00
1.261565603082278386e+00
-6.445931864537881584e-01
-5.077415076575760855e-01
6.849897366071340254e-01
-2.863688799002029217e+00
2.461084361269445242e-01
-5.980550011388092724e-01
-1.751332070009512076e+00
-2.203183712403406214e-01
-8.234982545724455205e-01
-1.414648716941418582e+00
1.897820861578301432e+00
-2.148295169649257486e-01
1.228788945134498961e-01
-1.469343158946882777e-01
9.987364333906214586e-01
4.311301768363349218e-01
2.322092046261210907e+00
6.140501000666027664e-01
7.713735131170547099e-01
-9.736946258211292005e-01
5.069057427974429375e-01
-1.656523420687082693e+00
-1.394242875784407849e-03
-1.057975025899509314e+00
-3.644828681697070416e-01
7.090184655186804186e-01
3.953749071205350241e-01
2.267249708905025030e-01
-1.987388871857922457e+00
1.499224241447697725e+00
-7.590775638159620309e-01
-2.098596432785000132e-01
-1.445184531050282439e+00
-9.723107901230878050e-03
-1.292619952963057539e+00
8.646832401210384766e-01
6.348007480177491058e-01
3.739564140511812962e-01
-7.709788458060283789e-01
-1.644963295702135397e+00
-3.004081833477367791e+00
-9.582834372411620782e-02
1.052269439844222276e+00
1.720069871658304272e+00
1.830194694932004262e+00
1.113682935230052573e+00
-3.011959283316139047e-01
1.499363459097492912e+00
6.555952494411411147e-01
-5.276523471476343707e-02
8.455507663275008134e-01
2.250845137638979754e+00
8.527802846805248027e-01
1.107743086254883824e+00
-1.924836692446522113e-01
-2.520143911249796420e-01
9.512806480884069549e-01
-4.430316255868997355e-01
-4.182499236700530365e-01
-1.182112586000274024e-01
1.255546539284015495e+00
-2.410470972717073668e+00
1.135438048856608623e-01
-4.394369477049011596e-01
-2.807727510080295086e-01
4.308907392317319340e-01
1.723954322265330574e-01
1.187308485987621287e+00
-1.237882612843949737e+00
7.826051508089889586e-01
1.435596071725243394e+00
1.232557259793350513e+00
-2.924298367063957182e-02
2.786204841876800953e-01
-1.582046577301683410e-01
1.656356862664225993e+00
6.978295816347364067e-01
5.251353742072537717e-02
-3.491272611873016407e-01
7.511130930035065933e-01
1.807141111823332980e-01
6.065623394856994866e-01
-7.250454792827374373e-01
-5.412834212016257585e-01
1.440586061955883845e-01
1.122401570869788756e+00
-6.440636231135522805e-02
-5.244547221100746004e-01
-4.780430552679878486e-01
-4.429344918872404890e-01
-5.146714103148435360e-01
-1.200754045798789514e-03
2.238039248198730180e-01
4.756029282429007354e-01
-2.390221814607712825e-01
5.620403648644888284e-01
-1.682628346984855749e+00
-5.530565913894831542e-01
-3.397678204039022432e-01
-7.729830704191649193e-01
1.511946189735567103e-01
-6.507570110785335649e-01
-3.702970905958213876e-01
4.049020829503953700e-01
1.765774188662690147e-01
-3.968149820679468115e-02
-6.944972417482520033e-01
1.623064816292253187e+00
7.544243505744382405e-01
-2.468889969157157249e-01
-5.886152037896448530e-02
1.549601964551372113e+00
-2.369287597297553560e-01
-8.811202154107181661e-01
1.219374886732946806e+00
-1.427195605123450450e+00
-1.594564704015237755e+00
2.238245162936291610e+00
2.075111474251685628e+00
6.935876401466597452e-01
6.005801444238369202e-02
-4.739675873045016141e-01
-1.214824522706902110e+00
2.399487164013377694e+00
1.104102598250814360e+00
1.566041070929331980e+00
8.380261309694624072e-02
-2.129604461990526609e-01
-6.166295787015634300e-01
7.199172428412600189e-01
-3.095275987104164073e-01
1.000000000000000000e+00
1.105743330186917506e+00
